fire : 1
1,8 | 2,3 | 3,0 | 4,1 | 5,4 | 6,7 | 7,5 | 8,6 | 9,2 | 
fire : 2
1,8 | 2,3 | 3,0 | 4,1 | 5,4 | 6,7 | 7,5 | 8,6 | 9,2 | 
fire : 3
1,8 | 2,3 | 3,0 | 4,1 | 5,4 | 6,7 | 7,5 | 8,6 | 9,2 | 
fire : 4
1,8 | 2,3 | 3,0 | 4,1 | 5,4 | 6,7 | 7,5 | 8,6 | 9,2 | 
fire : 5
1,8 | 2,3 | 3,0 | 4,1 | 5,4 | 6,7 | 7,5 | 8,6 | 9,2 | 
fire : 6
1,6 | 2,5 | 3,7 | 4,0 | 5,1 | 6,8 | 7,3 | 8,4 | 9,2 | 
fire : 7
1,6 | 2,5 | 3,7 | 4,0 | 5,1 | 6,8 | 7,3 | 8,4 | 9,2 | 
fire : 8
1,6 | 2,5 | 3,7 | 4,0 | 5,1 | 6,8 | 7,3 | 8,4 | 9,2 | 
fire : 9
1,6 | 2,5 | 3,7 | 4,0 | 5,1 | 6,8 | 7,3 | 8,4 | 9,2 | 
fire : 10
1,6 | 2,5 | 3,7 | 4,0 | 5,1 | 6,8 | 7,3 | 8,4 | 9,2 | 
fire : 11
1,6 | 2,5 | 3,7 | 4,0 | 5,1 | 6,8 | 7,3 | 8,4 | 9,2 | 
fire : 13
1,5 | 2,2 | 3,0 | 4,3 | 5,7 | 6,8 | 7,6 | 8,1 | 9,4 | 
fire : 14
1,5 | 2,2 | 3,0 | 4,3 | 5,7 | 6,8 | 7,6 | 8,1 | 9,4 | 
fire : 15
1,5 | 2,2 | 3,0 | 4,3 | 5,7 | 6,8 | 7,6 | 8,1 | 9,4 | 
fire : 16
1,5 | 2,2 | 3,0 | 4,3 | 5,7 | 6,8 | 7,6 | 8,1 | 9,4 | 
fire : 17
1,5 | 2,2 | 3,0 | 4,3 | 5,7 | 6,8 | 7,6 | 8,1 | 9,4 | 
fire : 18
1,5 | 2,2 | 3,0 | 4,3 | 5,7 | 6,8 | 7,6 | 8,1 | 9,4 | 
fire : 19
1,5 | 2,2 | 3,0 | 4,3 | 5,7 | 6,8 | 7,6 | 8,1 | 9,4 | 
fire : 20
1,5 | 2,2 | 3,0 | 4,3 | 5,7 | 6,8 | 7,6 | 8,1 | 9,4 | 
fire : 21
1,5 | 2,2 | 3,0 | 4,3 | 5,7 | 6,8 | 7,6 | 8,1 | 9,4 | 
fire : 22
1,5 | 2,2 | 3,0 | 4,3 | 5,7 | 6,8 | 7,6 | 8,1 | 9,4 | 
fire : 23
1,5 | 2,2 | 3,0 | 4,3 | 5,7 | 6,8 | 7,6 | 8,1 | 9,4 | 
fire : 24
1,7 | 2,4 | 3,5 | 4,2 | 5,8 | 6,6 | 7,3 | 8,0 | 9,1 | 
fire : 27
1,7 | 2,4 | 3,5 | 4,2 | 5,8 | 6,6 | 7,3 | 8,0 | 9,1 | 
fire : 29
1,7 | 2,4 | 3,5 | 4,2 | 5,8 | 6,6 | 7,3 | 8,0 | 9,1 | 
fire : 30
1,7 | 2,4 | 3,5 | 4,2 | 5,8 | 6,6 | 7,3 | 8,0 | 9,1 | 
fire : 31
1,7 | 2,4 | 3,5 | 4,2 | 5,8 | 6,6 | 7,3 | 8,0 | 9,1 | 
fire : 33
1,7 | 2,4 | 3,5 | 4,2 | 5,8 | 6,6 | 7,3 | 8,0 | 9,1 | 
fire : 34
1,8 | 2,6 | 3,3 | 4,1 | 5,4 | 6,2 | 7,5 | 8,0 | 9,7 | 
fire : 35
1,8 | 2,6 | 3,3 | 4,1 | 5,4 | 6,2 | 7,5 | 8,0 | 9,7 | 
fire : 36
1,8 | 2,6 | 3,3 | 4,1 | 5,4 | 6,2 | 7,5 | 8,0 | 9,7 | 
fire : 37
1,8 | 2,6 | 3,3 | 4,1 | 5,4 | 6,2 | 7,5 | 8,0 | 9,7 | 
fire : 38
1,8 | 2,6 | 3,3 | 4,1 | 5,4 | 6,2 | 7,5 | 8,0 | 9,7 | 
fire : 39
1,8 | 2,6 | 3,3 | 4,1 | 5,4 | 6,2 | 7,5 | 8,0 | 9,7 | 
fire : 40
1,8 | 2,6 | 3,3 | 4,1 | 5,4 | 6,2 | 7,5 | 8,0 | 9,7 | 
fire : 41
1,8 | 2,6 | 3,3 | 4,1 | 5,4 | 6,2 | 7,5 | 8,0 | 9,7 | 
fire : 42
1,8 | 2,6 | 3,3 | 4,1 | 5,4 | 6,2 | 7,5 | 8,0 | 9,7 | 
fire : 43
1,8 | 2,6 | 3,3 | 4,1 | 5,4 | 6,2 | 7,5 | 8,0 | 9,7 | 
fire : 44
1,8 | 2,6 | 3,3 | 4,1 | 5,4 | 6,2 | 7,5 | 8,0 | 9,7 | 
fire : 45
1,7 | 2,3 | 3,4 | 4,6 | 5,8 | 6,5 | 7,2 | 8,0 | 9,1 | 
fire : 46
1,7 | 2,3 | 3,4 | 4,6 | 5,8 | 6,5 | 7,2 | 8,0 | 9,1 | 
fire : 47
1,7 | 2,3 | 3,4 | 4,6 | 5,8 | 6,5 | 7,2 | 8,0 | 9,1 | 
fire : 48
1,7 | 2,3 | 3,4 | 4,6 | 5,8 | 6,5 | 7,2 | 8,0 | 9,1 | 
fire : 49
1,7 | 2,3 | 3,4 | 4,6 | 5,8 | 6,5 | 7,2 | 8,0 | 9,1 | 
fire : 50
1,7 | 2,3 | 3,4 | 4,6 | 5,8 | 6,5 | 7,2 | 8,0 | 9,1 | 
fire : 51
1,7 | 2,3 | 3,4 | 4,6 | 5,8 | 6,5 | 7,2 | 8,0 | 9,1 | 
fire : 52
1,7 | 2,3 | 3,4 | 4,6 | 5,8 | 6,5 | 7,2 | 8,0 | 9,1 | 
fire : 53
1,7 | 2,3 | 3,4 | 4,6 | 5,8 | 6,5 | 7,2 | 8,0 | 9,1 | 
fire : 54
1,7 | 2,3 | 3,4 | 4,6 | 5,8 | 6,5 | 7,2 | 8,0 | 9,1 | 
fire : 55
1,7 | 2,3 | 3,4 | 4,6 | 5,8 | 6,5 | 7,2 | 8,0 | 9,1 | 
fire : 56
1,7 | 2,3 | 3,4 | 4,6 | 5,8 | 6,5 | 7,2 | 8,0 | 9,1 | 
fire : 57
1,0 | 2,8 | 3,6 | 4,5 | 5,2 | 6,4 | 7,3 | 8,1 | 9,7 | 
fire : 58
1,0 | 2,8 | 3,6 | 4,5 | 5,2 | 6,4 | 7,3 | 8,1 | 9,7 | 
fire : 59
1,0 | 2,8 | 3,6 | 4,5 | 5,2 | 6,4 | 7,3 | 8,1 | 9,7 | 
fire : 60
1,0 | 2,8 | 3,6 | 4,5 | 5,2 | 6,4 | 7,3 | 8,1 | 9,7 | 
fire : 61
1,0 | 2,8 | 3,6 | 4,5 | 5,2 | 6,4 | 7,3 | 8,1 | 9,7 | 
fire : 62
1,0 | 2,8 | 3,6 | 4,5 | 5,2 | 6,4 | 7,3 | 8,1 | 9,7 | 
fire : 63
1,0 | 2,8 | 3,6 | 4,5 | 5,2 | 6,4 | 7,3 | 8,1 | 9,7 | 
fire : 64
1,0 | 2,8 | 3,6 | 4,5 | 5,2 | 6,4 | 7,3 | 8,1 | 9,7 | 
fire : 65
1,0 | 2,8 | 3,6 | 4,5 | 5,2 | 6,4 | 7,3 | 8,1 | 9,7 | 
fire : 66
1,0 | 2,8 | 3,6 | 4,5 | 5,2 | 6,4 | 7,3 | 8,1 | 9,7 | 
fire : 67
1,0 | 2,8 | 3,6 | 4,5 | 5,2 | 6,4 | 7,3 | 8,1 | 9,7 | 
fire : 68
1,0 | 2,8 | 3,6 | 4,5 | 5,2 | 6,4 | 7,3 | 8,1 | 9,7 | 
fire : 69
1,2 | 2,5 | 3,4 | 4,1 | 5,3 | 6,6 | 7,7 | 8,8 | 9,0 | 
fire : 70
1,2 | 2,5 | 3,4 | 4,1 | 5,3 | 6,6 | 7,7 | 8,8 | 9,0 | 
fire : 71
1,2 | 2,5 | 3,4 | 4,1 | 5,3 | 6,6 | 7,7 | 8,8 | 9,0 | 
fire : 72
1,2 | 2,5 | 3,4 | 4,1 | 5,3 | 6,6 | 7,7 | 8,8 | 9,0 | 
fire : 73
1,2 | 2,5 | 3,4 | 4,1 | 5,3 | 6,6 | 7,7 | 8,8 | 9,0 | 
fire : 74
1,2 | 2,5 | 3,4 | 4,1 | 5,3 | 6,6 | 7,7 | 8,8 | 9,0 | 
fire : 75
1,2 | 2,5 | 3,4 | 4,1 | 5,3 | 6,6 | 7,7 | 8,8 | 9,0 | 
fire : 76
1,2 | 2,5 | 3,4 | 4,1 | 5,3 | 6,6 | 7,7 | 8,8 | 9,0 | 
fire : 77
1,5 | 2,2 | 3,0 | 4,3 | 5,4 | 6,1 | 7,7 | 8,8 | 9,6 | 
fire : 78
1,5 | 2,2 | 3,0 | 4,3 | 5,4 | 6,1 | 7,7 | 8,8 | 9,6 | 
fire : 79
1,5 | 2,2 | 3,0 | 4,3 | 5,4 | 6,1 | 7,7 | 8,8 | 9,6 | 
fire : 80
1,5 | 2,2 | 3,0 | 4,3 | 5,4 | 6,1 | 7,7 | 8,8 | 9,6 | 
fire : 81
1,5 | 2,2 | 3,0 | 4,3 | 5,4 | 6,1 | 7,7 | 8,8 | 9,6 | 
fire : 82
1,5 | 2,2 | 3,0 | 4,3 | 5,4 | 6,1 | 7,7 | 8,8 | 9,6 | 
fire : 83
1,5 | 2,2 | 3,0 | 4,3 | 5,4 | 6,1 | 7,7 | 8,8 | 9,6 | 
fire : 84
1,5 | 2,2 | 3,0 | 4,3 | 5,4 | 6,1 | 7,7 | 8,8 | 9,6 | 
fire : 85
1,5 | 2,2 | 3,0 | 4,3 | 5,4 | 6,1 | 7,7 | 8,8 | 9,6 | 
fire : 86
1,5 | 2,2 | 3,0 | 4,3 | 5,4 | 6,1 | 7,7 | 8,8 | 9,6 | 
fire : 87
1,5 | 2,2 | 3,0 | 4,3 | 5,4 | 6,1 | 7,7 | 8,8 | 9,6 | 
fire : 88
1,5 | 2,2 | 3,0 | 4,3 | 5,4 | 6,1 | 7,7 | 8,8 | 9,6 | 
fire : 89
1,3 | 2,4 | 3,7 | 4,5 | 5,0 | 6,6 | 7,2 | 8,8 | 9,1 | 
fire : 90
1,3 | 2,4 | 3,7 | 4,5 | 5,0 | 6,6 | 7,8 | 8,2 | 9,1 | 
fire : 91
1,3 | 2,4 | 3,7 | 4,5 | 5,2 | 6,6 | 7,8 | 8,0 | 9,1 | 
fire : 92
1,3 | 2,4 | 3,7 | 4,5 | 5,2 | 6,6 | 7,8 | 8,0 | 9,1 | 
fire : 93
1,3 | 2,4 | 3,7 | 4,5 | 5,0 | 6,6 | 7,8 | 8,2 | 9,1 | 
fire : 94
1,3 | 2,4 | 3,7 | 4,5 | 5,2 | 6,6 | 7,8 | 8,0 | 9,1 | 
fire : 95
1,3 | 2,4 | 3,7 | 4,5 | 5,0 | 6,6 | 7,8 | 8,2 | 9,1 | 
fire : 96
1,3 | 2,4 | 3,7 | 4,5 | 5,0 | 6,6 | 7,8 | 8,2 | 9,1 | 
fire : 97
1,3 | 2,4 | 3,7 | 4,5 | 5,2 | 6,6 | 7,8 | 8,0 | 9,1 | 
fire : 98
1,3 | 2,4 | 3,7 | 4,5 | 5,0 | 6,6 | 7,8 | 8,2 | 9,1 | 
fire : 99
1,3 | 2,4 | 3,7 | 4,5 | 5,0 | 6,6 | 7,8 | 8,2 | 9,1 | 
fire : 100
1,3 | 2,4 | 3,7 | 4,5 | 5,0 | 6,6 | 7,8 | 8,2 | 9,1 | 
fire : 101
1,3 | 2,4 | 3,7 | 4,5 | 5,0 | 6,6 | 7,8 | 8,2 | 9,1 | 
fire : 102
1,3 | 2,6 | 3,4 | 4,5 | 5,8 | 6,0 | 7,2 | 8,1 | 9,7 | 
fire : 103
1,3 | 2,6 | 3,4 | 4,5 | 5,8 | 6,0 | 7,2 | 8,1 | 9,7 | 
fire : 104
1,3 | 2,6 | 3,4 | 4,5 | 5,8 | 6,0 | 7,2 | 8,1 | 9,7 | 
fire : 105
1,3 | 2,6 | 3,4 | 4,5 | 5,8 | 6,0 | 7,2 | 8,1 | 9,7 | 
fire : 106
1,3 | 2,6 | 3,4 | 4,5 | 5,8 | 6,0 | 7,2 | 8,1 | 9,7 | 
fire : 107
1,3 | 2,6 | 3,4 | 4,5 | 5,8 | 6,0 | 7,2 | 8,1 | 9,7 | 
fire : 108
1,3 | 2,6 | 3,4 | 4,5 | 5,8 | 6,0 | 7,2 | 8,1 | 9,7 | 
fire : 109
1,3 | 2,6 | 3,4 | 4,5 | 5,8 | 6,0 | 7,2 | 8,1 | 9,7 | 
fire : 110
1,5 | 2,3 | 3,0 | 4,7 | 5,4 | 6,2 | 7,8 | 8,1 | 9,6 | 
fire : 111
1,5 | 2,3 | 3,0 | 4,7 | 5,4 | 6,2 | 7,8 | 8,1 | 9,6 | 
fire : 112
1,5 | 2,3 | 3,0 | 4,7 | 5,4 | 6,2 | 7,8 | 8,1 | 9,6 | 
fire : 113
1,5 | 2,3 | 3,0 | 4,7 | 5,4 | 6,2 | 7,8 | 8,1 | 9,6 | 
fire : 114
1,5 | 2,3 | 3,0 | 4,7 | 5,4 | 6,2 | 7,8 | 8,1 | 9,6 | 
fire : 115
1,5 | 2,3 | 3,0 | 4,7 | 5,4 | 6,2 | 7,8 | 8,1 | 9,6 | 
fire : 116
1,5 | 2,3 | 3,0 | 4,7 | 5,4 | 6,2 | 7,8 | 8,1 | 9,6 | 
fire : 117
1,5 | 2,3 | 3,0 | 4,7 | 5,4 | 6,2 | 7,8 | 8,1 | 9,6 | 
fire : 118
1,5 | 2,3 | 3,0 | 4,7 | 5,4 | 6,2 | 7,8 | 8,1 | 9,6 | 
fire : 119
1,5 | 2,3 | 3,0 | 4,7 | 5,4 | 6,2 | 7,8 | 8,1 | 9,6 | 
fire : 120
1,5 | 2,3 | 3,0 | 4,7 | 5,4 | 6,2 | 7,8 | 8,1 | 9,6 | 
fire : 121
1,4 | 2,1 | 3,0 | 4,3 | 5,2 | 6,8 | 7,7 | 8,5 | 9,6 | 
fire : 122
1,4 | 2,1 | 3,0 | 4,3 | 5,2 | 6,8 | 7,7 | 8,5 | 9,6 | 
fire : 123
1,4 | 2,1 | 3,0 | 4,3 | 5,2 | 6,8 | 7,7 | 8,5 | 9,6 | 
fire : 124
1,4 | 2,1 | 3,0 | 4,3 | 5,2 | 6,8 | 7,7 | 8,5 | 9,6 | 
fire : 125
1,4 | 2,1 | 3,0 | 4,3 | 5,2 | 6,8 | 7,7 | 8,5 | 9,6 | 
fire : 126
1,4 | 2,1 | 3,0 | 4,3 | 5,2 | 6,8 | 7,7 | 8,5 | 9,6 | 
fire : 127
1,4 | 2,1 | 3,0 | 4,3 | 5,2 | 6,8 | 7,7 | 8,5 | 9,6 | 
fire : 128
1,4 | 2,1 | 3,0 | 4,3 | 5,2 | 6,8 | 7,7 | 8,5 | 9,6 | 
fire : 129
1,4 | 2,1 | 3,0 | 4,3 | 5,2 | 6,8 | 7,7 | 8,5 | 9,6 | 
fire : 130
1,4 | 2,1 | 3,0 | 4,3 | 5,2 | 6,8 | 7,7 | 8,5 | 9,6 | 
fire : 131
1,4 | 2,1 | 3,0 | 4,3 | 5,2 | 6,8 | 7,7 | 8,5 | 9,6 | 
fire : 132
1,4 | 2,1 | 3,0 | 4,3 | 5,2 | 6,8 | 7,7 | 8,5 | 9,6 | 
fire : 133
1,8 | 2,5 | 3,7 | 4,1 | 5,6 | 6,4 | 7,0 | 8,2 | 9,3 | 
fire : 134
1,8 | 2,5 | 3,7 | 4,1 | 5,6 | 6,4 | 7,0 | 8,2 | 9,3 | 
fire : 135
1,8 | 2,5 | 3,7 | 4,1 | 5,6 | 6,4 | 7,0 | 8,2 | 9,3 | 
fire : 136
1,8 | 2,5 | 3,7 | 4,1 | 5,6 | 6,4 | 7,0 | 8,2 | 9,3 | 
fire : 137
1,8 | 2,5 | 3,7 | 4,1 | 5,6 | 6,4 | 7,0 | 8,2 | 9,3 | 
fire : 138
1,8 | 2,5 | 3,7 | 4,1 | 5,6 | 6,4 | 7,0 | 8,2 | 9,3 | 
fire : 139
1,8 | 2,5 | 3,7 | 4,1 | 5,6 | 6,4 | 7,0 | 8,2 | 9,3 | 
fire : 140
1,8 | 2,5 | 3,7 | 4,1 | 5,6 | 6,4 | 7,0 | 8,2 | 9,3 | 
fire : 141
1,8 | 2,5 | 3,7 | 4,1 | 5,6 | 6,4 | 7,0 | 8,2 | 9,3 | 
fire : 142
1,8 | 2,5 | 3,7 | 4,1 | 5,6 | 6,4 | 7,0 | 8,2 | 9,3 | 
fire : 143
1,8 | 2,5 | 3,7 | 4,1 | 5,6 | 6,4 | 7,0 | 8,2 | 9,3 | 
fire : 144
1,8 | 2,5 | 3,7 | 4,1 | 5,6 | 6,4 | 7,0 | 8,2 | 9,3 | 
fire : 145
1,7 | 2,8 | 3,1 | 4,4 | 5,3 | 6,6 | 7,0 | 8,5 | 9,2 | 
fire : 151
1,1 | 2,4 | 3,0 | 4,2 | 5,5 | 6,7 | 7,6 | 8,3 | 9,8 | 
fire : 152
1,1 | 2,4 | 3,0 | 4,2 | 5,5 | 6,7 | 7,6 | 8,3 | 9,8 | 
fire : 153
1,1 | 2,4 | 3,0 | 4,2 | 5,5 | 6,7 | 7,6 | 8,3 | 9,8 | 
fire : 154
1,1 | 2,4 | 3,0 | 4,2 | 5,5 | 6,7 | 7,6 | 8,3 | 9,8 | 
fire : 155
1,1 | 2,4 | 3,0 | 4,2 | 5,5 | 6,7 | 7,6 | 8,3 | 9,8 | 
fire : 156
1,1 | 2,4 | 3,0 | 4,2 | 5,5 | 6,7 | 7,6 | 8,3 | 9,8 | 
fire : 157
1,1 | 2,4 | 3,0 | 4,2 | 5,5 | 6,7 | 7,6 | 8,3 | 9,8 | 
