1
2
3
4
5
6
7
8
9
10
11
12
13
14
15
16
17
*********17  1,4 | 2,1 | 3,7 | 4,0 | 5,6 | 6,8 | 7,2 | 8,5 | 9,3 | 
18
*********18  1,4 | 2,1 | 3,7 | 4,0 | 5,6 | 6,8 | 7,2 | 8,5 | 9,3 | 
19
*********19  1,4 | 2,1 | 3,7 | 4,8 | 5,6 | 6,0 | 7,2 | 8,5 | 9,3 | 
20
21
*********21  1,4 | 2,1 | 3,7 | 4,8 | 5,6 | 6,0 | 7,2 | 8,5 | 9,3 | 
22
*********22  1,4 | 2,1 | 3,7 | 4,0 | 5,6 | 6,8 | 7,2 | 8,5 | 9,3 | 
23
24
*********24  1,4 | 2,1 | 3,7 | 4,8 | 5,6 | 6,0 | 7,2 | 8,5 | 9,3 | 
25
*********25  1,4 | 2,1 | 3,7 | 4,0 | 5,6 | 6,8 | 7,2 | 8,5 | 9,3 | 
26
*********26  1,4 | 2,1 | 3,7 | 4,8 | 5,6 | 6,0 | 7,2 | 8,5 | 9,3 | 
27
*********27  1,4 | 2,1 | 3,7 | 4,0 | 5,6 | 6,8 | 7,2 | 8,5 | 9,3 | 
28
29
*********29  1,4 | 2,1 | 3,7 | 4,0 | 5,6 | 6,8 | 7,2 | 8,5 | 9,3 | 
30
*********30  1,4 | 2,1 | 3,7 | 4,0 | 5,6 | 6,8 | 7,2 | 8,5 | 9,3 | 
31
32
33
34
35
*********35  1,5 | 2,7 | 3,3 | 4,8 | 5,6 | 6,0 | 7,4 | 8,1 | 9,2 | 
36
*********36  1,5 | 2,7 | 3,3 | 4,8 | 5,6 | 6,0 | 7,4 | 8,1 | 9,2 | 
37
*********37  1,5 | 2,7 | 3,3 | 4,8 | 5,6 | 6,0 | 7,4 | 8,1 | 9,2 | 
38
*********38  1,5 | 2,7 | 3,3 | 4,8 | 5,6 | 6,0 | 7,4 | 8,1 | 9,2 | 
39
*********39  1,5 | 2,7 | 3,3 | 4,8 | 5,6 | 6,0 | 7,4 | 8,1 | 9,2 | 
40
*********40  1,5 | 2,7 | 3,3 | 4,8 | 5,6 | 6,0 | 7,4 | 8,1 | 9,2 | 
41
*********41  1,5 | 2,7 | 3,3 | 4,8 | 5,6 | 6,0 | 7,4 | 8,1 | 9,2 | 
42
*********42  1,5 | 2,7 | 3,3 | 4,8 | 5,6 | 6,0 | 7,4 | 8,1 | 9,2 | 
43
*********43  1,5 | 2,7 | 3,3 | 4,8 | 5,6 | 6,0 | 7,4 | 8,1 | 9,2 | 
44
*********44  1,5 | 2,7 | 3,3 | 4,8 | 5,6 | 6,0 | 7,4 | 8,1 | 9,2 | 
45
*********45  1,5 | 2,7 | 3,3 | 4,8 | 5,6 | 6,0 | 7,4 | 8,1 | 9,2 | 
46
*********46  1,5 | 2,7 | 3,3 | 4,8 | 5,6 | 6,0 | 7,4 | 8,1 | 9,2 | 
47
*********47  1,5 | 2,7 | 3,3 | 4,8 | 5,6 | 6,0 | 7,4 | 8,1 | 9,2 | 
48
*********48  1,5 | 2,7 | 3,3 | 4,8 | 5,6 | 6,0 | 7,4 | 8,1 | 9,2 | 
49
*********49  1,5 | 2,7 | 3,3 | 4,8 | 5,6 | 6,0 | 7,4 | 8,1 | 9,2 | 
50
*********50  1,5 | 2,7 | 3,3 | 4,8 | 5,6 | 6,0 | 7,4 | 8,1 | 9,2 | 
51
*********51  1,5 | 2,7 | 3,3 | 4,8 | 5,6 | 6,0 | 7,4 | 8,1 | 9,2 | 
52
53
54
55
*********55  1,7 | 2,0 | 3,6 | 4,5 | 5,3 | 6,1 | 7,2 | 8,4 | 9,8 | 
56
*********56  1,7 | 2,0 | 3,6 | 4,5 | 5,3 | 6,1 | 7,2 | 8,4 | 9,8 | 
57
*********57  1,7 | 2,0 | 3,6 | 4,5 | 5,3 | 6,1 | 7,2 | 8,4 | 9,8 | 
58
*********58  1,7 | 2,0 | 3,6 | 4,5 | 5,3 | 6,1 | 7,2 | 8,4 | 9,8 | 
59
*********59  1,7 | 2,0 | 3,6 | 4,5 | 5,3 | 6,1 | 7,2 | 8,4 | 9,8 | 
60
*********60  1,7 | 2,0 | 3,6 | 4,5 | 5,3 | 6,1 | 7,2 | 8,4 | 9,8 | 
61
*********61  1,7 | 2,0 | 3,6 | 4,5 | 5,3 | 6,1 | 7,2 | 8,4 | 9,8 | 
62
*********62  1,7 | 2,0 | 3,6 | 4,5 | 5,3 | 6,1 | 7,2 | 8,4 | 9,8 | 
63
*********63  1,7 | 2,0 | 3,6 | 4,5 | 5,3 | 6,1 | 7,2 | 8,4 | 9,8 | 
64
*********64  1,7 | 2,0 | 3,6 | 4,5 | 5,3 | 6,1 | 7,2 | 8,4 | 9,8 | 
65
*********65  1,7 | 2,0 | 3,6 | 4,5 | 5,3 | 6,1 | 7,2 | 8,4 | 9,8 | 
66
*********66  1,7 | 2,0 | 3,6 | 4,5 | 5,3 | 6,1 | 7,2 | 8,4 | 9,8 | 
67
*********67  1,7 | 2,0 | 3,6 | 4,5 | 5,3 | 6,1 | 7,2 | 8,4 | 9,8 | 
68
*********68  1,7 | 2,0 | 3,6 | 4,5 | 5,3 | 6,1 | 7,2 | 8,4 | 9,8 | 
69
*********69  1,7 | 2,0 | 3,6 | 4,5 | 5,3 | 6,1 | 7,2 | 8,4 | 9,8 | 
70
*********70  1,7 | 2,0 | 3,6 | 4,5 | 5,3 | 6,1 | 7,2 | 8,4 | 9,8 | 
71
72
73
*********73  1,7 | 2,0 | 3,6 | 4,5 | 5,3 | 6,1 | 7,2 | 8,4 | 9,8 | 
74
*********74  1,7 | 2,0 | 3,6 | 4,5 | 5,3 | 6,1 | 7,2 | 8,4 | 9,8 | 
75
76
77
78
79
80
81
82
83
84
85
86
87
88
89
90
91
92
93
94
95
96
97
98
99
100
101
102
103
*********103  1,5 | 2,7 | 3,8 | 4,6 | 5,4 | 6,2 | 7,0 | 8,1 | 9,3 | 
104
*********104  1,5 | 2,7 | 3,8 | 4,6 | 5,4 | 6,2 | 7,0 | 8,1 | 9,3 | 
105
*********105  1,5 | 2,7 | 3,8 | 4,6 | 5,4 | 6,2 | 7,0 | 8,1 | 9,3 | 
106
*********106  1,5 | 2,7 | 3,8 | 4,6 | 5,4 | 6,2 | 7,0 | 8,1 | 9,3 | 
107
*********107  1,5 | 2,7 | 3,8 | 4,6 | 5,4 | 6,2 | 7,0 | 8,1 | 9,3 | 
108
*********108  1,5 | 2,7 | 3,8 | 4,6 | 5,4 | 6,2 | 7,0 | 8,1 | 9,3 | 
109
*********109  1,5 | 2,7 | 3,8 | 4,6 | 5,4 | 6,2 | 7,0 | 8,1 | 9,3 | 
110
*********110  1,5 | 2,7 | 3,8 | 4,6 | 5,4 | 6,2 | 7,0 | 8,1 | 9,3 | 
111
*********111  1,5 | 2,7 | 3,8 | 4,6 | 5,4 | 6,2 | 7,0 | 8,1 | 9,3 | 
112
*********112  1,5 | 2,7 | 3,8 | 4,6 | 5,4 | 6,2 | 7,0 | 8,1 | 9,3 | 
113
*********113  1,5 | 2,7 | 3,8 | 4,6 | 5,4 | 6,2 | 7,0 | 8,1 | 9,3 | 
114
*********114  1,5 | 2,7 | 3,8 | 4,6 | 5,4 | 6,2 | 7,0 | 8,1 | 9,3 | 
115
*********115  1,5 | 2,7 | 3,8 | 4,6 | 5,4 | 6,2 | 7,0 | 8,1 | 9,3 | 
116
*********116  1,5 | 2,7 | 3,8 | 4,6 | 5,4 | 6,2 | 7,0 | 8,1 | 9,3 | 
117
*********117  1,5 | 2,7 | 3,8 | 4,6 | 5,4 | 6,2 | 7,0 | 8,1 | 9,3 | 
118
*********118  1,5 | 2,7 | 3,8 | 4,6 | 5,4 | 6,2 | 7,0 | 8,1 | 9,3 | 
119
120
121
122
123
124
125
126
127
128
129
130
131
132
133
134
135
136
137
138
139
140
141
142
143
144
145
146
147
148
*********148  1,6 | 2,2 | 3,4 | 4,7 | 5,8 | 6,5 | 7,1 | 8,3 | 9,0 | 
149
150
151
*********151  1,6 | 2,2 | 3,4 | 4,7 | 5,8 | 6,5 | 7,1 | 8,3 | 9,0 | 
152
*********152  1,6 | 2,2 | 3,4 | 4,7 | 5,8 | 6,5 | 7,1 | 8,3 | 9,0 | 
153
*********153  1,6 | 2,2 | 3,4 | 4,7 | 5,8 | 6,5 | 7,1 | 8,3 | 9,0 | 
154
*********154  1,6 | 2,2 | 3,4 | 4,7 | 5,8 | 6,5 | 7,1 | 8,3 | 9,0 | 
155
*********155  1,6 | 2,2 | 3,4 | 4,7 | 5,8 | 6,5 | 7,1 | 8,3 | 9,0 | 
156
*********156  1,6 | 2,2 | 3,4 | 4,7 | 5,8 | 6,5 | 7,1 | 8,3 | 9,0 | 
157
*********157  1,6 | 2,2 | 3,4 | 4,7 | 5,8 | 6,5 | 7,1 | 8,3 | 9,0 | 
158
*********158  1,6 | 2,2 | 3,4 | 4,7 | 5,8 | 6,5 | 7,1 | 8,3 | 9,0 | 
159
*********159  1,6 | 2,2 | 3,4 | 4,7 | 5,8 | 6,5 | 7,1 | 8,3 | 9,0 | 
160
*********160  1,6 | 2,2 | 3,4 | 4,7 | 5,8 | 6,5 | 7,1 | 8,3 | 9,0 | 
161
*********161  1,6 | 2,2 | 3,4 | 4,7 | 5,8 | 6,5 | 7,1 | 8,3 | 9,0 | 
162
163
*********163  1,6 | 2,2 | 3,4 | 4,7 | 5,8 | 6,5 | 7,1 | 8,3 | 9,0 | 
164
165
166
167
*********167  1,7 | 2,8 | 3,1 | 4,4 | 5,3 | 6,5 | 7,6 | 8,0 | 9,2 | 
168
*********168  1,7 | 2,8 | 3,1 | 4,4 | 5,3 | 6,5 | 7,6 | 8,0 | 9,2 | 
169
*********169  1,7 | 2,8 | 3,1 | 4,4 | 5,3 | 6,5 | 7,6 | 8,0 | 9,2 | 
170
*********170  1,7 | 2,8 | 3,1 | 4,4 | 5,3 | 6,5 | 7,6 | 8,0 | 9,2 | 
171
*********171  1,7 | 2,8 | 3,1 | 4,4 | 5,3 | 6,5 | 7,6 | 8,0 | 9,2 | 
172
*********172  1,7 | 2,8 | 3,1 | 4,4 | 5,3 | 6,5 | 7,6 | 8,0 | 9,2 | 
173
*********173  1,7 | 2,8 | 3,1 | 4,4 | 5,3 | 6,5 | 7,6 | 8,0 | 9,2 | 
174
*********174  1,7 | 2,8 | 3,1 | 4,4 | 5,3 | 6,5 | 7,6 | 8,0 | 9,2 | 
175
*********175  1,7 | 2,8 | 3,1 | 4,4 | 5,3 | 6,5 | 7,6 | 8,0 | 9,2 | 
176
*********176  1,7 | 2,8 | 3,1 | 4,4 | 5,3 | 6,5 | 7,6 | 8,0 | 9,2 | 
177
*********177  1,7 | 2,8 | 3,1 | 4,4 | 5,3 | 6,5 | 7,6 | 8,0 | 9,2 | 
178
*********178  1,7 | 2,8 | 3,1 | 4,4 | 5,3 | 6,5 | 7,6 | 8,0 | 9,2 | 
179
*********179  1,7 | 2,8 | 3,1 | 4,4 | 5,3 | 6,5 | 7,6 | 8,0 | 9,2 | 
180
*********180  1,7 | 2,8 | 3,1 | 4,4 | 5,3 | 6,5 | 7,6 | 8,0 | 9,2 | 
181
*********181  1,7 | 2,8 | 3,1 | 4,4 | 5,3 | 6,5 | 7,6 | 8,0 | 9,2 | 
182
*********182  1,7 | 2,8 | 3,1 | 4,4 | 5,3 | 6,5 | 7,6 | 8,0 | 9,2 | 
183
*********183  1,7 | 2,8 | 3,1 | 4,4 | 5,3 | 6,5 | 7,6 | 8,0 | 9,2 | 
184
*********184  1,7 | 2,8 | 3,1 | 4,4 | 5,3 | 6,5 | 7,6 | 8,0 | 9,2 | 
185
*********185  1,7 | 2,8 | 3,1 | 4,4 | 5,3 | 6,5 | 7,6 | 8,0 | 9,2 | 
186
187
188
189
*********189  1,5 | 2,8 | 3,3 | 4,4 | 5,0 | 6,1 | 7,7 | 8,2 | 9,6 | 
190
*********190  1,5 | 2,8 | 3,3 | 4,4 | 5,0 | 6,1 | 7,7 | 8,2 | 9,6 | 
191
192
193
*********193  1,5 | 2,8 | 3,3 | 4,4 | 5,0 | 6,1 | 7,7 | 8,2 | 9,6 | 
194
*********194  1,5 | 2,8 | 3,3 | 4,4 | 5,0 | 6,1 | 7,7 | 8,2 | 9,6 | 
195
196
*********196  1,5 | 2,8 | 3,3 | 4,4 | 5,0 | 6,1 | 7,7 | 8,2 | 9,6 | 
197
198
199
200
*********200  1,5 | 2,8 | 3,3 | 4,4 | 5,0 | 6,1 | 7,7 | 8,2 | 9,6 | 
201
*********201  1,5 | 2,8 | 3,3 | 4,4 | 5,0 | 6,1 | 7,7 | 8,2 | 9,6 | 
202
203
*********203  1,5 | 2,8 | 3,3 | 4,4 | 5,0 | 6,1 | 7,7 | 8,2 | 9,6 | 
204
*********204  1,5 | 2,8 | 3,3 | 4,4 | 5,0 | 6,1 | 7,7 | 8,2 | 9,6 | 
205
206
207
208
209
*********209  1,6 | 2,0 | 3,8 | 4,1 | 5,4 | 6,7 | 7,3 | 8,2 | 9,5 | 
210
*********210  1,6 | 2,0 | 3,8 | 4,1 | 5,4 | 6,7 | 7,3 | 8,2 | 9,5 | 
211
212
213
214
*********214  1,6 | 2,0 | 3,8 | 4,1 | 5,4 | 6,7 | 7,3 | 8,2 | 9,5 | 
215
*********215  1,6 | 2,0 | 3,8 | 4,1 | 5,4 | 6,7 | 7,3 | 8,2 | 9,5 | 
216
*********216  1,6 | 2,0 | 3,8 | 4,1 | 5,4 | 6,7 | 7,3 | 8,2 | 9,5 | 
217
*********217  1,6 | 2,0 | 3,8 | 4,1 | 5,4 | 6,7 | 7,3 | 8,2 | 9,5 | 
218
219
220
221
222
223
224
225
226
227
228
229
230
231
232
233
234
235
236
*********236  1,8 | 2,6 | 3,3 | 4,2 | 5,4 | 6,5 | 7,0 | 8,1 | 9,7 | 
237
*********237  1,8 | 2,6 | 3,3 | 4,2 | 5,4 | 6,5 | 7,0 | 8,1 | 9,7 | 
238
239
*********239  1,8 | 2,6 | 3,3 | 4,2 | 5,4 | 6,5 | 7,0 | 8,1 | 9,7 | 
240
241
242
243
244
*********244  1,8 | 2,6 | 3,3 | 4,2 | 5,4 | 6,5 | 7,0 | 8,1 | 9,7 | 
245
246
*********246  1,8 | 2,6 | 3,3 | 4,2 | 5,4 | 6,5 | 7,0 | 8,1 | 9,7 | 
247
248
249
*********249  1,0 | 2,7 | 3,4 | 4,1 | 5,3 | 6,8 | 7,6 | 8,5 | 9,2 | 
250
*********250  1,0 | 2,7 | 3,4 | 4,1 | 5,3 | 6,8 | 7,6 | 8,5 | 9,2 | 
251
*********251  1,0 | 2,7 | 3,4 | 4,1 | 5,3 | 6,8 | 7,6 | 8,5 | 9,2 | 
252
*********252  1,0 | 2,7 | 3,4 | 4,1 | 5,3 | 6,8 | 7,6 | 8,5 | 9,2 | 
253
*********253  1,0 | 2,7 | 3,4 | 4,1 | 5,3 | 6,8 | 7,6 | 8,5 | 9,2 | 
254
*********254  1,0 | 2,7 | 3,4 | 4,1 | 5,3 | 6,8 | 7,6 | 8,5 | 9,2 | 
255
*********255  1,0 | 2,7 | 3,4 | 4,1 | 5,3 | 6,8 | 7,6 | 8,5 | 9,2 | 
256
*********256  1,0 | 2,7 | 3,4 | 4,1 | 5,3 | 6,8 | 7,6 | 8,5 | 9,2 | 
257
258
*********258  1,3 | 2,8 | 3,1 | 4,7 | 5,5 | 6,6 | 7,0 | 8,2 | 9,4 | 
259
*********259  1,3 | 2,8 | 3,1 | 4,7 | 5,5 | 6,6 | 7,0 | 8,2 | 9,4 | 
260
*********260  1,3 | 2,8 | 3,1 | 4,7 | 5,5 | 6,6 | 7,0 | 8,2 | 9,4 | 
261
*********261  1,3 | 2,8 | 3,1 | 4,7 | 5,5 | 6,6 | 7,0 | 8,2 | 9,4 | 
262
*********262  1,3 | 2,8 | 3,1 | 4,7 | 5,5 | 6,6 | 7,0 | 8,2 | 9,4 | 
263
*********263  1,3 | 2,8 | 3,1 | 4,7 | 5,5 | 6,6 | 7,0 | 8,2 | 9,4 | 
264
*********264  1,3 | 2,8 | 3,1 | 4,7 | 5,5 | 6,6 | 7,0 | 8,2 | 9,4 | 
265
*********265  1,3 | 2,8 | 3,1 | 4,7 | 5,5 | 6,6 | 7,0 | 8,2 | 9,4 | 
266
*********266  1,3 | 2,8 | 3,1 | 4,7 | 5,5 | 6,6 | 7,0 | 8,2 | 9,4 | 
267
*********267  1,3 | 2,8 | 3,1 | 4,7 | 5,5 | 6,6 | 7,0 | 8,2 | 9,4 | 
268
*********268  1,3 | 2,8 | 3,1 | 4,7 | 5,5 | 6,6 | 7,0 | 8,2 | 9,4 | 
269
270
*********270  1,2 | 2,5 | 3,4 | 4,7 | 5,0 | 6,3 | 7,6 | 8,1 | 9,8 | 
271
*********271  1,2 | 2,5 | 3,4 | 4,7 | 5,0 | 6,3 | 7,6 | 8,1 | 9,8 | 
272
*********272  1,2 | 2,5 | 3,4 | 4,7 | 5,0 | 6,3 | 7,6 | 8,1 | 9,8 | 
273
*********273  1,2 | 2,5 | 3,4 | 4,7 | 5,0 | 6,3 | 7,6 | 8,1 | 9,8 | 
274
*********274  1,2 | 2,5 | 3,4 | 4,7 | 5,0 | 6,3 | 7,6 | 8,1 | 9,8 | 
275
*********275  1,2 | 2,5 | 3,4 | 4,7 | 5,0 | 6,3 | 7,6 | 8,1 | 9,8 | 
276
*********276  1,2 | 2,5 | 3,4 | 4,7 | 5,0 | 6,3 | 7,6 | 8,1 | 9,8 | 
277
*********277  1,2 | 2,5 | 3,4 | 4,7 | 5,0 | 6,3 | 7,6 | 8,1 | 9,8 | 
278
*********278  1,2 | 2,5 | 3,4 | 4,7 | 5,0 | 6,3 | 7,6 | 8,1 | 9,8 | 
279
*********279  1,2 | 2,5 | 3,4 | 4,7 | 5,0 | 6,3 | 7,6 | 8,1 | 9,8 | 
280
*********280  1,2 | 2,5 | 3,4 | 4,7 | 5,0 | 6,3 | 7,6 | 8,1 | 9,8 | 
281
*********281  1,2 | 2,5 | 3,4 | 4,7 | 5,0 | 6,3 | 7,6 | 8,1 | 9,8 | 
282
*********282  1,2 | 2,5 | 3,4 | 4,7 | 5,0 | 6,3 | 7,6 | 8,1 | 9,8 | 
283
*********283  1,2 | 2,5 | 3,4 | 4,7 | 5,0 | 6,3 | 7,6 | 8,1 | 9,8 | 
284
285
286
287
288
289
290
*********290  1,7 | 2,0 | 3,8 | 4,4 | 5,6 | 6,3 | 7,2 | 8,5 | 9,1 | 
291
*********291  1,7 | 2,0 | 3,8 | 4,4 | 5,6 | 6,3 | 7,2 | 8,5 | 9,1 | 
292
293
294
*********294  1,7 | 2,0 | 3,8 | 4,4 | 5,6 | 6,3 | 7,2 | 8,5 | 9,1 | 
295
296
297
298
299
300
*********300  1,3 | 2,4 | 3,6 | 4,7 | 5,8 | 6,5 | 7,2 | 8,1 | 9,0 | 
301
*********301  1,3 | 2,4 | 3,6 | 4,7 | 5,8 | 6,5 | 7,2 | 8,1 | 9,0 | 
302
*********302  1,3 | 2,4 | 3,6 | 4,7 | 5,8 | 6,5 | 7,2 | 8,1 | 9,0 | 
303
*********303  1,3 | 2,4 | 3,6 | 4,7 | 5,8 | 6,5 | 7,2 | 8,1 | 9,0 | 
304
*********304  1,3 | 2,4 | 3,6 | 4,7 | 5,8 | 6,5 | 7,2 | 8,1 | 9,0 | 
305
*********305  1,3 | 2,4 | 3,6 | 4,7 | 5,8 | 6,5 | 7,2 | 8,1 | 9,0 | 
306
*********306  1,3 | 2,4 | 3,6 | 4,7 | 5,8 | 6,5 | 7,2 | 8,1 | 9,0 | 
307
*********307  1,3 | 2,4 | 3,6 | 4,7 | 5,8 | 6,5 | 7,2 | 8,1 | 9,0 | 
308
*********308  1,3 | 2,4 | 3,6 | 4,7 | 5,8 | 6,5 | 7,2 | 8,1 | 9,0 | 
309
*********309  1,3 | 2,4 | 3,6 | 4,7 | 5,8 | 6,5 | 7,2 | 8,1 | 9,0 | 
310
*********310  1,3 | 2,4 | 3,6 | 4,7 | 5,8 | 6,5 | 7,2 | 8,1 | 9,0 | 
311
*********311  1,3 | 2,4 | 3,6 | 4,7 | 5,8 | 6,5 | 7,2 | 8,1 | 9,0 | 
312
313
*********313  1,2 | 2,5 | 3,3 | 4,1 | 5,0 | 6,4 | 7,8 | 8,7 | 9,6 | 
314
*********314  1,2 | 2,5 | 3,3 | 4,1 | 5,0 | 6,4 | 7,8 | 8,7 | 9,6 | 
315
*********315  1,2 | 2,5 | 3,3 | 4,1 | 5,0 | 6,4 | 7,8 | 8,7 | 9,6 | 
316
*********316  1,2 | 2,5 | 3,3 | 4,1 | 5,0 | 6,4 | 7,8 | 8,7 | 9,6 | 
317
*********317  1,2 | 2,5 | 3,3 | 4,1 | 5,0 | 6,4 | 7,8 | 8,7 | 9,6 | 
318
*********318  1,2 | 2,5 | 3,3 | 4,1 | 5,0 | 6,4 | 7,8 | 8,7 | 9,6 | 
319
*********319  1,2 | 2,5 | 3,3 | 4,1 | 5,0 | 6,4 | 7,8 | 8,7 | 9,6 | 
320
*********320  1,2 | 2,5 | 3,3 | 4,1 | 5,0 | 6,4 | 7,8 | 8,7 | 9,6 | 
321
*********321  1,2 | 2,5 | 3,3 | 4,1 | 5,0 | 6,4 | 7,8 | 8,7 | 9,6 | 
322
*********322  1,2 | 2,5 | 3,3 | 4,1 | 5,0 | 6,4 | 7,8 | 8,7 | 9,6 | 
323
324
325
*********325  1,2 | 2,0 | 3,8 | 4,3 | 5,4 | 6,5 | 7,1 | 8,6 | 9,7 | 
326
*********326  1,2 | 2,0 | 3,8 | 4,3 | 5,4 | 6,5 | 7,1 | 8,6 | 9,7 | 
327
*********327  1,2 | 2,0 | 3,8 | 4,3 | 5,4 | 6,5 | 7,1 | 8,6 | 9,7 | 
328
*********328  1,2 | 2,0 | 3,8 | 4,3 | 5,4 | 6,5 | 7,1 | 8,6 | 9,7 | 
329
*********329  1,2 | 2,0 | 3,8 | 4,3 | 5,4 | 6,5 | 7,1 | 8,6 | 9,7 | 
330
*********330  1,2 | 2,0 | 3,8 | 4,3 | 5,4 | 6,5 | 7,1 | 8,6 | 9,7 | 
331
*********331  1,2 | 2,0 | 3,8 | 4,3 | 5,4 | 6,5 | 7,1 | 8,6 | 9,7 | 
332
*********332  1,2 | 2,0 | 3,8 | 4,3 | 5,4 | 6,5 | 7,1 | 8,6 | 9,7 | 
333
334
*********334  1,2 | 2,0 | 3,8 | 4,3 | 5,4 | 6,5 | 7,1 | 8,6 | 9,7 | 
335
336
*********336  1,2 | 2,0 | 3,8 | 4,3 | 5,4 | 6,5 | 7,1 | 8,6 | 9,7 | 
337
338
339
340
341
342
343
344
345
346
347
348
349
350
351
352
353
354
355
356
357
358
359
360
*********360  1,4 | 2,3 | 3,8 | 4,5 | 5,0 | 6,2 | 7,1 | 8,6 | 9,7 | 
361
362
363
364
365
366
367
*********367  1,2 | 2,4 | 3,3 | 4,6 | 5,7 | 6,8 | 7,0 | 8,1 | 9,5 | 
368
*********368  1,2 | 2,4 | 3,3 | 4,6 | 5,7 | 6,8 | 7,0 | 8,1 | 9,5 | 
369
*********369  1,2 | 2,4 | 3,3 | 4,6 | 5,7 | 6,8 | 7,0 | 8,1 | 9,5 | 
370
*********370  1,2 | 2,4 | 3,3 | 4,6 | 5,7 | 6,8 | 7,0 | 8,1 | 9,5 | 
371
*********371  1,2 | 2,4 | 3,3 | 4,6 | 5,7 | 6,8 | 7,0 | 8,1 | 9,5 | 
372
*********372  1,2 | 2,4 | 3,3 | 4,6 | 5,7 | 6,8 | 7,0 | 8,1 | 9,5 | 
373
*********373  1,2 | 2,4 | 3,3 | 4,6 | 5,7 | 6,8 | 7,0 | 8,1 | 9,5 | 
374
*********374  1,2 | 2,4 | 3,3 | 4,6 | 5,7 | 6,8 | 7,0 | 8,1 | 9,5 | 
375
*********375  1,2 | 2,4 | 3,3 | 4,6 | 5,7 | 6,8 | 7,0 | 8,1 | 9,5 | 
376
*********376  1,2 | 2,4 | 3,3 | 4,6 | 5,7 | 6,8 | 7,0 | 8,1 | 9,5 | 
377
378
*********378  1,5 | 2,1 | 3,2 | 4,8 | 5,4 | 6,0 | 7,7 | 8,3 | 9,6 | 
379
*********379  1,5 | 2,1 | 3,2 | 4,8 | 5,4 | 6,0 | 7,7 | 8,3 | 9,6 | 
380
*********380  1,5 | 2,1 | 3,2 | 4,8 | 5,4 | 6,0 | 7,7 | 8,3 | 9,6 | 
381
*********381  1,5 | 2,1 | 3,2 | 4,8 | 5,4 | 6,0 | 7,7 | 8,3 | 9,6 | 
382
*********382  1,5 | 2,1 | 3,2 | 4,8 | 5,4 | 6,0 | 7,7 | 8,3 | 9,6 | 
383
*********383  1,5 | 2,1 | 3,2 | 4,8 | 5,4 | 6,0 | 7,7 | 8,3 | 9,6 | 
384
*********384  1,5 | 2,1 | 3,2 | 4,8 | 5,4 | 6,0 | 7,7 | 8,3 | 9,6 | 
385
*********385  1,5 | 2,1 | 3,2 | 4,8 | 5,4 | 6,0 | 7,7 | 8,3 | 9,6 | 
386
*********386  1,5 | 2,1 | 3,2 | 4,8 | 5,4 | 6,0 | 7,7 | 8,3 | 9,6 | 
387
*********387  1,5 | 2,1 | 3,2 | 4,8 | 5,4 | 6,0 | 7,7 | 8,3 | 9,6 | 
388
*********388  1,5 | 2,1 | 3,2 | 4,8 | 5,4 | 6,0 | 7,7 | 8,3 | 9,6 | 
389
*********389  1,5 | 2,1 | 3,2 | 4,8 | 5,4 | 6,0 | 7,7 | 8,3 | 9,6 | 
390
*********390  1,5 | 2,1 | 3,2 | 4,8 | 5,4 | 6,0 | 7,7 | 8,3 | 9,6 | 
391
392
393
*********393  1,3 | 2,7 | 3,5 | 4,0 | 5,6 | 6,4 | 7,1 | 8,8 | 9,2 | 
394
*********394  1,3 | 2,7 | 3,5 | 4,0 | 5,6 | 6,4 | 7,1 | 8,8 | 9,2 | 
395
*********395  1,3 | 2,7 | 3,5 | 4,0 | 5,6 | 6,4 | 7,1 | 8,8 | 9,2 | 
396
*********396  1,3 | 2,7 | 3,5 | 4,0 | 5,6 | 6,4 | 7,1 | 8,8 | 9,2 | 
397
*********397  1,3 | 2,7 | 3,5 | 4,0 | 5,6 | 6,4 | 7,1 | 8,8 | 9,2 | 
398
*********398  1,3 | 2,7 | 3,5 | 4,0 | 5,6 | 6,4 | 7,1 | 8,8 | 9,2 | 
399
*********399  1,3 | 2,7 | 3,5 | 4,0 | 5,6 | 6,4 | 7,1 | 8,8 | 9,2 | 
400
*********400  1,3 | 2,7 | 3,5 | 4,0 | 5,6 | 6,4 | 7,1 | 8,8 | 9,2 | 
401
*********401  1,3 | 2,7 | 3,5 | 4,0 | 5,6 | 6,4 | 7,1 | 8,8 | 9,2 | 
402
*********402  1,3 | 2,7 | 3,5 | 4,0 | 5,6 | 6,4 | 7,1 | 8,8 | 9,2 | 
403
*********403  1,3 | 2,7 | 3,5 | 4,0 | 5,6 | 6,4 | 7,1 | 8,8 | 9,2 | 
404
*********404  1,3 | 2,7 | 3,5 | 4,0 | 5,6 | 6,4 | 7,1 | 8,8 | 9,2 | 
405
406
407
*********407  1,7 | 2,8 | 3,4 | 4,1 | 5,0 | 6,3 | 7,5 | 8,6 | 9,2 | 
408
*********408  1,7 | 2,8 | 3,4 | 4,1 | 5,0 | 6,3 | 7,5 | 8,6 | 9,2 | 
409
*********409  1,7 | 2,8 | 3,4 | 4,1 | 5,0 | 6,3 | 7,5 | 8,6 | 9,2 | 
410
*********410  1,7 | 2,8 | 3,4 | 4,1 | 5,0 | 6,3 | 7,5 | 8,6 | 9,2 | 
411
412
*********412  1,7 | 2,8 | 3,4 | 4,1 | 5,0 | 6,3 | 7,5 | 8,6 | 9,2 | 
413
*********413  1,7 | 2,8 | 3,4 | 4,1 | 5,0 | 6,3 | 7,5 | 8,6 | 9,2 | 
414
*********414  1,7 | 2,8 | 3,4 | 4,1 | 5,0 | 6,3 | 7,5 | 8,6 | 9,2 | 
415
*********415  1,7 | 2,8 | 3,4 | 4,1 | 5,0 | 6,3 | 7,5 | 8,6 | 9,2 | 
416
*********416  1,7 | 2,8 | 3,4 | 4,1 | 5,0 | 6,3 | 7,5 | 8,6 | 9,2 | 
417
418
*********418  1,3 | 2,7 | 3,2 | 4,0 | 5,8 | 6,4 | 7,1 | 8,5 | 9,6 | 
419
*********419  1,3 | 2,7 | 3,2 | 4,0 | 5,8 | 6,4 | 7,1 | 8,5 | 9,6 | 
420
*********420  1,3 | 2,7 | 3,2 | 4,0 | 5,8 | 6,4 | 7,1 | 8,5 | 9,6 | 
421
*********421  1,3 | 2,7 | 3,2 | 4,0 | 5,8 | 6,4 | 7,1 | 8,5 | 9,6 | 
422
*********422  1,3 | 2,7 | 3,2 | 4,0 | 5,8 | 6,4 | 7,1 | 8,5 | 9,6 | 
423
*********423  1,3 | 2,7 | 3,2 | 4,0 | 5,8 | 6,4 | 7,1 | 8,5 | 9,6 | 
424
*********424  1,3 | 2,7 | 3,2 | 4,0 | 5,8 | 6,4 | 7,1 | 8,5 | 9,6 | 
425
*********425  1,3 | 2,7 | 3,2 | 4,0 | 5,8 | 6,4 | 7,1 | 8,5 | 9,6 | 
426
*********426  1,3 | 2,7 | 3,2 | 4,0 | 5,8 | 6,4 | 7,1 | 8,5 | 9,6 | 
427
*********427  1,3 | 2,7 | 3,2 | 4,0 | 5,8 | 6,4 | 7,1 | 8,5 | 9,6 | 
428
429
430
*********430  1,4 | 2,1 | 3,3 | 4,8 | 5,0 | 6,6 | 7,2 | 8,5 | 9,7 | 
431
*********431  1,4 | 2,1 | 3,3 | 4,8 | 5,0 | 6,6 | 7,2 | 8,5 | 9,7 | 
432
*********432  1,4 | 2,1 | 3,3 | 4,8 | 5,0 | 6,6 | 7,2 | 8,5 | 9,7 | 
433
*********433  1,4 | 2,1 | 3,3 | 4,8 | 5,0 | 6,6 | 7,2 | 8,5 | 9,7 | 
434
*********434  1,4 | 2,1 | 3,3 | 4,8 | 5,0 | 6,6 | 7,2 | 8,5 | 9,7 | 
435
*********435  1,4 | 2,1 | 3,3 | 4,8 | 5,0 | 6,6 | 7,2 | 8,5 | 9,7 | 
436
*********436  1,4 | 2,1 | 3,3 | 4,8 | 5,0 | 6,6 | 7,2 | 8,5 | 9,7 | 
437
*********437  1,4 | 2,1 | 3,3 | 4,8 | 5,0 | 6,6 | 7,2 | 8,5 | 9,7 | 
438
*********438  1,4 | 2,1 | 3,3 | 4,8 | 5,0 | 6,6 | 7,2 | 8,5 | 9,7 | 
439
*********439  1,4 | 2,1 | 3,3 | 4,8 | 5,0 | 6,6 | 7,2 | 8,5 | 9,7 | 
440
*********440  1,4 | 2,1 | 3,3 | 4,8 | 5,0 | 6,6 | 7,2 | 8,5 | 9,7 | 
441
*********441  1,4 | 2,1 | 3,3 | 4,8 | 5,0 | 6,6 | 7,2 | 8,5 | 9,7 | 
442
443
444
*********444  1,4 | 2,6 | 3,2 | 4,1 | 5,8 | 6,5 | 7,7 | 8,3 | 9,0 | 
445
*********445  1,4 | 2,6 | 3,2 | 4,1 | 5,8 | 6,5 | 7,7 | 8,3 | 9,0 | 
446
*********446  1,4 | 2,6 | 3,2 | 4,1 | 5,8 | 6,5 | 7,7 | 8,3 | 9,0 | 
447
*********447  1,4 | 2,6 | 3,2 | 4,1 | 5,8 | 6,5 | 7,7 | 8,3 | 9,0 | 
448
*********448  1,4 | 2,6 | 3,2 | 4,1 | 5,8 | 6,5 | 7,7 | 8,3 | 9,0 | 
449
*********449  1,4 | 2,6 | 3,2 | 4,1 | 5,8 | 6,5 | 7,7 | 8,3 | 9,0 | 
450
*********450  1,4 | 2,6 | 3,2 | 4,1 | 5,8 | 6,5 | 7,7 | 8,3 | 9,0 | 
451
*********451  1,4 | 2,6 | 3,2 | 4,1 | 5,8 | 6,5 | 7,7 | 8,3 | 9,0 | 
452
*********452  1,4 | 2,6 | 3,2 | 4,1 | 5,8 | 6,5 | 7,7 | 8,3 | 9,0 | 
453
*********453  1,4 | 2,6 | 3,2 | 4,1 | 5,8 | 6,5 | 7,7 | 8,3 | 9,0 | 
454
*********454  1,4 | 2,6 | 3,2 | 4,1 | 5,8 | 6,5 | 7,7 | 8,3 | 9,0 | 
455
*********455  1,4 | 2,6 | 3,2 | 4,1 | 5,8 | 6,5 | 7,7 | 8,3 | 9,0 | 
456
457
458
*********458  1,3 | 2,5 | 3,8 | 4,1 | 5,7 | 6,2 | 7,0 | 8,6 | 9,4 | 
459
*********459  1,3 | 2,5 | 3,8 | 4,1 | 5,7 | 6,2 | 7,0 | 8,6 | 9,4 | 
460
*********460  1,3 | 2,5 | 3,8 | 4,1 | 5,7 | 6,2 | 7,0 | 8,6 | 9,4 | 
461
*********461  1,3 | 2,5 | 3,8 | 4,1 | 5,7 | 6,2 | 7,0 | 8,6 | 9,4 | 
462
*********462  1,3 | 2,5 | 3,8 | 4,1 | 5,7 | 6,2 | 7,0 | 8,6 | 9,4 | 
463
*********463  1,3 | 2,5 | 3,8 | 4,1 | 5,7 | 6,2 | 7,0 | 8,6 | 9,4 | 
464
*********464  1,3 | 2,5 | 3,8 | 4,1 | 5,7 | 6,2 | 7,0 | 8,6 | 9,4 | 
465
*********465  1,3 | 2,5 | 3,8 | 4,1 | 5,7 | 6,2 | 7,0 | 8,6 | 9,4 | 
466
*********466  1,3 | 2,5 | 3,8 | 4,1 | 5,7 | 6,2 | 7,0 | 8,6 | 9,4 | 
467
*********467  1,3 | 2,5 | 3,8 | 4,1 | 5,7 | 6,2 | 7,0 | 8,6 | 9,4 | 
468
*********468  1,3 | 2,5 | 3,8 | 4,1 | 5,7 | 6,2 | 7,0 | 8,6 | 9,4 | 
469
*********469  1,3 | 2,5 | 3,8 | 4,1 | 5,7 | 6,2 | 7,0 | 8,6 | 9,4 | 
470
*********470  1,3 | 2,5 | 3,8 | 4,1 | 5,7 | 6,2 | 7,0 | 8,6 | 9,4 | 
471
472
*********472  1,0 | 2,1 | 3,7 | 4,3 | 5,8 | 6,4 | 7,2 | 8,5 | 9,6 | 
473
*********473  1,0 | 2,1 | 3,7 | 4,3 | 5,8 | 6,4 | 7,2 | 8,5 | 9,6 | 
474
*********474  1,0 | 2,1 | 3,7 | 4,3 | 5,8 | 6,4 | 7,2 | 8,5 | 9,6 | 
475
*********475  1,0 | 2,1 | 3,7 | 4,3 | 5,8 | 6,4 | 7,2 | 8,5 | 9,6 | 
476
*********476  1,0 | 2,1 | 3,7 | 4,3 | 5,8 | 6,4 | 7,2 | 8,5 | 9,6 | 
477
*********477  1,0 | 2,1 | 3,7 | 4,3 | 5,8 | 6,4 | 7,2 | 8,5 | 9,6 | 
478
*********478  1,0 | 2,1 | 3,7 | 4,3 | 5,8 | 6,4 | 7,2 | 8,5 | 9,6 | 
479
*********479  1,0 | 2,1 | 3,7 | 4,3 | 5,8 | 6,4 | 7,2 | 8,5 | 9,6 | 
480
*********480  1,0 | 2,1 | 3,7 | 4,3 | 5,8 | 6,4 | 7,2 | 8,5 | 9,6 | 
481
*********481  1,0 | 2,1 | 3,7 | 4,3 | 5,8 | 6,4 | 7,2 | 8,5 | 9,6 | 
482
483
484
485
486
487
488
489
490
491
492
493
494
495
496
497
498
499
*********499  1,4 | 2,8 | 3,5 | 4,7 | 5,6 | 6,1 | 7,3 | 8,2 | 9,0 | 
500
*********500  1,4 | 2,8 | 3,5 | 4,7 | 5,6 | 6,1 | 7,3 | 8,2 | 9,0 | 
501
*********501  1,4 | 2,8 | 3,5 | 4,7 | 5,6 | 6,1 | 7,3 | 8,2 | 9,0 | 
502
*********502  1,4 | 2,8 | 3,5 | 4,7 | 5,6 | 6,1 | 7,3 | 8,2 | 9,0 | 
503
*********503  1,4 | 2,8 | 3,5 | 4,7 | 5,6 | 6,1 | 7,3 | 8,2 | 9,0 | 
504
*********504  1,4 | 2,8 | 3,5 | 4,7 | 5,6 | 6,1 | 7,3 | 8,2 | 9,0 | 
505
*********505  1,4 | 2,8 | 3,5 | 4,7 | 5,6 | 6,1 | 7,3 | 8,2 | 9,0 | 
506
*********506  1,4 | 2,8 | 3,5 | 4,7 | 5,6 | 6,1 | 7,3 | 8,2 | 9,0 | 
507
*********507  1,4 | 2,8 | 3,5 | 4,7 | 5,6 | 6,1 | 7,3 | 8,2 | 9,0 | 
508
*********508  1,4 | 2,8 | 3,5 | 4,7 | 5,6 | 6,1 | 7,3 | 8,2 | 9,0 | 
509
*********509  1,4 | 2,8 | 3,5 | 4,7 | 5,6 | 6,1 | 7,3 | 8,2 | 9,0 | 
510
511
512
513
514
515
516
517
518
519
520
521
522
523
*********523  1,3 | 2,5 | 3,6 | 4,4 | 5,2 | 6,7 | 7,0 | 8,8 | 9,1 | 
524
*********524  1,3 | 2,5 | 3,6 | 4,4 | 5,2 | 6,7 | 7,0 | 8,8 | 9,1 | 
525
*********525  1,3 | 2,5 | 3,6 | 4,4 | 5,2 | 6,7 | 7,0 | 8,8 | 9,1 | 
526
*********526  1,3 | 2,5 | 3,6 | 4,4 | 5,2 | 6,7 | 7,0 | 8,8 | 9,1 | 
527
*********527  1,3 | 2,5 | 3,6 | 4,4 | 5,2 | 6,7 | 7,0 | 8,8 | 9,1 | 
528
*********528  1,3 | 2,5 | 3,6 | 4,4 | 5,2 | 6,7 | 7,0 | 8,8 | 9,1 | 
529
*********529  1,3 | 2,5 | 3,6 | 4,4 | 5,2 | 6,7 | 7,0 | 8,8 | 9,1 | 
530
*********530  1,3 | 2,5 | 3,6 | 4,4 | 5,2 | 6,7 | 7,0 | 8,8 | 9,1 | 
531
*********531  1,3 | 2,5 | 3,6 | 4,4 | 5,2 | 6,7 | 7,0 | 8,8 | 9,1 | 
532
*********532  1,3 | 2,5 | 3,6 | 4,4 | 5,2 | 6,7 | 7,0 | 8,8 | 9,1 | 
533
*********533  1,3 | 2,5 | 3,6 | 4,4 | 5,2 | 6,7 | 7,0 | 8,8 | 9,1 | 
534
535
*********535  1,4 | 2,5 | 3,2 | 4,0 | 5,8 | 6,7 | 7,1 | 8,6 | 9,3 | 
536
*********536  1,4 | 2,5 | 3,2 | 4,0 | 5,8 | 6,7 | 7,1 | 8,6 | 9,3 | 
537
*********537  1,4 | 2,5 | 3,2 | 4,0 | 5,8 | 6,7 | 7,1 | 8,6 | 9,3 | 
538
*********538  1,4 | 2,5 | 3,2 | 4,0 | 5,8 | 6,7 | 7,1 | 8,6 | 9,3 | 
539
*********539  1,4 | 2,5 | 3,2 | 4,0 | 5,8 | 6,7 | 7,1 | 8,6 | 9,3 | 
540
*********540  1,4 | 2,5 | 3,2 | 4,0 | 5,8 | 6,7 | 7,1 | 8,6 | 9,3 | 
541
*********541  1,4 | 2,5 | 3,2 | 4,0 | 5,8 | 6,7 | 7,1 | 8,6 | 9,3 | 
542
*********542  1,4 | 2,5 | 3,2 | 4,0 | 5,8 | 6,7 | 7,1 | 8,6 | 9,3 | 
543
544
545
*********545  1,3 | 2,2 | 3,4 | 4,0 | 5,8 | 6,5 | 7,1 | 8,6 | 9,7 | 
546
*********546  1,3 | 2,2 | 3,4 | 4,0 | 5,8 | 6,5 | 7,1 | 8,6 | 9,7 | 
547
*********547  1,3 | 2,2 | 3,4 | 4,0 | 5,8 | 6,5 | 7,1 | 8,6 | 9,7 | 
548
*********548  1,3 | 2,2 | 3,4 | 4,0 | 5,8 | 6,5 | 7,1 | 8,6 | 9,7 | 
549
*********549  1,3 | 2,2 | 3,4 | 4,0 | 5,8 | 6,5 | 7,1 | 8,6 | 9,7 | 
550
*********550  1,3 | 2,2 | 3,4 | 4,0 | 5,8 | 6,5 | 7,1 | 8,6 | 9,7 | 
551
*********551  1,3 | 2,2 | 3,4 | 4,0 | 5,8 | 6,5 | 7,1 | 8,6 | 9,7 | 
552
*********552  1,3 | 2,2 | 3,4 | 4,0 | 5,8 | 6,5 | 7,1 | 8,6 | 9,7 | 
553
*********553  1,3 | 2,2 | 3,4 | 4,0 | 5,8 | 6,5 | 7,1 | 8,6 | 9,7 | 
554
*********554  1,3 | 2,2 | 3,4 | 4,0 | 5,8 | 6,5 | 7,1 | 8,6 | 9,7 | 
555
*********555  1,3 | 2,2 | 3,4 | 4,0 | 5,8 | 6,5 | 7,1 | 8,6 | 9,7 | 
556
*********556  1,3 | 2,2 | 3,4 | 4,0 | 5,8 | 6,5 | 7,1 | 8,6 | 9,7 | 
557
*********557  1,3 | 2,2 | 3,4 | 4,0 | 5,8 | 6,5 | 7,1 | 8,6 | 9,7 | 
558
559
560
*********560  1,6 | 2,8 | 3,0 | 4,4 | 5,2 | 6,1 | 7,3 | 8,5 | 9,7 | 
561
*********561  1,6 | 2,8 | 3,0 | 4,4 | 5,2 | 6,1 | 7,3 | 8,5 | 9,7 | 
562
*********562  1,6 | 2,8 | 3,0 | 4,4 | 5,2 | 6,1 | 7,3 | 8,5 | 9,7 | 
563
*********563  1,6 | 2,8 | 3,0 | 4,4 | 5,2 | 6,1 | 7,3 | 8,5 | 9,7 | 
564
*********564  1,6 | 2,8 | 3,0 | 4,4 | 5,2 | 6,1 | 7,3 | 8,5 | 9,7 | 
565
*********565  1,6 | 2,8 | 3,0 | 4,4 | 5,2 | 6,1 | 7,3 | 8,5 | 9,7 | 
566
*********566  1,6 | 2,8 | 3,0 | 4,4 | 5,2 | 6,1 | 7,3 | 8,5 | 9,7 | 
567
*********567  1,6 | 2,8 | 3,0 | 4,4 | 5,2 | 6,1 | 7,3 | 8,5 | 9,7 | 
568
*********568  1,6 | 2,8 | 3,0 | 4,4 | 5,2 | 6,1 | 7,3 | 8,5 | 9,7 | 
569
*********569  1,6 | 2,8 | 3,0 | 4,4 | 5,2 | 6,1 | 7,3 | 8,5 | 9,7 | 
570
571
*********571  1,2 | 2,3 | 3,1 | 4,4 | 5,6 | 6,8 | 7,5 | 8,7 | 9,0 | 
572
*********572  1,2 | 2,3 | 3,1 | 4,4 | 5,6 | 6,8 | 7,5 | 8,7 | 9,0 | 
573
*********573  1,2 | 2,3 | 3,1 | 4,4 | 5,6 | 6,8 | 7,5 | 8,7 | 9,0 | 
574
*********574  1,2 | 2,3 | 3,1 | 4,4 | 5,6 | 6,8 | 7,5 | 8,7 | 9,0 | 
575
*********575  1,2 | 2,3 | 3,1 | 4,4 | 5,6 | 6,8 | 7,5 | 8,7 | 9,0 | 
576
*********576  1,2 | 2,3 | 3,1 | 4,4 | 5,6 | 6,8 | 7,5 | 8,7 | 9,0 | 
577
*********577  1,2 | 2,3 | 3,1 | 4,4 | 5,6 | 6,8 | 7,5 | 8,7 | 9,0 | 
578
*********578  1,2 | 2,3 | 3,1 | 4,4 | 5,6 | 6,8 | 7,5 | 8,7 | 9,0 | 
579
*********579  1,2 | 2,3 | 3,1 | 4,4 | 5,6 | 6,8 | 7,5 | 8,7 | 9,0 | 
580
*********580  1,2 | 2,3 | 3,1 | 4,4 | 5,6 | 6,8 | 7,5 | 8,7 | 9,0 | 
581
*********581  1,2 | 2,3 | 3,1 | 4,4 | 5,6 | 6,8 | 7,5 | 8,7 | 9,0 | 
582
*********582  1,2 | 2,3 | 3,1 | 4,4 | 5,6 | 6,8 | 7,5 | 8,7 | 9,0 | 
583
*********583  1,2 | 2,3 | 3,1 | 4,4 | 5,6 | 6,8 | 7,5 | 8,7 | 9,0 | 
584
585
586
*********586  1,5 | 2,4 | 3,8 | 4,7 | 5,1 | 6,0 | 7,6 | 8,3 | 9,2 | 
587
*********587  1,5 | 2,4 | 3,8 | 4,7 | 5,1 | 6,0 | 7,6 | 8,3 | 9,2 | 
588
*********588  1,5 | 2,4 | 3,8 | 4,7 | 5,1 | 6,0 | 7,6 | 8,3 | 9,2 | 
589
*********589  1,5 | 2,4 | 3,8 | 4,7 | 5,1 | 6,0 | 7,6 | 8,3 | 9,2 | 
590
*********590  1,5 | 2,4 | 3,8 | 4,7 | 5,1 | 6,0 | 7,6 | 8,3 | 9,2 | 
591
*********591  1,5 | 2,4 | 3,8 | 4,7 | 5,1 | 6,0 | 7,6 | 8,3 | 9,2 | 
592
*********592  1,5 | 2,4 | 3,8 | 4,7 | 5,1 | 6,0 | 7,6 | 8,3 | 9,2 | 
593
*********593  1,5 | 2,4 | 3,8 | 4,7 | 5,1 | 6,0 | 7,6 | 8,3 | 9,2 | 
594
*********594  1,5 | 2,4 | 3,8 | 4,7 | 5,1 | 6,0 | 7,6 | 8,3 | 9,2 | 
595
*********595  1,5 | 2,4 | 3,8 | 4,7 | 5,1 | 6,0 | 7,6 | 8,3 | 9,2 | 
596
*********596  1,5 | 2,4 | 3,8 | 4,7 | 5,1 | 6,0 | 7,6 | 8,3 | 9,2 | 
597
*********597  1,5 | 2,4 | 3,8 | 4,7 | 5,1 | 6,0 | 7,6 | 8,3 | 9,2 | 
598
599
600
*********600  1,7 | 2,0 | 3,3 | 4,2 | 5,6 | 6,1 | 7,5 | 8,4 | 9,8 | 
601
*********601  1,7 | 2,0 | 3,3 | 4,2 | 5,6 | 6,1 | 7,5 | 8,4 | 9,8 | 
602
*********602  1,7 | 2,0 | 3,3 | 4,2 | 5,6 | 6,1 | 7,5 | 8,4 | 9,8 | 
603
*********603  1,7 | 2,0 | 3,3 | 4,2 | 5,6 | 6,1 | 7,5 | 8,4 | 9,8 | 
604
*********604  1,7 | 2,0 | 3,3 | 4,2 | 5,6 | 6,1 | 7,5 | 8,4 | 9,8 | 
605
*********605  1,7 | 2,0 | 3,3 | 4,2 | 5,6 | 6,1 | 7,5 | 8,4 | 9,8 | 
606
*********606  1,7 | 2,0 | 3,3 | 4,2 | 5,6 | 6,1 | 7,5 | 8,4 | 9,8 | 
607
*********607  1,7 | 2,0 | 3,3 | 4,2 | 5,6 | 6,1 | 7,5 | 8,4 | 9,8 | 
608
*********608  1,7 | 2,0 | 3,3 | 4,2 | 5,6 | 6,1 | 7,5 | 8,4 | 9,8 | 
609
*********609  1,7 | 2,0 | 3,3 | 4,2 | 5,6 | 6,1 | 7,5 | 8,4 | 9,8 | 
610
*********610  1,7 | 2,0 | 3,3 | 4,2 | 5,6 | 6,1 | 7,5 | 8,4 | 9,8 | 
611
*********611  1,7 | 2,0 | 3,3 | 4,2 | 5,6 | 6,1 | 7,5 | 8,4 | 9,8 | 
612
*********612  1,7 | 2,0 | 3,3 | 4,2 | 5,6 | 6,1 | 7,5 | 8,4 | 9,8 | 
613
614
615
*********615  1,8 | 2,6 | 3,1 | 4,2 | 5,3 | 6,4 | 7,0 | 8,7 | 9,5 | 
616
*********616  1,8 | 2,6 | 3,1 | 4,2 | 5,3 | 6,4 | 7,0 | 8,7 | 9,5 | 
617
*********617  1,8 | 2,6 | 3,1 | 4,2 | 5,3 | 6,4 | 7,0 | 8,7 | 9,5 | 
618
*********618  1,8 | 2,6 | 3,1 | 4,2 | 5,3 | 6,4 | 7,0 | 8,7 | 9,5 | 
619
*********619  1,8 | 2,6 | 3,1 | 4,2 | 5,3 | 6,4 | 7,0 | 8,7 | 9,5 | 
620
*********620  1,8 | 2,6 | 3,1 | 4,2 | 5,3 | 6,4 | 7,0 | 8,7 | 9,5 | 
621
*********621  1,8 | 2,6 | 3,1 | 4,2 | 5,3 | 6,4 | 7,0 | 8,7 | 9,5 | 
622
*********622  1,8 | 2,6 | 3,1 | 4,2 | 5,3 | 6,4 | 7,0 | 8,7 | 9,5 | 
623
*********623  1,8 | 2,6 | 3,1 | 4,2 | 5,3 | 6,4 | 7,0 | 8,7 | 9,5 | 
624
*********624  1,8 | 2,6 | 3,1 | 4,2 | 5,3 | 6,4 | 7,0 | 8,7 | 9,5 | 
625
*********625  1,8 | 2,6 | 3,1 | 4,2 | 5,3 | 6,4 | 7,0 | 8,7 | 9,5 | 
626
*********626  1,8 | 2,6 | 3,1 | 4,2 | 5,3 | 6,4 | 7,0 | 8,7 | 9,5 | 
627
*********627  1,8 | 2,6 | 3,1 | 4,2 | 5,3 | 6,4 | 7,0 | 8,7 | 9,5 | 
628
629
630
*********630  1,6 | 2,2 | 3,1 | 4,3 | 5,7 | 6,5 | 7,4 | 8,0 | 9,8 | 
631
*********631  1,6 | 2,2 | 3,1 | 4,3 | 5,7 | 6,5 | 7,4 | 8,0 | 9,8 | 
632
*********632  1,6 | 2,2 | 3,1 | 4,3 | 5,7 | 6,5 | 7,4 | 8,0 | 9,8 | 
633
*********633  1,6 | 2,2 | 3,1 | 4,3 | 5,7 | 6,5 | 7,4 | 8,0 | 9,8 | 
634
*********634  1,6 | 2,2 | 3,1 | 4,3 | 5,7 | 6,5 | 7,4 | 8,0 | 9,8 | 
635
*********635  1,6 | 2,2 | 3,1 | 4,3 | 5,7 | 6,5 | 7,4 | 8,0 | 9,8 | 
636
*********636  1,6 | 2,2 | 3,1 | 4,3 | 5,7 | 6,5 | 7,4 | 8,0 | 9,8 | 
637
*********637  1,6 | 2,2 | 3,1 | 4,3 | 5,7 | 6,5 | 7,4 | 8,0 | 9,8 | 
638
*********638  1,6 | 2,2 | 3,1 | 4,3 | 5,7 | 6,5 | 7,4 | 8,0 | 9,8 | 
639
*********639  1,6 | 2,2 | 3,1 | 4,3 | 5,7 | 6,5 | 7,4 | 8,0 | 9,8 | 
640
*********640  1,6 | 2,2 | 3,1 | 4,3 | 5,7 | 6,5 | 7,4 | 8,0 | 9,8 | 
641
*********641  1,6 | 2,2 | 3,1 | 4,3 | 5,7 | 6,5 | 7,4 | 8,0 | 9,8 | 
642
643
644
*********644  1,8 | 2,4 | 3,6 | 4,1 | 5,2 | 6,7 | 7,5 | 8,3 | 9,0 | 
645
*********645  1,8 | 2,4 | 3,6 | 4,1 | 5,2 | 6,7 | 7,5 | 8,3 | 9,0 | 
646
*********646  1,8 | 2,4 | 3,6 | 4,1 | 5,2 | 6,7 | 7,5 | 8,3 | 9,0 | 
647
*********647  1,8 | 2,4 | 3,6 | 4,1 | 5,2 | 6,7 | 7,5 | 8,3 | 9,0 | 
648
*********648  1,8 | 2,4 | 3,6 | 4,1 | 5,2 | 6,7 | 7,5 | 8,3 | 9,0 | 
649
*********649  1,8 | 2,4 | 3,6 | 4,1 | 5,2 | 6,7 | 7,5 | 8,3 | 9,0 | 
650
*********650  1,8 | 2,4 | 3,6 | 4,1 | 5,2 | 6,7 | 7,5 | 8,3 | 9,0 | 
651
*********651  1,8 | 2,4 | 3,6 | 4,1 | 5,2 | 6,7 | 7,5 | 8,3 | 9,0 | 
652
*********652  1,8 | 2,4 | 3,6 | 4,1 | 5,2 | 6,7 | 7,5 | 8,3 | 9,0 | 
653
*********653  1,8 | 2,4 | 3,6 | 4,1 | 5,2 | 6,7 | 7,5 | 8,3 | 9,0 | 
654
655
*********655  1,8 | 2,5 | 3,6 | 4,4 | 5,3 | 6,2 | 7,0 | 8,1 | 9,7 | 
656
*********656  1,8 | 2,5 | 3,6 | 4,4 | 5,3 | 6,2 | 7,0 | 8,1 | 9,7 | 
657
*********657  1,8 | 2,5 | 3,6 | 4,4 | 5,3 | 6,2 | 7,0 | 8,1 | 9,7 | 
658
*********658  1,8 | 2,5 | 3,6 | 4,4 | 5,3 | 6,2 | 7,0 | 8,1 | 9,7 | 
659
*********659  1,8 | 2,5 | 3,6 | 4,4 | 5,3 | 6,2 | 7,0 | 8,1 | 9,7 | 
660
*********660  1,8 | 2,5 | 3,6 | 4,4 | 5,3 | 6,2 | 7,0 | 8,1 | 9,7 | 
661
*********661  1,8 | 2,5 | 3,6 | 4,4 | 5,3 | 6,2 | 7,0 | 8,1 | 9,7 | 
662
*********662  1,8 | 2,5 | 3,6 | 4,4 | 5,3 | 6,2 | 7,0 | 8,1 | 9,7 | 
663
*********663  1,8 | 2,5 | 3,6 | 4,4 | 5,3 | 6,2 | 7,0 | 8,1 | 9,7 | 
664
*********664  1,8 | 2,5 | 3,6 | 4,4 | 5,3 | 6,2 | 7,0 | 8,1 | 9,7 | 
665
*********665  1,8 | 2,5 | 3,6 | 4,4 | 5,3 | 6,2 | 7,0 | 8,1 | 9,7 | 
666
*********666  1,8 | 2,5 | 3,6 | 4,4 | 5,3 | 6,2 | 7,0 | 8,1 | 9,7 | 
667
668
669
670
671
672
673
*********673  1,2 | 2,6 | 3,0 | 4,7 | 5,1 | 6,5 | 7,3 | 8,8 | 9,4 | 
674
*********674  1,2 | 2,6 | 3,0 | 4,7 | 5,1 | 6,5 | 7,3 | 8,8 | 9,4 | 
675
*********675  1,2 | 2,6 | 3,0 | 4,7 | 5,1 | 6,5 | 7,3 | 8,8 | 9,4 | 
676
*********676  1,2 | 2,6 | 3,0 | 4,7 | 5,1 | 6,5 | 7,3 | 8,8 | 9,4 | 
677
*********677  1,2 | 2,6 | 3,0 | 4,7 | 5,1 | 6,5 | 7,3 | 8,8 | 9,4 | 
678
*********678  1,2 | 2,6 | 3,0 | 4,7 | 5,1 | 6,5 | 7,3 | 8,8 | 9,4 | 
679
*********679  1,2 | 2,6 | 3,0 | 4,7 | 5,1 | 6,5 | 7,3 | 8,8 | 9,4 | 
680
*********680  1,2 | 2,6 | 3,0 | 4,7 | 5,1 | 6,5 | 7,3 | 8,8 | 9,4 | 
681
*********681  1,2 | 2,6 | 3,0 | 4,7 | 5,1 | 6,5 | 7,3 | 8,8 | 9,4 | 
682
*********682  1,2 | 2,6 | 3,0 | 4,7 | 5,1 | 6,5 | 7,3 | 8,8 | 9,4 | 
683
684
*********684  1,4 | 2,3 | 3,1 | 4,5 | 5,8 | 6,7 | 7,2 | 8,0 | 9,6 | 
685
*********685  1,4 | 2,3 | 3,1 | 4,5 | 5,8 | 6,7 | 7,2 | 8,0 | 9,6 | 
686
687
688
689
690
691
692
693
694
695
*********695  1,4 | 2,3 | 3,1 | 4,5 | 5,8 | 6,7 | 7,2 | 8,0 | 9,6 | 
696
*********696  1,4 | 2,3 | 3,1 | 4,5 | 5,8 | 6,7 | 7,2 | 8,0 | 9,6 | 
697
*********697  1,4 | 2,3 | 3,1 | 4,5 | 5,8 | 6,7 | 7,2 | 8,0 | 9,6 | 
698
699
700
*********700  1,5 | 2,2 | 3,3 | 4,0 | 5,6 | 6,8 | 7,4 | 8,1 | 9,7 | 
701
*********701  1,5 | 2,2 | 3,3 | 4,0 | 5,6 | 6,8 | 7,4 | 8,1 | 9,7 | 
702
*********702  1,5 | 2,2 | 3,3 | 4,0 | 5,6 | 6,8 | 7,4 | 8,1 | 9,7 | 
703
*********703  1,5 | 2,2 | 3,3 | 4,0 | 5,6 | 6,8 | 7,4 | 8,1 | 9,7 | 
704
*********704  1,5 | 2,2 | 3,3 | 4,0 | 5,6 | 6,8 | 7,4 | 8,1 | 9,7 | 
705
*********705  1,5 | 2,2 | 3,3 | 4,0 | 5,6 | 6,8 | 7,4 | 8,1 | 9,7 | 
706
*********706  1,5 | 2,2 | 3,3 | 4,0 | 5,6 | 6,8 | 7,4 | 8,1 | 9,7 | 
707
*********707  1,5 | 2,2 | 3,3 | 4,0 | 5,6 | 6,8 | 7,4 | 8,1 | 9,7 | 
708
*********708  1,5 | 2,2 | 3,3 | 4,0 | 5,6 | 6,8 | 7,4 | 8,1 | 9,7 | 
709
*********709  1,5 | 2,2 | 3,3 | 4,0 | 5,6 | 6,8 | 7,4 | 8,1 | 9,7 | 
710
*********710  1,5 | 2,2 | 3,3 | 4,0 | 5,6 | 6,8 | 7,4 | 8,1 | 9,7 | 
711
712
713
714
*********714  1,3 | 2,8 | 3,2 | 4,1 | 5,0 | 6,7 | 7,5 | 8,4 | 9,6 | 
715
*********715  1,3 | 2,8 | 3,2 | 4,1 | 5,6 | 6,7 | 7,5 | 8,4 | 9,0 | 
716
*********716  1,3 | 2,8 | 3,2 | 4,1 | 5,6 | 6,7 | 7,5 | 8,4 | 9,0 | 
717
*********717  1,3 | 2,8 | 3,2 | 4,1 | 5,0 | 6,7 | 7,5 | 8,4 | 9,6 | 
718
*********718  1,3 | 2,8 | 3,2 | 4,1 | 5,0 | 6,7 | 7,5 | 8,4 | 9,6 | 
719
*********719  1,3 | 2,8 | 3,2 | 4,1 | 5,6 | 6,7 | 7,5 | 8,4 | 9,0 | 
720
*********720  1,3 | 2,8 | 3,2 | 4,1 | 5,0 | 6,7 | 7,5 | 8,4 | 9,6 | 
721
*********721  1,3 | 2,8 | 3,2 | 4,1 | 5,0 | 6,7 | 7,5 | 8,4 | 9,6 | 
722
*********722  1,3 | 2,8 | 3,2 | 4,1 | 5,0 | 6,7 | 7,5 | 8,4 | 9,6 | 
723
*********723  1,3 | 2,8 | 3,2 | 4,1 | 5,0 | 6,7 | 7,5 | 8,4 | 9,6 | 
724
*********724  1,3 | 2,8 | 3,2 | 4,1 | 5,0 | 6,7 | 7,5 | 8,4 | 9,6 | 
725
*********725  1,3 | 2,8 | 3,2 | 4,1 | 5,0 | 6,7 | 7,5 | 8,4 | 9,6 | 
726
*********726  1,3 | 2,8 | 3,2 | 4,1 | 5,6 | 6,7 | 7,5 | 8,4 | 9,0 | 
727
728
729
730
*********730  1,7 | 2,6 | 3,3 | 4,4 | 5,8 | 6,1 | 7,2 | 8,0 | 9,5 | 
731
*********731  1,7 | 2,6 | 3,3 | 4,4 | 5,8 | 6,1 | 7,2 | 8,0 | 9,5 | 
732
*********732  1,7 | 2,6 | 3,3 | 4,4 | 5,8 | 6,1 | 7,2 | 8,0 | 9,5 | 
733
*********733  1,7 | 2,6 | 3,3 | 4,4 | 5,8 | 6,1 | 7,2 | 8,0 | 9,5 | 
734
*********734  1,7 | 2,6 | 3,3 | 4,4 | 5,8 | 6,1 | 7,2 | 8,0 | 9,5 | 
735
*********735  1,7 | 2,6 | 3,3 | 4,4 | 5,8 | 6,1 | 7,2 | 8,0 | 9,5 | 
736
*********736  1,7 | 2,6 | 3,3 | 4,4 | 5,8 | 6,1 | 7,2 | 8,0 | 9,5 | 
737
*********737  1,7 | 2,6 | 3,3 | 4,4 | 5,8 | 6,1 | 7,2 | 8,0 | 9,5 | 
738
*********738  1,7 | 2,6 | 3,3 | 4,4 | 5,8 | 6,1 | 7,2 | 8,0 | 9,5 | 
739
*********739  1,7 | 2,6 | 3,3 | 4,4 | 5,8 | 6,1 | 7,2 | 8,0 | 9,5 | 
740
*********740  1,7 | 2,6 | 3,3 | 4,4 | 5,8 | 6,1 | 7,2 | 8,0 | 9,5 | 
741
*********741  1,7 | 2,6 | 3,3 | 4,4 | 5,8 | 6,1 | 7,2 | 8,0 | 9,5 | 
742
*********742  1,7 | 2,6 | 3,3 | 4,4 | 5,8 | 6,1 | 7,2 | 8,0 | 9,5 | 
743
*********743  1,7 | 2,6 | 3,3 | 4,4 | 5,8 | 6,1 | 7,2 | 8,0 | 9,5 | 
744
745
746
747
748
*********748  1,2 | 2,8 | 3,6 | 4,4 | 5,3 | 6,7 | 7,5 | 8,0 | 9,1 | 
749
750
751
752
*********752  1,2 | 2,8 | 3,6 | 4,4 | 5,3 | 6,7 | 7,5 | 8,0 | 9,1 | 
753
754
*********754  1,2 | 2,8 | 3,6 | 4,4 | 5,3 | 6,7 | 7,5 | 8,0 | 9,1 | 
755
756
757
758
759
760
761
762
763
764
765
766
767
768
769
770
771
772
773
774
*********774  1,0 | 2,5 | 3,1 | 4,2 | 5,6 | 6,4 | 7,7 | 8,3 | 9,8 | 
775
*********775  1,0 | 2,5 | 3,1 | 4,2 | 5,6 | 6,4 | 7,7 | 8,3 | 9,8 | 
776
*********776  1,0 | 2,5 | 3,1 | 4,2 | 5,6 | 6,4 | 7,7 | 8,3 | 9,8 | 
777
*********777  1,0 | 2,5 | 3,1 | 4,2 | 5,6 | 6,4 | 7,7 | 8,3 | 9,8 | 
778
*********778  1,0 | 2,5 | 3,1 | 4,2 | 5,6 | 6,4 | 7,7 | 8,3 | 9,8 | 
779
*********779  1,0 | 2,5 | 3,1 | 4,2 | 5,6 | 6,4 | 7,7 | 8,3 | 9,8 | 
780
*********780  1,0 | 2,5 | 3,1 | 4,2 | 5,6 | 6,4 | 7,7 | 8,3 | 9,8 | 
781
*********781  1,0 | 2,5 | 3,1 | 4,2 | 5,6 | 6,4 | 7,7 | 8,3 | 9,8 | 
782
*********782  1,0 | 2,5 | 3,1 | 4,2 | 5,6 | 6,4 | 7,7 | 8,3 | 9,8 | 
783
*********783  1,0 | 2,5 | 3,1 | 4,2 | 5,6 | 6,4 | 7,7 | 8,3 | 9,8 | 
784
*********784  1,0 | 2,5 | 3,1 | 4,2 | 5,6 | 6,4 | 7,7 | 8,3 | 9,8 | 
785
*********785  1,0 | 2,5 | 3,1 | 4,2 | 5,6 | 6,4 | 7,7 | 8,3 | 9,8 | 
786
*********786  1,0 | 2,5 | 3,1 | 4,2 | 5,6 | 6,4 | 7,7 | 8,3 | 9,8 | 
787
*********787  1,0 | 2,5 | 3,1 | 4,2 | 5,6 | 6,4 | 7,7 | 8,3 | 9,8 | 
788
*********788  1,0 | 2,5 | 3,1 | 4,2 | 5,6 | 6,4 | 7,7 | 8,3 | 9,8 | 
789
790
791
792
*********792  1,0 | 2,5 | 3,6 | 4,2 | 5,8 | 6,4 | 7,1 | 8,3 | 9,7 | 
793
*********793  1,0 | 2,5 | 3,6 | 4,2 | 5,8 | 6,4 | 7,1 | 8,3 | 9,7 | 
794
*********794  1,0 | 2,5 | 3,6 | 4,2 | 5,8 | 6,4 | 7,1 | 8,3 | 9,7 | 
795
*********795  1,0 | 2,5 | 3,6 | 4,2 | 5,8 | 6,4 | 7,1 | 8,3 | 9,7 | 
796
*********796  1,0 | 2,5 | 3,6 | 4,2 | 5,8 | 6,4 | 7,1 | 8,3 | 9,7 | 
797
*********797  1,0 | 2,5 | 3,6 | 4,2 | 5,8 | 6,4 | 7,1 | 8,3 | 9,7 | 
798
*********798  1,0 | 2,5 | 3,6 | 4,2 | 5,8 | 6,4 | 7,1 | 8,3 | 9,7 | 
799
*********799  1,0 | 2,5 | 3,6 | 4,2 | 5,8 | 6,4 | 7,1 | 8,3 | 9,7 | 
800
*********800  1,0 | 2,5 | 3,6 | 4,2 | 5,8 | 6,4 | 7,1 | 8,3 | 9,7 | 
801
*********801  1,0 | 2,5 | 3,6 | 4,2 | 5,8 | 6,4 | 7,1 | 8,3 | 9,7 | 
802
*********802  1,0 | 2,5 | 3,6 | 4,2 | 5,8 | 6,4 | 7,1 | 8,3 | 9,7 | 
803
*********803  1,0 | 2,5 | 3,6 | 4,2 | 5,8 | 6,4 | 7,1 | 8,3 | 9,7 | 
804
*********804  1,0 | 2,5 | 3,6 | 4,2 | 5,8 | 6,4 | 7,1 | 8,3 | 9,7 | 
805
806
807
*********807  1,1 | 2,6 | 3,4 | 4,3 | 5,7 | 6,8 | 7,5 | 8,0 | 9,2 | 
808
*********808  1,1 | 2,6 | 3,4 | 4,3 | 5,7 | 6,8 | 7,5 | 8,0 | 9,2 | 
809
*********809  1,1 | 2,6 | 3,4 | 4,3 | 5,7 | 6,8 | 7,5 | 8,0 | 9,2 | 
810
*********810  1,1 | 2,6 | 3,4 | 4,3 | 5,7 | 6,8 | 7,5 | 8,0 | 9,2 | 
811
*********811  1,1 | 2,6 | 3,4 | 4,3 | 5,7 | 6,8 | 7,5 | 8,0 | 9,2 | 
812
*********812  1,1 | 2,6 | 3,4 | 4,3 | 5,7 | 6,8 | 7,5 | 8,0 | 9,2 | 
813
*********813  1,1 | 2,6 | 3,4 | 4,3 | 5,7 | 6,8 | 7,5 | 8,0 | 9,2 | 
814
*********814  1,1 | 2,6 | 3,4 | 4,3 | 5,7 | 6,8 | 7,5 | 8,0 | 9,2 | 
815
*********815  1,1 | 2,6 | 3,4 | 4,3 | 5,7 | 6,8 | 7,5 | 8,0 | 9,2 | 
816
*********816  1,1 | 2,6 | 3,4 | 4,3 | 5,7 | 6,8 | 7,5 | 8,0 | 9,2 | 
817
*********817  1,1 | 2,6 | 3,4 | 4,3 | 5,7 | 6,8 | 7,5 | 8,0 | 9,2 | 
818
*********818  1,1 | 2,6 | 3,4 | 4,3 | 5,7 | 6,8 | 7,5 | 8,0 | 9,2 | 
819
*********819  1,1 | 2,6 | 3,4 | 4,3 | 5,7 | 6,8 | 7,5 | 8,0 | 9,2 | 
820
*********820  1,1 | 2,6 | 3,4 | 4,3 | 5,7 | 6,8 | 7,5 | 8,0 | 9,2 | 
821
*********821  1,1 | 2,6 | 3,4 | 4,3 | 5,7 | 6,8 | 7,5 | 8,0 | 9,2 | 
822
823
824
*********824  1,8 | 2,4 | 3,5 | 4,3 | 5,0 | 6,6 | 7,2 | 8,1 | 9,7 | 
825
*********825  1,8 | 2,4 | 3,5 | 4,3 | 5,0 | 6,6 | 7,2 | 8,1 | 9,7 | 
826
*********826  1,8 | 2,4 | 3,5 | 4,3 | 5,0 | 6,6 | 7,2 | 8,1 | 9,7 | 
827
*********827  1,8 | 2,4 | 3,5 | 4,3 | 5,0 | 6,6 | 7,2 | 8,1 | 9,7 | 
828
*********828  1,8 | 2,4 | 3,5 | 4,3 | 5,0 | 6,6 | 7,2 | 8,1 | 9,7 | 
829
*********829  1,8 | 2,4 | 3,5 | 4,3 | 5,0 | 6,6 | 7,2 | 8,1 | 9,7 | 
830
*********830  1,8 | 2,4 | 3,5 | 4,3 | 5,0 | 6,6 | 7,2 | 8,1 | 9,7 | 
831
*********831  1,8 | 2,4 | 3,5 | 4,3 | 5,0 | 6,6 | 7,2 | 8,1 | 9,7 | 
832
*********832  1,8 | 2,4 | 3,5 | 4,3 | 5,0 | 6,6 | 7,2 | 8,1 | 9,7 | 
833
*********833  1,8 | 2,4 | 3,5 | 4,3 | 5,0 | 6,6 | 7,2 | 8,1 | 9,7 | 
834
*********834  1,8 | 2,4 | 3,5 | 4,3 | 5,0 | 6,6 | 7,2 | 8,1 | 9,7 | 
835
*********835  1,8 | 2,4 | 3,5 | 4,3 | 5,0 | 6,6 | 7,2 | 8,1 | 9,7 | 
836
*********836  1,8 | 2,4 | 3,5 | 4,3 | 5,0 | 6,6 | 7,2 | 8,1 | 9,7 | 
837
*********837  1,8 | 2,4 | 3,5 | 4,3 | 5,0 | 6,6 | 7,2 | 8,1 | 9,7 | 
838
839
840
841
842
843
844
845
846
847
848
849
850
851
*********851  1,6 | 2,4 | 3,2 | 4,1 | 5,5 | 6,8 | 7,3 | 8,0 | 9,7 | 
852
*********852  1,6 | 2,4 | 3,2 | 4,1 | 5,5 | 6,8 | 7,3 | 8,0 | 9,7 | 
853
*********853  1,6 | 2,4 | 3,2 | 4,1 | 5,5 | 6,8 | 7,3 | 8,0 | 9,7 | 
854
*********854  1,6 | 2,4 | 3,2 | 4,1 | 5,5 | 6,8 | 7,3 | 8,0 | 9,7 | 
855
*********855  1,6 | 2,4 | 3,2 | 4,1 | 5,5 | 6,8 | 7,3 | 8,0 | 9,7 | 
856
*********856  1,6 | 2,4 | 3,2 | 4,1 | 5,5 | 6,8 | 7,3 | 8,0 | 9,7 | 
857
*********857  1,6 | 2,4 | 3,2 | 4,1 | 5,5 | 6,8 | 7,3 | 8,0 | 9,7 | 
858
*********858  1,6 | 2,4 | 3,2 | 4,1 | 5,5 | 6,8 | 7,3 | 8,0 | 9,7 | 
859
*********859  1,6 | 2,4 | 3,2 | 4,1 | 5,5 | 6,8 | 7,3 | 8,0 | 9,7 | 
860
*********860  1,6 | 2,4 | 3,2 | 4,1 | 5,5 | 6,8 | 7,3 | 8,0 | 9,7 | 
861
*********861  1,6 | 2,4 | 3,2 | 4,1 | 5,5 | 6,8 | 7,3 | 8,0 | 9,7 | 
862
*********862  1,6 | 2,4 | 3,2 | 4,1 | 5,5 | 6,8 | 7,3 | 8,0 | 9,7 | 
863
864
865
866
*********866  1,4 | 2,0 | 3,8 | 4,1 | 5,2 | 6,3 | 7,7 | 8,6 | 9,5 | 
867
*********867  1,4 | 2,0 | 3,8 | 4,1 | 5,2 | 6,3 | 7,7 | 8,6 | 9,5 | 
868
869
*********869  1,4 | 2,0 | 3,8 | 4,1 | 5,2 | 6,3 | 7,7 | 8,6 | 9,5 | 
870
*********870  1,4 | 2,0 | 3,8 | 4,1 | 5,2 | 6,3 | 7,7 | 8,6 | 9,5 | 
871
*********871  1,4 | 2,0 | 3,8 | 4,1 | 5,2 | 6,3 | 7,7 | 8,6 | 9,5 | 
872
*********872  1,4 | 2,0 | 3,8 | 4,1 | 5,2 | 6,3 | 7,7 | 8,6 | 9,5 | 
873
*********873  1,4 | 2,0 | 3,8 | 4,1 | 5,2 | 6,3 | 7,7 | 8,6 | 9,5 | 
874
*********874  1,4 | 2,0 | 3,8 | 4,1 | 5,2 | 6,3 | 7,7 | 8,6 | 9,5 | 
875
*********875  1,4 | 2,0 | 3,8 | 4,1 | 5,2 | 6,3 | 7,7 | 8,6 | 9,5 | 
876
*********876  1,4 | 2,0 | 3,8 | 4,1 | 5,2 | 6,3 | 7,7 | 8,6 | 9,5 | 
877
*********877  1,4 | 2,0 | 3,8 | 4,1 | 5,2 | 6,3 | 7,7 | 8,6 | 9,5 | 
878
879
880
*********880  1,8 | 2,3 | 3,6 | 4,2 | 5,7 | 6,0 | 7,1 | 8,5 | 9,4 | 
881
*********881  1,8 | 2,3 | 3,6 | 4,2 | 5,7 | 6,0 | 7,1 | 8,5 | 9,4 | 
882
*********882  1,8 | 2,3 | 3,6 | 4,2 | 5,7 | 6,0 | 7,1 | 8,5 | 9,4 | 
883
*********883  1,8 | 2,3 | 3,6 | 4,2 | 5,7 | 6,0 | 7,1 | 8,5 | 9,4 | 
884
*********884  1,8 | 2,3 | 3,6 | 4,2 | 5,7 | 6,0 | 7,1 | 8,5 | 9,4 | 
885
*********885  1,8 | 2,3 | 3,6 | 4,2 | 5,7 | 6,0 | 7,1 | 8,5 | 9,4 | 
886
*********886  1,8 | 2,3 | 3,6 | 4,2 | 5,7 | 6,0 | 7,1 | 8,5 | 9,4 | 
887
*********887  1,8 | 2,3 | 3,6 | 4,2 | 5,7 | 6,0 | 7,1 | 8,5 | 9,4 | 
888
*********888  1,8 | 2,3 | 3,6 | 4,2 | 5,7 | 6,0 | 7,1 | 8,5 | 9,4 | 
889
*********889  1,8 | 2,3 | 3,6 | 4,2 | 5,7 | 6,0 | 7,1 | 8,5 | 9,4 | 
890
*********890  1,8 | 2,3 | 3,6 | 4,2 | 5,7 | 6,0 | 7,1 | 8,5 | 9,4 | 
891
*********891  1,8 | 2,3 | 3,6 | 4,2 | 5,7 | 6,0 | 7,1 | 8,5 | 9,4 | 
892
*********892  1,8 | 2,3 | 3,6 | 4,2 | 5,7 | 6,0 | 7,1 | 8,5 | 9,4 | 
893
*********893  1,8 | 2,3 | 3,6 | 4,2 | 5,7 | 6,0 | 7,1 | 8,5 | 9,4 | 
894
*********894  1,8 | 2,3 | 3,6 | 4,2 | 5,7 | 6,0 | 7,1 | 8,5 | 9,4 | 
895
896
897
898
899
900
901
902
903
904
*********904  1,7 | 2,6 | 3,0 | 4,2 | 5,4 | 6,3 | 7,8 | 8,5 | 9,1 | 
905
*********905  1,7 | 2,6 | 3,0 | 4,2 | 5,4 | 6,3 | 7,8 | 8,5 | 9,1 | 
906
*********906  1,7 | 2,6 | 3,0 | 4,2 | 5,4 | 6,3 | 7,8 | 8,5 | 9,1 | 
907
*********907  1,7 | 2,6 | 3,0 | 4,2 | 5,4 | 6,3 | 7,8 | 8,5 | 9,1 | 
908
*********908  1,7 | 2,6 | 3,0 | 4,2 | 5,4 | 6,3 | 7,8 | 8,5 | 9,1 | 
909
*********909  1,7 | 2,6 | 3,0 | 4,2 | 5,4 | 6,3 | 7,8 | 8,5 | 9,1 | 
910
*********910  1,7 | 2,6 | 3,0 | 4,2 | 5,4 | 6,3 | 7,8 | 8,5 | 9,1 | 
911
*********911  1,7 | 2,6 | 3,0 | 4,2 | 5,4 | 6,3 | 7,8 | 8,5 | 9,1 | 
912
*********912  1,7 | 2,6 | 3,0 | 4,2 | 5,4 | 6,3 | 7,8 | 8,5 | 9,1 | 
913
914
915
916
*********916  1,0 | 2,2 | 3,5 | 4,8 | 5,4 | 6,6 | 7,7 | 8,3 | 9,1 | 
917
*********917  1,0 | 2,2 | 3,5 | 4,8 | 5,4 | 6,6 | 7,7 | 8,3 | 9,1 | 
918
*********918  1,0 | 2,2 | 3,5 | 4,8 | 5,4 | 6,6 | 7,7 | 8,3 | 9,1 | 
919
*********919  1,0 | 2,2 | 3,5 | 4,8 | 5,4 | 6,6 | 7,7 | 8,3 | 9,1 | 
920
*********920  1,0 | 2,2 | 3,5 | 4,8 | 5,4 | 6,6 | 7,7 | 8,3 | 9,1 | 
921
*********921  1,0 | 2,2 | 3,5 | 4,8 | 5,4 | 6,6 | 7,7 | 8,3 | 9,1 | 
922
*********922  1,0 | 2,2 | 3,5 | 4,8 | 5,4 | 6,6 | 7,7 | 8,3 | 9,1 | 
923
*********923  1,0 | 2,2 | 3,5 | 4,8 | 5,4 | 6,6 | 7,7 | 8,3 | 9,1 | 
924
*********924  1,0 | 2,2 | 3,5 | 4,8 | 5,4 | 6,6 | 7,7 | 8,3 | 9,1 | 
925
*********925  1,0 | 2,2 | 3,5 | 4,8 | 5,4 | 6,6 | 7,7 | 8,3 | 9,1 | 
926
*********926  1,0 | 2,2 | 3,5 | 4,8 | 5,4 | 6,6 | 7,7 | 8,3 | 9,1 | 
927
*********927  1,0 | 2,2 | 3,5 | 4,8 | 5,4 | 6,6 | 7,7 | 8,3 | 9,1 | 
928
*********928  1,0 | 2,2 | 3,5 | 4,8 | 5,4 | 6,6 | 7,7 | 8,3 | 9,1 | 
929
930
931
932
*********932  1,7 | 2,2 | 3,0 | 4,3 | 5,6 | 6,8 | 7,1 | 8,4 | 9,5 | 
933
*********933  1,7 | 2,2 | 3,0 | 4,3 | 5,6 | 6,8 | 7,1 | 8,4 | 9,5 | 
934
*********934  1,7 | 2,2 | 3,0 | 4,3 | 5,6 | 6,8 | 7,1 | 8,4 | 9,5 | 
935
*********935  1,7 | 2,2 | 3,0 | 4,3 | 5,6 | 6,8 | 7,1 | 8,4 | 9,5 | 
936
*********936  1,7 | 2,2 | 3,0 | 4,3 | 5,6 | 6,8 | 7,1 | 8,4 | 9,5 | 
937
*********937  1,7 | 2,2 | 3,0 | 4,3 | 5,6 | 6,8 | 7,1 | 8,4 | 9,5 | 
938
*********938  1,7 | 2,2 | 3,0 | 4,3 | 5,6 | 6,8 | 7,1 | 8,4 | 9,5 | 
939
*********939  1,7 | 2,2 | 3,0 | 4,3 | 5,6 | 6,8 | 7,1 | 8,4 | 9,5 | 
940
941
*********941  1,7 | 2,2 | 3,0 | 4,3 | 5,6 | 6,8 | 7,1 | 8,4 | 9,5 | 
942
*********942  1,7 | 2,2 | 3,0 | 4,3 | 5,6 | 6,8 | 7,1 | 8,4 | 9,5 | 
943
944
945
946
*********946  1,3 | 2,6 | 3,8 | 4,5 | 5,1 | 6,2 | 7,0 | 8,7 | 9,4 | 
947
*********947  1,3 | 2,6 | 3,8 | 4,5 | 5,1 | 6,2 | 7,0 | 8,7 | 9,4 | 
948
949
950
*********950  1,3 | 2,6 | 3,8 | 4,5 | 5,1 | 6,2 | 7,0 | 8,7 | 9,4 | 
951
*********951  1,3 | 2,6 | 3,8 | 4,5 | 5,1 | 6,2 | 7,0 | 8,7 | 9,4 | 
952
*********952  1,3 | 2,6 | 3,8 | 4,5 | 5,1 | 6,2 | 7,0 | 8,7 | 9,4 | 
953
*********953  1,3 | 2,6 | 3,8 | 4,5 | 5,1 | 6,2 | 7,0 | 8,7 | 9,4 | 
954
955
956
957
958
959
960
961
962
963
964
965
966
*********966  1,0 | 2,1 | 3,3 | 4,6 | 5,5 | 6,2 | 7,8 | 8,4 | 9,7 | 
967
968
*********968  1,0 | 2,1 | 3,3 | 4,6 | 5,5 | 6,2 | 7,8 | 8,4 | 9,7 | 
969
*********969  1,0 | 2,1 | 3,3 | 4,6 | 5,5 | 6,2 | 7,8 | 8,4 | 9,7 | 
970
*********970  1,0 | 2,1 | 3,3 | 4,6 | 5,5 | 6,2 | 7,8 | 8,4 | 9,7 | 
971
*********971  1,0 | 2,1 | 3,3 | 4,6 | 5,5 | 6,2 | 7,8 | 8,4 | 9,7 | 
972
*********972  1,0 | 2,1 | 3,3 | 4,6 | 5,5 | 6,2 | 7,8 | 8,4 | 9,7 | 
973
*********973  1,0 | 2,1 | 3,3 | 4,6 | 5,5 | 6,2 | 7,8 | 8,4 | 9,7 | 
974
*********974  1,0 | 2,1 | 3,3 | 4,6 | 5,5 | 6,2 | 7,8 | 8,4 | 9,7 | 
975
*********975  1,0 | 2,1 | 3,3 | 4,6 | 5,5 | 6,2 | 7,8 | 8,4 | 9,7 | 
976
*********976  1,0 | 2,1 | 3,3 | 4,6 | 5,5 | 6,2 | 7,8 | 8,4 | 9,7 | 
977
*********977  1,0 | 2,1 | 3,3 | 4,6 | 5,5 | 6,2 | 7,8 | 8,4 | 9,7 | 
978
979
980
*********980  1,6 | 2,3 | 3,8 | 4,0 | 5,2 | 6,4 | 7,7 | 8,1 | 9,5 | 
981
*********981  1,6 | 2,3 | 3,8 | 4,0 | 5,2 | 6,4 | 7,7 | 8,1 | 9,5 | 
982
*********982  1,6 | 2,3 | 3,8 | 4,0 | 5,2 | 6,4 | 7,7 | 8,1 | 9,5 | 
983
*********983  1,6 | 2,3 | 3,8 | 4,0 | 5,2 | 6,4 | 7,7 | 8,1 | 9,5 | 
984
*********984  1,6 | 2,3 | 3,8 | 4,0 | 5,2 | 6,4 | 7,7 | 8,1 | 9,5 | 
985
*********985  1,6 | 2,3 | 3,8 | 4,0 | 5,2 | 6,4 | 7,7 | 8,1 | 9,5 | 
986
*********986  1,6 | 2,3 | 3,8 | 4,0 | 5,2 | 6,4 | 7,7 | 8,1 | 9,5 | 
987
*********987  1,6 | 2,3 | 3,8 | 4,0 | 5,2 | 6,4 | 7,7 | 8,1 | 9,5 | 
988
*********988  1,6 | 2,3 | 3,8 | 4,0 | 5,2 | 6,4 | 7,7 | 8,1 | 9,5 | 
989
*********989  1,6 | 2,3 | 3,8 | 4,0 | 5,2 | 6,4 | 7,7 | 8,1 | 9,5 | 
990
*********990  1,6 | 2,3 | 3,8 | 4,0 | 5,2 | 6,4 | 7,7 | 8,1 | 9,5 | 
991
*********991  1,6 | 2,3 | 3,8 | 4,0 | 5,2 | 6,4 | 7,7 | 8,1 | 9,5 | 
992
*********992  1,6 | 2,3 | 3,8 | 4,0 | 5,2 | 6,4 | 7,7 | 8,1 | 9,5 | 
993
994
995
*********995  1,3 | 2,0 | 3,1 | 4,2 | 5,4 | 6,7 | 7,8 | 8,6 | 9,5 | 
996
*********996  1,3 | 2,0 | 3,1 | 4,2 | 5,4 | 6,7 | 7,8 | 8,6 | 9,5 | 
997
*********997  1,3 | 2,0 | 3,1 | 4,2 | 5,4 | 6,7 | 7,8 | 8,6 | 9,5 | 
998
999
*********999  1,3 | 2,0 | 3,1 | 4,2 | 5,4 | 6,7 | 7,8 | 8,6 | 9,5 | 
1000
*********1000  1,3 | 2,0 | 3,1 | 4,2 | 5,4 | 6,7 | 7,8 | 8,6 | 9,5 | 
1001
*********1001  1,3 | 2,0 | 3,1 | 4,2 | 5,4 | 6,7 | 7,8 | 8,6 | 9,5 | 
1002
*********1002  1,3 | 2,0 | 3,1 | 4,2 | 5,4 | 6,7 | 7,8 | 8,6 | 9,5 | 
1003
*********1003  1,3 | 2,0 | 3,1 | 4,2 | 5,4 | 6,7 | 7,8 | 8,6 | 9,5 | 
1004
*********1004  1,3 | 2,0 | 3,1 | 4,2 | 5,4 | 6,7 | 7,8 | 8,6 | 9,5 | 
1005
*********1005  1,3 | 2,0 | 3,1 | 4,2 | 5,4 | 6,7 | 7,8 | 8,6 | 9,5 | 
1006
*********1006  1,3 | 2,0 | 3,1 | 4,2 | 5,4 | 6,7 | 7,8 | 8,6 | 9,5 | 
1007
1008
1009
1010
*********1010  1,2 | 2,7 | 3,0 | 4,5 | 5,8 | 6,6 | 7,1 | 8,3 | 9,4 | 
1011
*********1011  1,2 | 2,7 | 3,0 | 4,5 | 5,8 | 6,6 | 7,1 | 8,3 | 9,4 | 
1012
*********1012  1,2 | 2,7 | 3,0 | 4,5 | 5,8 | 6,6 | 7,1 | 8,3 | 9,4 | 
1013
1014
*********1014  1,2 | 2,7 | 3,0 | 4,5 | 5,8 | 6,6 | 7,1 | 8,3 | 9,4 | 
1015
1016
1017
*********1017  1,2 | 2,7 | 3,0 | 4,5 | 5,8 | 6,6 | 7,1 | 8,3 | 9,4 | 
1018
*********1018  1,2 | 2,7 | 3,0 | 4,5 | 5,8 | 6,6 | 7,1 | 8,3 | 9,4 | 
1019
*********1019  1,2 | 2,7 | 3,0 | 4,5 | 5,8 | 6,6 | 7,1 | 8,3 | 9,4 | 
1020
*********1020  1,2 | 2,7 | 3,0 | 4,5 | 5,8 | 6,6 | 7,1 | 8,3 | 9,4 | 
1021
*********1021  1,2 | 2,7 | 3,0 | 4,5 | 5,8 | 6,6 | 7,1 | 8,3 | 9,4 | 
1022
1023
1024
1025
1026
1027
1028
1029
1030
1031
1032
1033
1034
1035
1036
1037
1038
1039
1040
*********1040  1,4 | 2,3 | 3,2 | 4,6 | 5,8 | 6,0 | 7,5 | 8,7 | 9,1 | 
1041
*********1041  1,4 | 2,3 | 3,2 | 4,6 | 5,8 | 6,0 | 7,5 | 8,7 | 9,1 | 
1042
*********1042  1,4 | 2,3 | 3,2 | 4,6 | 5,8 | 6,0 | 7,5 | 8,7 | 9,1 | 
1043
*********1043  1,4 | 2,3 | 3,2 | 4,6 | 5,8 | 6,0 | 7,5 | 8,7 | 9,1 | 
1044
*********1044  1,4 | 2,3 | 3,2 | 4,6 | 5,8 | 6,0 | 7,5 | 8,7 | 9,1 | 
1045
*********1045  1,4 | 2,3 | 3,2 | 4,6 | 5,8 | 6,0 | 7,5 | 8,7 | 9,1 | 
1046
*********1046  1,4 | 2,3 | 3,2 | 4,6 | 5,8 | 6,0 | 7,5 | 8,7 | 9,1 | 
1047
*********1047  1,4 | 2,3 | 3,2 | 4,6 | 5,8 | 6,0 | 7,5 | 8,7 | 9,1 | 
1048
*********1048  1,4 | 2,3 | 3,2 | 4,6 | 5,8 | 6,0 | 7,5 | 8,7 | 9,1 | 
1049
*********1049  1,4 | 2,3 | 3,2 | 4,6 | 5,8 | 6,0 | 7,5 | 8,7 | 9,1 | 
1050
*********1050  1,4 | 2,3 | 3,2 | 4,6 | 5,8 | 6,0 | 7,5 | 8,7 | 9,1 | 
1051
*********1051  1,4 | 2,3 | 3,2 | 4,6 | 5,8 | 6,0 | 7,5 | 8,7 | 9,1 | 
1052
1053
1054
1055
*********1055  1,5 | 2,7 | 3,3 | 4,0 | 5,2 | 6,8 | 7,6 | 8,1 | 9,4 | 
1056
*********1056  1,5 | 2,7 | 3,3 | 4,0 | 5,2 | 6,8 | 7,6 | 8,1 | 9,4 | 
1057
1058
*********1058  1,5 | 2,7 | 3,3 | 4,0 | 5,2 | 6,8 | 7,6 | 8,1 | 9,4 | 
1059
*********1059  1,5 | 2,7 | 3,3 | 4,0 | 5,2 | 6,8 | 7,6 | 8,1 | 9,4 | 
1060
1061
1062
1063
*********1063  1,5 | 2,7 | 3,3 | 4,8 | 5,2 | 6,0 | 7,6 | 8,1 | 9,4 | 
1064
1065
*********1065  1,5 | 2,7 | 3,3 | 4,8 | 5,2 | 6,0 | 7,6 | 8,1 | 9,4 | 
1066
*********1066  1,5 | 2,7 | 3,3 | 4,8 | 5,2 | 6,0 | 7,6 | 8,1 | 9,4 | 
1067
1068
1069
*********1069  1,5 | 2,2 | 3,0 | 4,4 | 5,8 | 6,6 | 7,1 | 8,7 | 9,3 | 
1070
*********1070  1,5 | 2,2 | 3,0 | 4,4 | 5,8 | 6,6 | 7,1 | 8,7 | 9,3 | 
1071
*********1071  1,5 | 2,2 | 3,0 | 4,4 | 5,8 | 6,6 | 7,1 | 8,7 | 9,3 | 
1072
*********1072  1,5 | 2,2 | 3,0 | 4,4 | 5,8 | 6,6 | 7,1 | 8,7 | 9,3 | 
1073
*********1073  1,5 | 2,2 | 3,0 | 4,4 | 5,8 | 6,6 | 7,1 | 8,7 | 9,3 | 
1074
*********1074  1,5 | 2,2 | 3,0 | 4,4 | 5,8 | 6,6 | 7,1 | 8,7 | 9,3 | 
1075
*********1075  1,5 | 2,2 | 3,0 | 4,4 | 5,8 | 6,6 | 7,1 | 8,7 | 9,3 | 
1076
*********1076  1,5 | 2,2 | 3,0 | 4,4 | 5,8 | 6,6 | 7,1 | 8,7 | 9,3 | 
1077
*********1077  1,5 | 2,2 | 3,0 | 4,4 | 5,8 | 6,6 | 7,1 | 8,7 | 9,3 | 
1078
*********1078  1,5 | 2,2 | 3,0 | 4,4 | 5,8 | 6,6 | 7,1 | 8,7 | 9,3 | 
1079
*********1079  1,5 | 2,2 | 3,0 | 4,4 | 5,8 | 6,6 | 7,1 | 8,7 | 9,3 | 
1080
*********1080  1,5 | 2,2 | 3,0 | 4,4 | 5,8 | 6,6 | 7,1 | 8,7 | 9,3 | 
1081
*********1081  1,5 | 2,2 | 3,0 | 4,4 | 5,8 | 6,6 | 7,1 | 8,7 | 9,3 | 
1082
*********1082  1,5 | 2,2 | 3,0 | 4,4 | 5,8 | 6,6 | 7,1 | 8,7 | 9,3 | 
1083
*********1083  1,5 | 2,2 | 3,0 | 4,4 | 5,8 | 6,6 | 7,1 | 8,7 | 9,3 | 
1084
*********1084  1,5 | 2,2 | 3,0 | 4,4 | 5,8 | 6,6 | 7,1 | 8,7 | 9,3 | 
1085
1086
1087
1088
1089
1090
1091
1092
1093
1094
1095
1096
1097
1098
1099
1100
1101
1102
1103
1104
*********1104  1,0 | 2,4 | 3,1 | 4,8 | 5,6 | 6,3 | 7,7 | 8,5 | 9,2 | 
1105
*********1105  1,0 | 2,4 | 3,1 | 4,8 | 5,6 | 6,3 | 7,7 | 8,5 | 9,2 | 
1106
*********1106  1,0 | 2,4 | 3,1 | 4,8 | 5,6 | 6,3 | 7,7 | 8,5 | 9,2 | 
1107
*********1107  1,0 | 2,4 | 3,1 | 4,8 | 5,6 | 6,3 | 7,7 | 8,5 | 9,2 | 
1108
*********1108  1,0 | 2,4 | 3,1 | 4,8 | 5,6 | 6,3 | 7,7 | 8,5 | 9,2 | 
1109
*********1109  1,0 | 2,4 | 3,1 | 4,8 | 5,6 | 6,3 | 7,7 | 8,5 | 9,2 | 
1110
*********1110  1,0 | 2,4 | 3,1 | 4,8 | 5,6 | 6,3 | 7,7 | 8,5 | 9,2 | 
1111
*********1111  1,0 | 2,4 | 3,1 | 4,8 | 5,6 | 6,3 | 7,7 | 8,5 | 9,2 | 
1112
1113
*********1113  1,0 | 2,4 | 3,1 | 4,8 | 5,6 | 6,3 | 7,7 | 8,5 | 9,2 | 
1114
*********1114  1,0 | 2,4 | 3,1 | 4,8 | 5,6 | 6,3 | 7,7 | 8,5 | 9,2 | 
1115
1116
*********1116  1,0 | 2,4 | 3,1 | 4,8 | 5,6 | 6,3 | 7,7 | 8,5 | 9,2 | 
1117
1118
1119
1120
1121
*********1121  1,8 | 2,2 | 3,5 | 4,7 | 5,3 | 6,4 | 7,1 | 8,0 | 9,6 | 
1122
*********1122  1,8 | 2,2 | 3,5 | 4,7 | 5,3 | 6,4 | 7,1 | 8,0 | 9,6 | 
1123
*********1123  1,8 | 2,2 | 3,5 | 4,7 | 5,3 | 6,4 | 7,1 | 8,0 | 9,6 | 
1124
*********1124  1,8 | 2,2 | 3,5 | 4,7 | 5,3 | 6,4 | 7,1 | 8,0 | 9,6 | 
1125
*********1125  1,8 | 2,2 | 3,5 | 4,7 | 5,3 | 6,4 | 7,1 | 8,0 | 9,6 | 
1126
*********1126  1,8 | 2,2 | 3,5 | 4,7 | 5,3 | 6,4 | 7,1 | 8,0 | 9,6 | 
1127
*********1127  1,8 | 2,2 | 3,5 | 4,7 | 5,3 | 6,4 | 7,1 | 8,0 | 9,6 | 
1128
*********1128  1,8 | 2,2 | 3,5 | 4,7 | 5,3 | 6,4 | 7,1 | 8,0 | 9,6 | 
1129
*********1129  1,8 | 2,2 | 3,5 | 4,7 | 5,3 | 6,4 | 7,1 | 8,0 | 9,6 | 
1130
*********1130  1,8 | 2,2 | 3,5 | 4,7 | 5,3 | 6,4 | 7,1 | 8,0 | 9,6 | 
1131
*********1131  1,8 | 2,2 | 3,5 | 4,7 | 5,3 | 6,4 | 7,1 | 8,0 | 9,6 | 
1132
*********1132  1,8 | 2,2 | 3,5 | 4,7 | 5,3 | 6,4 | 7,1 | 8,0 | 9,6 | 
1133
*********1133  1,8 | 2,2 | 3,5 | 4,7 | 5,3 | 6,4 | 7,1 | 8,0 | 9,6 | 
1134
1135
1136
1137
1138
1139
1140
1141
1142
1143
1144
1145
1146
1147
1148
1149
1150
1151
1152
1153
1154
1155
1156
1157
1158
1159
1160
1161
1162
1163
1164
*********1164  1,1 | 2,0 | 3,6 | 4,8 | 5,2 | 6,5 | 7,3 | 8,7 | 9,4 | 
1165
1166
1167
1168
1169
1170
1171
1172
1173
1174
1175
1176
1177
1178
1179
1180
1181
1182
1183
1184
1185
1186
1187
1188
1189
1190
1191
1192
1193
1194
1195
1196
1197
1198
1199
1200
1201
1202
1203
1204
1205
1206
1207
1208
1209
1210
1211
1212
1213
1214
1215
1216
1217
1218
1219
1220
1221
1222
1223
1224
1225
1226
1227
1228
1229
1230
1231
1232
1233
1234
1235
1236
1237
1238
1239
1240
1241
1242
1243
1244
1245
1246
1247
1248
1249
1250
1251
1252
1253
1254
1255
1256
1257
1258
1259
1260
1261
1262
1263
1264
1265
1266
1267
1268
1269
1270
1271
1272
1273
1274
1275
1276
1277
1278
1279
1280
1281
1282
1283
1284
1285
1286
1287
1288
1289
1290
1291
1292
1293
1294
1295
1296
1297
1298
1299
1300
1301
1302
1303
1304
1305
1306
1307
1308
1309
1310
1311
1312
1313
1314
1315
1316
1317
1318
1319
1320
1321
1322
1323
1324
1325
1326
1327
1328
1329
1330
1331
1332
1333
1334
1335
1336
1337
1338
1339
1340
1341
1342
1343
1344
1345
1346
1347
1348
1349
1350
1351
1352
1353
1354
1355
1356
1357
1358
1359
1360
1361
1362
1363
1364
1365
1366
1367
1368
1369
1370
1371
1372
1373
1374
1375
1376
1377
1378
1379
1380
1381
1382
1383
1384
1385
1386
1387
1388
1389
1390
1391
1392
1393
1394
1395
1396
1397
1398
1399
1400
1401
1402
1403
1404
1405
1406
1407
1408
1409
1410
1411
1412
1413
1414
1415
1416
1417
1418
1419
1420
1421
1422
1423
1424
1425
1426
1427
1428
1429
1430
1431
1432
1433
1434
1435
1436
1437
1438
1439
1440
1441
1442
1443
1444
1445
1446
1447
1448
1449
1450
1451
1452
1453
1454
1455
1456
1457
1458
1459
1460
1461
1462
1463
1464
1465
1466
1467
1468
1469
1470
1471
1472
1473
1474
1475
1476
1477
1478
1479
1480
1481
1482
1483
1484
1485
1486
1487
1488
1489
1490
1491
1492
1493
1494
1495
1496
1497
1498
1499
1500
1501
