 -------------------1127------------
(92.2694 , 2)  (57.2126 , 8)  (55.1013 , 1)  (52.4842 , 7)  (51.6239 , 4)  (50.5665 , 9)  (49.7625 , 3)  (47.5166 , 5)  (46.9341 , 6)  
(82.7985 , 4)  (60.1325 , 2)  (59.6695 , 6)  (58.737 , 7)  (58.5227 , 5)  (58.377 , 9)  (51.8204 , 1)  (44.5818 , 8)  (41.191 , 3)  
(91.775 , 8)  (61.3622 , 7)  (58.5229 , 6)  (57.6908 , 9)  (55.8411 , 3)  (55.4115 , 5)  (48.2518 , 4)  (47.0907 , 2)  (45.0155 , 1)  
(92.9986 , 7)  (75.8569 , 2)  (67.8138 , 4)  (57.286 , 9)  (50.2679 , 8)  (49.9366 , 6)  (45.1746 , 3)  (44.4132 , 5)  (36.0787 , 1)  
(103.764 , 6)  (58.5583 , 5)  (53.6602 , 1)  (51.6047 , 9)  (49.6719 , 3)  (49.296 , 7)  (48.8474 , 2)  (47.6293 , 4)  (39.1215 , 8)  
(95.8943 , 5)  (64.5735 , 2)  (62.8732 , 7)  (53.0905 , 1)  (50.8604 , 4)  (48.8659 , 9)  (48.3327 , 8)  (44.3412 , 6)  (33.4949 , 3)  
(88.7049 , 9)  (68.0339 , 6)  (66.814 , 7)  (54.0907 , 1)  (52.3371 , 3)  (51.6792 , 2)  (43.5367 , 5)  (42.9464 , 4)  (39.2898 , 8)  
(99.1414 , 1)  (68.8333 , 7)  (67.1041 , 5)  (65.9177 , 6)  (57.486 , 2)  (50.6957 , 9)  (38.1756 , 8)  (34.4068 , 4)  (29.9286 , 3)  
(91.7956 , 3)  (67.318 , 7)  (64.2811 , 6)  (61.0161 , 8)  (57.3387 , 2)  (47.4249 , 5)  (43.6595 , 9)  (41.2433 , 4)  (34.1245 , 1)  
