 -------------------72------------
(98.3825 , 3)  (61.3491 , 2)  (56.7415 , 5)  (54.8713 , 7)  (52.7627 , 6)  (50.3307 , 4)  (45.7711 , 8)  (45.2714 , 9)  (43.4988 , 1)  
(108.683 , 7)  (55.7045 , 4)  (53.0394 , 5)  (52.3945 , 8)  (50.8168 , 2)  (49.4264 , 9)  (44.3699 , 1)  (43.861 , 6)  (42.0794 , 3)  
(106.267 , 5)  (60.6798 , 8)  (52.5054 , 2)  (50.8762 , 4)  (49.9079 , 9)  (49.4833 , 1)  (48.7988 , 7)  (45.5314 , 3)  (40.0735 , 6)  
(96.7416 , 6)  (61.4096 , 1)  (56.7072 , 8)  (55.6136 , 2)  (52.767 , 4)  (51.5401 , 5)  (51.3972 , 7)  (50.4194 , 3)  (44.0803 , 9)  
(104.053 , 1)  (58.0784 , 7)  (53.8965 , 6)  (50.002 , 9)  (49.2952 , 2)  (49.0741 , 3)  (48.0738 , 4)  (48.0278 , 5)  (44.923 , 8)  
(75.9161 , 4)  (69.8218 , 8)  (54.0767 , 3)  (53.2114 , 1)  (51.7313 , 5)  (51.3952 , 9)  (50.7356 , 7)  (50.7351 , 6)  (50.5614 , 2)  
(78.3681 , 9)  (75.2378 , 2)  (64.6561 , 6)  (60.9082 , 7)  (58.1137 , 1)  (55.8662 , 5)  (52.6914 , 4)  (46.4504 , 3)  (42.1365 , 8)  
(97.7924 , 8)  (57.0338 , 2)  (57.0035 , 9)  (54.1684 , 6)  (52.1232 , 7)  (51.4026 , 1)  (49.5501 , 3)  (45.5786 , 5)  (43.8125 , 4)  
(104.365 , 2)  (58.7732 , 6)  (54.7093 , 1)  (54.1007 , 7)  (53.6837 , 9)  (52.7656 , 5)  (48.2067 , 3)  (43.5314 , 4)  (39.1173 , 8)  
