 -------------------656------------
(102.219 , 3)  (54.1018 , 7)  (51.078 , 9)  (51.0731 , 5)  (50.7666 , 4)  (47.9813 , 6)  (47.4113 , 2)  (44.5627 , 8)  (43.7728 , 1)  
(90.8105 , 5)  (74.5185 , 7)  (57.4103 , 6)  (49.4411 , 9)  (49.3085 , 1)  (47.8604 , 2)  (45.8273 , 3)  (45.2864 , 8)  (43.9437 , 4)  
(97.7154 , 8)  (64.4841 , 6)  (63.2406 , 2)  (58.6583 , 9)  (54.1867 , 7)  (49.7595 , 1)  (42.8969 , 4)  (42.8656 , 5)  (38.3192 , 3)  
(93.4002 , 2)  (64.4575 , 6)  (58.5827 , 3)  (56.3816 , 1)  (54.4846 , 7)  (49.7018 , 5)  (48.2824 , 8)  (46.1639 , 9)  (45.0439 , 4)  
(98.7166 , 6)  (62.6524 , 7)  (60.2209 , 2)  (56.3269 , 8)  (54.574 , 5)  (54.4755 , 9)  (48.5023 , 3)  (41.8613 , 4)  (37.0384 , 1)  
(103.87 , 1)  (64.0875 , 7)  (55.171 , 2)  (51.8134 , 6)  (51.6845 , 5)  (48.5311 , 9)  (43.0721 , 8)  (41.5336 , 3)  (39.986 , 4)  
(89.9552 , 7)  (78.1048 , 9)  (70.9933 , 6)  (57.0039 , 2)  (56.0579 , 1)  (52.2522 , 5)  (43.4814 , 8)  (36.3494 , 3)  (26.9499 , 4)  
(92.5419 , 9)  (74.4811 , 7)  (61.4858 , 6)  (58.7529 , 2)  (55.316 , 1)  (52.2233 , 5)  (48.1266 , 3)  (37.8193 , 8)  (31.0087 , 4)  
(103.372 , 4)  (62.0119 , 6)  (52.5541 , 5)  (51.7183 , 1)  (50.9319 , 7)  (50.1967 , 2)  (50.1534 , 9)  (48.546 , 3)  (37.8132 , 8)  
