 -------------------4179------------
(106.431 , 2)  (62.4556 , 7)  (55.4928 , 6)  (54.1854 , 9)  (53.9512 , 1)  (49.6123 , 8)  (48.2279 , 5)  (40.1085 , 4)  (37.9729 , 3)  
(106.174 , 7)  (57.9132 , 1)  (55.284 , 3)  (51.8051 , 5)  (51.5867 , 4)  (50.8353 , 2)  (49.8351 , 6)  (44.7348 , 8)  (42.8542 , 9)  
(89.1657 , 9)  (59.748 , 7)  (55.3316 , 6)  (53.7 , 4)  (51.821 , 5)  (50.9254 , 2)  (49.3638 , 1)  (44.1429 , 3)  (42.4945 , 8)  
(85.4149 , 6)  (71.1034 , 2)  (57.9169 , 7)  (56.0304 , 5)  (55.362 , 1)  (50.0347 , 9)  (46.2413 , 4)  (44.5324 , 8)  (40.1274 , 3)  
(103.207 , 1)  (59.158 , 7)  (53.8974 , 6)  (53.7198 , 2)  (53.4405 , 5)  (52.1587 , 9)  (46.9304 , 4)  (46.6098 , 3)  (37.6051 , 8)  
(107.966 , 8)  (58.0709 , 4)  (56.8434 , 2)  (48.7018 , 6)  (47.5552 , 9)  (47.3423 , 3)  (47.1643 , 7)  (47.1295 , 1)  (40.5534 , 5)  
(81.5907 , 4)  (72.2409 , 9)  (60.0021 , 2)  (56.4455 , 7)  (56.0594 , 6)  (53.324 , 1)  (51.1997 , 5)  (43.059 , 3)  (42.0049 , 8)  
(101.351 , 5)  (59.779 , 6)  (57.5323 , 3)  (54.8693 , 7)  (54.8548 , 2)  (52.0277 , 9)  (51.1786 , 1)  (47.4426 , 8)  (34.7064 , 4)  
(73.6171 , 3)  (69.1402 , 9)  (59.5482 , 2)  (58.0667 , 6)  (57.4147 , 8)  (52.8234 , 1)  (49.776 , 7)  (47.5822 , 5)  (44.2109 , 4)  
