 -------------------272------------
(104.373 , 4)  (62.6831 , 9)  (52.4078 , 6)  (51.6544 , 2)  (49.9671 , 8)  (49.5857 , 7)  (48.8918 , 3)  (47.665 , 1)  (45.0012 , 5)  
(96.2704 , 5)  (71.0541 , 8)  (58.7278 , 6)  (51.6254 , 2)  (50.934 , 7)  (46.0126 , 3)  (44.4192 , 9)  (43.2306 , 4)  (42.7548 , 1)  
(99.5831 , 6)  (61.7898 , 5)  (60.1605 , 1)  (52.7028 , 8)  (48.0961 , 7)  (47.4252 , 9)  (47.2985 , 2)  (44.5673 , 4)  (38.6468 , 3)  
(98.4808 , 8)  (60.0689 , 2)  (55.7582 , 6)  (55.7153 , 1)  (52.393 , 7)  (51.5594 , 3)  (50.1025 , 9)  (45.1253 , 5)  (44.549 , 4)  
(98.8122 , 2)  (73.9866 , 3)  (60.5047 , 7)  (60.0004 , 6)  (54.2283 , 9)  (50.9775 , 4)  (47.3566 , 8)  (36.8173 , 1)  (31.1908 , 5)  
(75.727 , 3)  (62.6092 , 2)  (61.4264 , 7)  (59.9031 , 8)  (56.6351 , 6)  (55.9111 , 5)  (50.0257 , 4)  (46.6407 , 9)  (46.2941 , 1)  
(85.0879 , 9)  (57.9362 , 7)  (56.5189 , 1)  (54.9563 , 6)  (52.2109 , 2)  (51.3873 , 5)  (49.5913 , 3)  (48.6932 , 8)  (48.2235 , 4)  
(99.3475 , 1)  (74.2297 , 6)  (57.7297 , 7)  (56.6871 , 2)  (56.496 , 5)  (45.2099 , 4)  (43.9344 , 8)  (41.0119 , 3)  (40.4738 , 9)  
(80.6116 , 7)  (69.8753 , 2)  (58.7919 , 5)  (58.7147 , 4)  (53.7046 , 3)  (50.3879 , 9)  (50.0139 , 1)  (49.8936 , 6)  (31.7185 , 8)  
