 -------------------895------------
(85.7347 , 5)  (78.2411 , 9)  (63.7432 , 2)  (54.0476 , 7)  (52.177 , 1)  (50.5092 , 6)  (45.158 , 8)  (40.8836 , 3)  (40.851 , 4)  
(93.9177 , 4)  (62.6452 , 2)  (57.8154 , 9)  (57.5744 , 7)  (55.5514 , 6)  (53.2094 , 5)  (46.9245 , 1)  (46.5298 , 3)  (39.6077 , 8)  
(106.29 , 6)  (70.9413 , 9)  (54.1316 , 5)  (50.444 , 1)  (46.5502 , 7)  (44.2021 , 2)  (42.0039 , 4)  (41.1633 , 8)  (39.3153 , 3)  
(107.525 , 7)  (60.6521 , 5)  (58.6641 , 6)  (54.7519 , 9)  (51.4372 , 2)  (49.3076 , 1)  (40.1366 , 4)  (40.1332 , 8)  (36.1756 , 3)  
(101.929 , 1)  (66.0924 , 6)  (61.902 , 2)  (60.4123 , 5)  (51.8989 , 9)  (51.8125 , 7)  (45.9579 , 3)  (37.5808 , 4)  (30.5265 , 8)  
(98.4783 , 9)  (62.7339 , 6)  (60.1387 , 2)  (54.3038 , 1)  (53.6373 , 4)  (45.2573 , 5)  (44.4944 , 3)  (42.8764 , 8)  (40.4481 , 7)  
(95.042 , 3)  (70.6508 , 7)  (57.1789 , 2)  (50.6447 , 6)  (49.3918 , 8)  (48.1381 , 5)  (47.9571 , 9)  (47.1476 , 1)  (44.7502 , 4)  
(91.9353 , 2)  (66.6213 , 3)  (55.0995 , 7)  (54.896 , 6)  (54.3473 , 5)  (52.5318 , 4)  (52.4221 , 8)  (44.3153 , 9)  (39.5858 , 1)  
(96.0419 , 8)  (61.026 , 2)  (58.3931 , 7)  (54.574 , 5)  (54.0008 , 6)  (51.3861 , 4)  (48.4073 , 9)  (44.3929 , 1)  (41.1913 , 3)  
