 -------------------4573------------
(102.335 , 5)  (57.4537 , 9)  (54.5952 , 3)  (54.2531 , 7)  (53.3273 , 2)  (50.745 , 6)  (46.7703 , 1)  (45.0337 , 4)  (37.8708 , 8)  
(100.641 , 2)  (60.6876 , 3)  (53.827 , 4)  (51.2764 , 5)  (50.7349 , 9)  (50.2481 , 7)  (47.7888 , 8)  (44.2322 , 1)  (43.5453 , 6)  
(95.0307 , 4)  (63.7907 , 7)  (61.8835 , 9)  (56.2178 , 6)  (54.2371 , 1)  (53.4629 , 2)  (50.6123 , 5)  (45.8933 , 3)  (38.7629 , 8)  
(91.0418 , 8)  (59.1215 , 7)  (58.4069 , 6)  (55.0944 , 1)  (55.0696 , 5)  (48.0425 , 3)  (45.484 , 4)  (45.1961 , 9)  (44.9151 , 2)  
(97.7681 , 1)  (62.2187 , 2)  (57.773 , 6)  (56.3862 , 5)  (56.1433 , 7)  (51.6724 , 9)  (46.6479 , 8)  (41.8645 , 4)  (36.7828 , 3)  
(106.759 , 3)  (50.4969 , 6)  (49.064 , 4)  (48.8798 , 7)  (48.3739 , 9)  (47.5851 , 1)  (47.5038 , 2)  (45.6665 , 8)  (45.5118 , 5)  
(98.8616 , 9)  (61.2378 , 6)  (57.0886 , 2)  (51.2099 , 5)  (51.1939 , 4)  (49.9052 , 1)  (47.8722 , 7)  (45.6248 , 8)  (35.2741 , 3)  
(95.2563 , 6)  (68.5639 , 5)  (55.2018 , 7)  (53.9961 , 2)  (52.6162 , 9)  (48.4722 , 1)  (43.4476 , 8)  (42.0167 , 3)  (38.6032 , 4)  
(106.307 , 7)  (62.0447 , 6)  (56.8771 , 5)  (52.371 , 1)  (47.7177 , 2)  (46.2605 , 4)  (44.9827 , 8)  (43.9513 , 9)  (33.4476 , 3)  
