 -------------------894------------
(97.8852 , 5)  (61.0384 , 9)  (55.6836 , 6)  (54.6008 , 1)  (52.7467 , 2)  (50.3904 , 7)  (49.2342 , 8)  (42.522 , 3)  (37.0329 , 4)  
(99.394 , 4)  (60.9729 , 5)  (59.9858 , 2)  (56.701 , 6)  (53.1225 , 9)  (52.7503 , 7)  (46.5851 , 1)  (43.2738 , 3)  (41.639 , 8)  
(104.307 , 6)  (65.6094 , 9)  (54.6907 , 5)  (54.3877 , 1)  (48.313 , 4)  (47.2168 , 2)  (44.4479 , 8)  (43.6619 , 7)  (43.5234 , 3)  
(107.136 , 7)  (58.8706 , 5)  (55.0659 , 6)  (54.8964 , 9)  (47.115 , 2)  (46.4977 , 1)  (44.9681 , 4)  (44.5135 , 8)  (39.5229 , 3)  
(101.099 , 1)  (66.6856 , 6)  (55.983 , 5)  (55.5829 , 2)  (55.1805 , 7)  (49.824 , 9)  (45.5831 , 3)  (43.9302 , 4)  (38.134 , 8)  
(100.716 , 9)  (66.6021 , 6)  (60.2155 , 2)  (60.1547 , 4)  (48.9953 , 1)  (45.5382 , 8)  (44.106 , 5)  (40.6641 , 7)  (35.9124 , 3)  
(99.0686 , 3)  (65.1855 , 7)  (56.8305 , 2)  (52.2503 , 1)  (50.5024 , 9)  (49.3605 , 5)  (48.9818 , 4)  (47.4805 , 6)  (45.5738 , 8)  
(100.922 , 2)  (58.2218 , 6)  (58.0802 , 3)  (57.06 , 7)  (49.5237 , 8)  (48.7268 , 5)  (46.0977 , 1)  (45.5806 , 9)  (41.0226 , 4)  
(96.5781 , 8)  (63.4829 , 2)  (62.9248 , 7)  (60.4767 , 6)  (53.4373 , 5)  (52.2405 , 4)  (44.2712 , 9)  (42.8341 , 1)  (38.9767 , 3)  
