 -------------------4578------------
(103.025 , 5)  (61.1235 , 9)  (53.7401 , 3)  (52.7874 , 7)  (52.1354 , 6)  (52.0947 , 2)  (47.0709 , 4)  (46.1579 , 1)  (36.1413 , 8)  
(99.6757 , 2)  (56.7846 , 5)  (56.4159 , 7)  (53.6583 , 3)  (50.6868 , 4)  (50.6384 , 8)  (49.5242 , 9)  (47.969 , 1)  (42.9287 , 6)  
(94.7471 , 4)  (63.5576 , 7)  (59.4235 , 9)  (56.2311 , 6)  (55.8925 , 1)  (52.9195 , 3)  (48.4552 , 2)  (45.0826 , 8)  (44.2676 , 5)  
(94.0501 , 8)  (57.201 , 7)  (56.7154 , 1)  (54.6498 , 5)  (54.6407 , 2)  (53.3124 , 6)  (48.0825 , 4)  (44.867 , 9)  (42.4092 , 3)  
(97.3064 , 1)  (60.5191 , 7)  (56.2774 , 6)  (55.318 , 2)  (51.9041 , 5)  (49.6425 , 9)  (49.5151 , 3)  (47.5635 , 8)  (40.8516 , 4)  
(105.808 , 3)  (54.0338 , 6)  (53.1435 , 7)  (48.659 , 5)  (48.1465 , 9)  (48.065 , 4)  (47.6076 , 2)  (46.6346 , 1)  (39.7441 , 8)  
(100.254 , 9)  (63.243 , 6)  (58.6277 , 2)  (53.6555 , 1)  (49.3867 , 5)  (46.8046 , 7)  (46.117 , 4)  (41.9066 , 8)  (36.3395 , 3)  
(94.5467 , 6)  (65.4334 , 5)  (60.4008 , 2)  (56.3984 , 9)  (51.5174 , 7)  (50.4381 , 1)  (41.5928 , 8)  (41.5019 , 3)  (34.9579 , 4)  
(106.76 , 7)  (59.9672 , 6)  (52.0829 , 9)  (51.3417 , 1)  (48.5473 , 5)  (47.9178 , 2)  (46.9336 , 8)  (41.5571 , 3)  (41.407 , 4)  
