 -------------------4438------------
(98.0348 , 3)  (65.5077 , 7)  (55.7195 , 9)  (54.0244 , 6)  (50.9044 , 1)  (48.86 , 5)  (48.1497 , 8)  (45.5574 , 2)  (42.5043 , 4)  
(103.768 , 8)  (57.2663 , 6)  (55.8224 , 7)  (55.3056 , 3)  (51.3701 , 9)  (51.3615 , 1)  (45.4176 , 2)  (44.4333 , 4)  (43.7756 , 5)  
(83.389 , 9)  (71.9594 , 3)  (58.9852 , 5)  (55.5196 , 8)  (48.7217 , 4)  (48.6586 , 2)  (48.4703 , 1)  (42.8493 , 6)  (39.6328 , 7)  
(104.832 , 6)  (58.9095 , 9)  (57.1327 , 3)  (54.7374 , 1)  (50.3775 , 7)  (46.5391 , 5)  (46.2788 , 2)  (45.5095 , 4)  (42.0848 , 8)  
(101.518 , 4)  (59.4032 , 6)  (58.226 , 1)  (54.6293 , 2)  (50.3741 , 9)  (47.3613 , 3)  (46.5937 , 7)  (45.393 , 8)  (43.9766 , 5)  
(101.981 , 1)  (63.9981 , 7)  (63.3652 , 6)  (56.2941 , 5)  (49.3005 , 9)  (48.168 , 3)  (46.9132 , 2)  (44.7721 , 4)  (37.7328 , 8)  
(96.4986 , 5)  (63.7289 , 9)  (62.0831 , 6)  (57.5447 , 7)  (56.1639 , 2)  (48.9817 , 1)  (46.0089 , 8)  (40.0955 , 3)  (31.6568 , 4)  
(85.919 , 7)  (64.1015 , 6)  (59.5987 , 9)  (55.409 , 1)  (54.7855 , 2)  (52.9714 , 3)  (49.7406 , 8)  (45.1169 , 5)  (32.1206 , 4)  
(107.142 , 2)  (60.8345 , 7)  (57.645 , 5)  (55.593 , 6)  (51.2134 , 1)  (49.6092 , 9)  (41.2701 , 4)  (36.942 , 8)  (36.1768 , 3)  
