 -------------------1107------------
(102.44 , 7)  (62.3463 , 1)  (56.6671 , 9)  (52.775 , 6)  (51.7479 , 3)  (51.6575 , 2)  (46.8039 , 5)  (40.9762 , 4)  (40.4687 , 8)  
(102.786 , 6)  (57.6992 , 9)  (53.6345 , 4)  (50.8451 , 7)  (50.5163 , 1)  (48.8945 , 5)  (48.2284 , 3)  (44.9012 , 2)  (37.1803 , 8)  
(103.609 , 4)  (64.2296 , 2)  (58.4742 , 7)  (55.9556 , 6)  (51.0955 , 9)  (50.0703 , 5)  (45.9942 , 1)  (45.9738 , 3)  (34.7729 , 8)  
(101.35 , 2)  (67.0517 , 7)  (62.4648 , 9)  (54.7102 , 6)  (52.0418 , 5)  (46.6527 , 1)  (43.4636 , 3)  (36.6529 , 8)  (32.4578 , 4)  
(100.903 , 9)  (69.3183 , 7)  (63.3558 , 6)  (61.3472 , 2)  (48.5188 , 1)  (46.3688 , 5)  (45.2015 , 3)  (41.1124 , 4)  (30.9078 , 8)  
(97.2737 , 5)  (73.2278 , 6)  (65.1577 , 7)  (59.585 , 9)  (59.2175 , 2)  (48.8779 , 1)  (43.5752 , 8)  (36.1004 , 3)  (31.7471 , 4)  
(96.6521 , 1)  (66.7329 , 6)  (60.3029 , 2)  (58.5422 , 5)  (55.8888 , 9)  (53.0376 , 7)  (46.5588 , 3)  (40.0055 , 4)  (37.1741 , 8)  
(97.7829 , 8)  (62.7313 , 7)  (60.7074 , 6)  (58.2208 , 2)  (55.0868 , 4)  (52.324 , 5)  (45.458 , 9)  (43.6518 , 1)  (39.4683 , 3)  
(65.6219 , 3)  (64.5462 , 5)  (64.4681 , 8)  (58.1496 , 9)  (56.7536 , 6)  (56.5497 , 1)  (55.214 , 4)  (48.4683 , 2)  (42.3698 , 7)  
