 -------------------4615------------
(104.847 , 6)  (65.5735 , 4)  (53.95 , 8)  (52.9613 , 3)  (51.016 , 7)  (50.5156 , 1)  (47.6732 , 5)  (47.1079 , 2)  (44.7603 , 9)  
(76.5575 , 3)  (75.4093 , 5)  (61.3794 , 7)  (58.1489 , 2)  (52.3546 , 6)  (51.2367 , 4)  (46.9586 , 1)  (45.7202 , 9)  (43.6928 , 8)  
(89.3621 , 7)  (71.9376 , 2)  (58.0669 , 6)  (53.2109 , 8)  (52.9462 , 1)  (48.6484 , 3)  (44.6417 , 4)  (42.6011 , 9)  (42.5952 , 5)  
(103.683 , 4)  (62.0558 , 9)  (61.7161 , 6)  (57.3465 , 2)  (51.5376 , 7)  (50.9889 , 1)  (46.6155 , 5)  (43.2358 , 8)  (38.3344 , 3)  
(97.0708 , 1)  (59.739 , 6)  (59.3506 , 7)  (56.8602 , 5)  (53.1455 , 2)  (50.2051 , 9)  (47.5819 , 4)  (47.2585 , 3)  (44.7547 , 8)  
(100.339 , 5)  (59.7943 , 9)  (56.1063 , 6)  (55.6247 , 3)  (53.9931 , 1)  (48.1771 , 7)  (45.5333 , 8)  (40.6668 , 2)  (40.1991 , 4)  
(93.2181 , 8)  (70.9698 , 3)  (66.5259 , 6)  (62.9942 , 2)  (57.2861 , 9)  (52.0615 , 7)  (49.3944 , 1)  (47.5025 , 4)  (31.18 , 5)  
(93.1857 , 2)  (66.2843 , 7)  (63.5769 , 6)  (57.1806 , 3)  (55.4384 , 1)  (54.8514 , 5)  (53.9274 , 4)  (50.3033 , 9)  (37.218 , 8)  
(95.6934 , 9)  (67.342 , 7)  (62.8358 , 6)  (60.4802 , 1)  (60.2304 , 2)  (45.8301 , 3)  (45.532 , 5)  (36.3007 , 8)  (31.4482 , 4)  
