 -------------------4575------------
(103.699 , 5)  (60.8931 , 9)  (54.5216 , 3)  (53.2012 , 7)  (50.5886 , 6)  (49.3248 , 2)  (45.4708 , 4)  (45.4666 , 1)  (35.6768 , 8)  
(95.9183 , 2)  (56.2456 , 3)  (55.6727 , 5)  (55.5593 , 7)  (51.8649 , 4)  (51.4742 , 9)  (48.9721 , 1)  (47.4752 , 8)  (40.7872 , 6)  
(97.7049 , 4)  (60.3731 , 7)  (57.8209 , 9)  (57.1192 , 1)  (56.093 , 6)  (53.4017 , 3)  (48.5494 , 2)  (46.0923 , 5)  (42.2648 , 8)  
(95.9913 , 8)  (60.8743 , 7)  (55.713 , 1)  (53.7989 , 6)  (53.4264 , 4)  (52.2537 , 3)  (50.689 , 5)  (50.131 , 2)  (39.4529 , 9)  
(97.8894 , 1)  (57.0799 , 6)  (56.9315 , 7)  (54.0953 , 2)  (53.1501 , 9)  (51.7657 , 3)  (51.5854 , 5)  (48.2159 , 8)  (36.1758 , 4)  
(105.431 , 3)  (55.6216 , 7)  (51.813 , 6)  (51.2252 , 5)  (49.5538 , 1)  (47.679 , 4)  (46.6885 , 2)  (45.3331 , 9)  (39.1433 , 8)  
(98.0247 , 9)  (60.9035 , 6)  (53.2203 , 2)  (52.0737 , 1)  (51.7446 , 4)  (49.963 , 5)  (49.5389 , 7)  (42.841 , 8)  (39.9103 , 3)  
(94.6842 , 6)  (69.0158 , 5)  (59.4724 , 9)  (56.8309 , 2)  (52.2798 , 1)  (47.6655 , 7)  (45.7296 , 3)  (38.7005 , 8)  (31.1538 , 4)  
(106.541 , 7)  (61.8716 , 6)  (53.6739 , 5)  (52.0059 , 1)  (49.4481 , 9)  (47.0086 , 2)  (45.6646 , 8)  (43.2562 , 4)  (35.6777 , 3)  
