 -------------------998------------
(103.364 , 1)  (58.9651 , 7)  (58.816 , 6)  (57.4837 , 2)  (52.7426 , 5)  (49.8309 , 9)  (44.3894 , 4)  (39.9034 , 3)  (38.0429 , 8)  
(95.8704 , 6)  (72.321 , 5)  (70.7095 , 2)  (60.2742 , 9)  (60.0102 , 1)  (43.7465 , 7)  (43.7045 , 4)  (43.6689 , 8)  (36.6423 , 3)  
(102.703 , 9)  (61.0487 , 2)  (51.8824 , 1)  (50.6917 , 6)  (50.4529 , 5)  (48.2875 , 7)  (45.893 , 3)  (45.7638 , 4)  (37.9573 , 8)  
(102.659 , 3)  (63.9836 , 6)  (60.2493 , 7)  (51.6415 , 9)  (50.6559 , 1)  (49.6457 , 2)  (49.311 , 8)  (45.067 , 5)  (36.9941 , 4)  
(103.97 , 7)  (67.68 , 6)  (64.4694 , 9)  (56.5843 , 1)  (50.5977 , 2)  (46.9656 , 5)  (34.8308 , 3)  (33.4626 , 8)  (33.2348 , 4)  
(95.9232 , 2)  (62.7517 , 7)  (58.2108 , 6)  (55.9068 , 8)  (54.0803 , 1)  (52.4194 , 9)  (48.6247 , 5)  (43.9534 , 4)  (35.3648 , 3)  
(93.8288 , 8)  (76.7873 , 6)  (64.222 , 7)  (59.7488 , 9)  (56.6846 , 1)  (54.8761 , 2)  (46.8214 , 3)  (38.0836 , 5)  (20.0181 , 4)  
(72.9727 , 4)  (71.4988 , 6)  (67.6448 , 9)  (58.9496 , 7)  (57.3482 , 5)  (51.0427 , 1)  (48.3624 , 2)  (44.2183 , 8)  (42.4194 , 3)  
(89.6703 , 5)  (66.8063 , 6)  (62.8532 , 7)  (57.0262 , 1)  (56.3583 , 9)  (53.7239 , 3)  (51.8139 , 8)  (36.5937 , 4)  (29.295 , 2)  
