 -------------------187------------
(92.6809 , 2)  (77.54 , 8)  (64.652 , 7)  (53.5326 , 5)  (49.4407 , 3)  (47.6404 , 9)  (46.0449 , 1)  (44.0632 , 6)  (42.9084 , 4)  
(104.315 , 5)  (61.1333 , 2)  (59.2865 , 9)  (53.6257 , 7)  (51.6852 , 8)  (48.6975 , 6)  (47.8183 , 1)  (43.6275 , 4)  (34.9848 , 3)  
(106.305 , 6)  (56.6224 , 5)  (51.9764 , 3)  (50.7592 , 4)  (50.6283 , 7)  (49.172 , 9)  (47.5403 , 8)  (45.1324 , 2)  (38.4009 , 1)  
(93.3471 , 1)  (66.3601 , 8)  (61.2087 , 2)  (53.0114 , 5)  (51.3981 , 7)  (49.0657 , 9)  (47.655 , 6)  (42.2965 , 4)  (39.0862 , 3)  
(100.59 , 7)  (71.0405 , 9)  (64.041 , 6)  (60.8996 , 1)  (55.7178 , 2)  (50.2369 , 5)  (35.5981 , 8)  (34.0824 , 3)  (26.5291 , 4)  
(80.2289 , 4)  (68.4412 , 9)  (60.9941 , 6)  (60.9658 , 1)  (50.3642 , 2)  (50.1204 , 3)  (44.6643 , 5)  (43.4129 , 7)  (39.852 , 8)  
(87.0179 , 9)  (64.3284 , 5)  (60.0609 , 6)  (54.2695 , 2)  (52.2669 , 8)  (51.427 , 3)  (49.6281 , 1)  (49.4194 , 4)  (46.1048 , 7)  
(97.809 , 3)  (64.649 , 7)  (62.0845 , 6)  (55.0466 , 5)  (49.7063 , 8)  (48.2132 , 2)  (46.9128 , 9)  (45.2688 , 4)  (44.6322 , 1)  
(102.1 , 8)  (61.535 , 7)  (58.1309 , 6)  (57.5788 , 2)  (53.4295 , 4)  (48.4549 , 5)  (44.4071 , 1)  (38.6406 , 9)  (34.0678 , 3)  
