 -------------------713------------
(104.704 , 2)  (60.9795 , 7)  (54.4635 , 6)  (54.0756 , 9)  (50.1485 , 8)  (46.9363 , 4)  (43.2676 , 5)  (42.7815 , 1)  (41.9621 , 3)  
(103.258 , 9)  (58.7093 , 6)  (56.6687 , 2)  (51.8671 , 7)  (47.8827 , 1)  (47.8722 , 8)  (42.9025 , 4)  (42.3224 , 5)  (41.3885 , 3)  
(80.3302 , 8)  (78.319 , 3)  (63.4514 , 7)  (56.6698 , 6)  (55.4544 , 9)  (55.1531 , 4)  (49.453 , 5)  (41.6864 , 2)  (41.5249 , 1)  
(102.268 , 4)  (63.7786 , 2)  (57.9431 , 6)  (56.3264 , 5)  (56.0691 , 1)  (55.6648 , 7)  (50.9932 , 8)  (48.3541 , 3)  (28.7288 , 9)  
(102.299 , 6)  (64.024 , 5)  (61.2624 , 4)  (56.5911 , 2)  (55.6705 , 7)  (51.5135 , 3)  (41.9456 , 8)  (41.8724 , 1)  (39.9023 , 9)  
(96.9889 , 7)  (61.6127 , 2)  (60.3747 , 6)  (55.0918 , 3)  (55.0628 , 4)  (47.677 , 5)  (46.2961 , 8)  (44.2059 , 9)  (42.7228 , 1)  
(92.9638 , 3)  (62.8967 , 6)  (61.8607 , 2)  (53.5003 , 7)  (53.2835 , 9)  (52.1645 , 1)  (43.1215 , 5)  (41.7023 , 8)  (37.1185 , 4)  
(87.1013 , 5)  (75.8368 , 7)  (70.9088 , 6)  (53.3093 , 2)  (53.0604 , 8)  (50.8877 , 3)  (47.0366 , 1)  (42.2825 , 9)  (36.2814 , 4)  
(97.5922 , 1)  (66.61 , 2)  (63.4208 , 9)  (59.4415 , 7)  (57.4667 , 5)  (53.9352 , 6)  (37.1217 , 8)  (35.145 , 3)  (30.7484 , 4)  
