 -------------------1134------------
(94.2226 , 2)  (57.9042 , 6)  (57.2367 , 1)  (56.4638 , 7)  (54.6881 , 9)  (54.1946 , 8)  (49.5379 , 5)  (42.3126 , 4)  (38.2112 , 3)  
(83.8416 , 4)  (64.7353 , 7)  (63.8691 , 6)  (57.0113 , 2)  (53.9286 , 9)  (53.5516 , 5)  (52.1618 , 1)  (48.8343 , 8)  (40.1421 , 3)  
(96.2782 , 8)  (58.3328 , 6)  (54.6424 , 7)  (52.2103 , 9)  (51.6449 , 5)  (50.027 , 1)  (49.4753 , 3)  (48.7875 , 2)  (46.6064 , 4)  
(95.3869 , 7)  (77.7074 , 2)  (63.4985 , 4)  (57.36 , 6)  (56.7472 , 9)  (54.6968 , 5)  (42.5395 , 8)  (41.726 , 1)  (38.7121 , 3)  
(103.645 , 6)  (66.5329 , 5)  (58.5793 , 2)  (55.836 , 1)  (54.9098 , 9)  (49.0892 , 7)  (38.3073 , 4)  (37.5324 , 3)  (30.8202 , 8)  
(93.587 , 5)  (68.4072 , 2)  (59.4568 , 7)  (54.5092 , 1)  (52.2413 , 4)  (50.6842 , 9)  (49.7413 , 8)  (45.618 , 6)  (31.7973 , 3)  
(90.2577 , 9)  (68.4558 , 6)  (67.3056 , 7)  (54.2006 , 2)  (53.004 , 1)  (51.0624 , 3)  (45.7439 , 5)  (38.5905 , 4)  (38.1745 , 8)  
(100.672 , 1)  (63.6428 , 7)  (55.774 , 5)  (55.2342 , 6)  (49.0303 , 2)  (47.8621 , 9)  (47.849 , 3)  (42.0973 , 8)  (38.5055 , 4)  
(90.7657 , 3)  (65.2658 , 6)  (63.9518 , 7)  (61.8076 , 8)  (57.6155 , 2)  (49.1735 , 5)  (43.5574 , 9)  (41.5499 , 4)  (36.534 , 1)  
