 -------------------4173------------
(107.424 , 2)  (57.7265 , 7)  (57.2013 , 1)  (54.1828 , 6)  (51.3725 , 9)  (48.6686 , 8)  (48.5571 , 5)  (40.7983 , 4)  (39.6892 , 3)  
(106.158 , 7)  (62.5074 , 1)  (52.0943 , 3)  (51.3156 , 5)  (51.0353 , 2)  (49.928 , 6)  (49.2507 , 4)  (46.5856 , 9)  (42.353 , 8)  
(83.8983 , 9)  (59.3335 , 7)  (52.5022 , 6)  (52.017 , 1)  (51.7474 , 2)  (51.0309 , 5)  (49.8471 , 4)  (48.1121 , 8)  (47.0959 , 3)  
(90.1376 , 6)  (66.4157 , 2)  (57.4343 , 7)  (55.5488 , 1)  (52.8171 , 5)  (49.6476 , 9)  (49.5112 , 4)  (44.0318 , 8)  (42.7245 , 3)  
(104.423 , 1)  (52.3794 , 3)  (51.7106 , 4)  (51.5538 , 5)  (51.5106 , 6)  (51.4773 , 7)  (48.8073 , 2)  (47.2758 , 9)  (44.8426 , 8)  
(107.418 , 8)  (62.9278 , 2)  (58.2046 , 4)  (52.1329 , 6)  (51.6246 , 9)  (49.2097 , 7)  (42.1669 , 1)  (40.4079 , 5)  (38.7371 , 3)  
(78.848 , 4)  (73.0737 , 9)  (60.1041 , 6)  (59.17 , 2)  (55.9796 , 1)  (54.5127 , 7)  (53.3009 , 5)  (42.8359 , 3)  (38.6408 , 8)  
(102.597 , 5)  (59.7104 , 6)  (57.9509 , 3)  (56.8924 , 7)  (56.4992 , 2)  (49.7881 , 1)  (49.0084 , 9)  (45.1142 , 8)  (34.4042 , 4)  
(80.0996 , 3)  (67.3954 , 9)  (58.9238 , 6)  (55.6135 , 8)  (52.6135 , 7)  (51.3356 , 1)  (51.1745 , 2)  (45.5305 , 5)  (45.3233 , 4)  
