 -------------------661------------
(100.948 , 3)  (57.7323 , 7)  (53.8397 , 6)  (51.9547 , 8)  (49.6731 , 1)  (49.1418 , 2)  (48.9806 , 9)  (45.769 , 5)  (44.0434 , 4)  
(91.0595 , 5)  (70.365 , 7)  (59.8788 , 6)  (51.4322 , 3)  (49.623 , 4)  (47.2611 , 9)  (46.4509 , 1)  (44.6856 , 8)  (43.5475 , 2)  
(99.1221 , 8)  (66.1932 , 6)  (62.8565 , 2)  (60.1971 , 9)  (56.1453 , 7)  (50.2298 , 1)  (41.9821 , 5)  (39.6273 , 4)  (32.6199 , 3)  
(94.4791 , 2)  (61.5471 , 6)  (60.0515 , 3)  (54.9303 , 4)  (53.5691 , 7)  (52.4448 , 1)  (50.6364 , 8)  (49.015 , 5)  (38.0421 , 9)  
(100.187 , 6)  (62.3506 , 7)  (61.6986 , 2)  (58.2684 , 5)  (50.7955 , 4)  (50.3464 , 8)  (49.7957 , 9)  (44.435 , 3)  (36.976 , 1)  
(104.551 , 1)  (60.4047 , 7)  (51.3292 , 5)  (51.0505 , 2)  (50.0987 , 6)  (45.478 , 8)  (45.1509 , 9)  (44.1511 , 3)  (42.0535 , 4)  
(88.1922 , 7)  (73.3463 , 9)  (64.6208 , 6)  (57.6659 , 2)  (54.6478 , 5)  (53.4262 , 1)  (43.983 , 8)  (38.8341 , 4)  (36.8692 , 3)  
(90.718 , 9)  (81.6922 , 7)  (69.0487 , 6)  (62.7647 , 2)  (56.3578 , 5)  (53.5387 , 1)  (45.1518 , 3)  (30.7966 , 8)  (24.9212 , 4)  
(102.329 , 4)  (62.643 , 6)  (55.7645 , 7)  (53.1295 , 1)  (52.8357 , 5)  (51.7628 , 2)  (50.3093 , 9)  (47.9473 , 3)  (35.1521 , 8)  
