 -------------------1164------------
(90.4537 , 3)  (60.9718 , 7)  (56.3943 , 6)  (56.0143 , 5)  (55.1342 , 2)  (54.2381 , 8)  (48.2309 , 1)  (44.19 , 4)  (37.8286 , 9)  
(107.377 , 7)  (56.3134 , 6)  (54.0082 , 2)  (52.8639 , 5)  (50.2885 , 1)  (48.0566 , 9)  (44.1148 , 4)  (39.3337 , 3)  (39.1663 , 8)  
(102.276 , 1)  (60.0977 , 7)  (55.3155 , 6)  (54.2665 , 3)  (52.9723 , 5)  (48.1586 , 2)  (47.1945 , 9)  (45.0798 , 8)  (34.7799 , 4)  
(98.9665 , 8)  (62.9867 , 7)  (62.0598 , 6)  (58.0841 , 2)  (56.4272 , 9)  (45.2494 , 3)  (45.0419 , 1)  (41.4451 , 4)  (37.3824 , 5)  
(97.3787 , 5)  (60.0295 , 8)  (57.9538 , 6)  (57.3736 , 7)  (55.1452 , 9)  (52.4421 , 3)  (47.3344 , 2)  (46.4308 , 1)  (36.2955 , 4)  
(87.7171 , 6)  (73.5361 , 5)  (58.0923 , 9)  (57.5422 , 7)  (50.3306 , 2)  (47.8609 , 1)  (44.2507 , 8)  (42.4004 , 3)  (34.5723 , 4)  
(78.6001 , 4)  (78.5653 , 6)  (65.8197 , 9)  (65.3521 , 7)  (62.1059 , 5)  (60.8713 , 1)  (47.1077 , 2)  (34.2671 , 8)  (30.9159 , 3)  
(84.4023 , 2)  (62.4294 , 3)  (60.296 , 1)  (59.0173 , 9)  (58.4699 , 5)  (53.6309 , 6)  (51.5886 , 4)  (48.2414 , 7)  (44.7781 , 8)  
(96.1338 , 9)  (58.9098 , 7)  (57.5453 , 6)  (57.2002 , 3)  (50.2943 , 1)  (47.1026 , 2)  (45.2903 , 8)  (44.8078 , 5)  (39.9139 , 4)  
