 -------------------4550------------
(98.5722 , 9)  (60.1 , 7)  (56.715 , 2)  (54.4182 , 6)  (49.594 , 4)  (46.6602 , 1)  (46.1431 , 5)  (44.3437 , 8)  (43.0876 , 3)  
(103.057 , 1)  (55.7781 , 8)  (53.6656 , 2)  (53.0707 , 6)  (49.01 , 5)  (48.9794 , 4)  (47.951 , 3)  (45.9662 , 7)  (41.3532 , 9)  
(97.9342 , 8)  (85.507 , 5)  (60.2094 , 7)  (54.7581 , 6)  (52.0475 , 2)  (46.3359 , 1)  (45.9948 , 4)  (38.2068 , 3)  (35.9455 , 9)  
(106.048 , 7)  (57.5585 , 6)  (51.5798 , 9)  (51.4352 , 1)  (49.7367 , 4)  (49.0756 , 5)  (47.5403 , 3)  (47.3242 , 2)  (45.2598 , 8)  
(95.5971 , 2)  (71.4974 , 1)  (56.8456 , 8)  (56.0618 , 7)  (55.7468 , 3)  (50.4386 , 6)  (45.0379 , 9)  (41.5432 , 5)  (39.4938 , 4)  
(107.227 , 6)  (58.4963 , 7)  (55.7896 , 5)  (51.4468 , 9)  (51.356 , 3)  (48.6618 , 1)  (48.3472 , 8)  (44.9569 , 2)  (43.9269 , 4)  
(103.141 , 3)  (62.0613 , 6)  (54.6576 , 2)  (53.8911 , 7)  (50.1516 , 9)  (48.4415 , 1)  (45.7207 , 5)  (38.7114 , 4)  (34.8317 , 8)  
(103.358 , 4)  (68.018 , 6)  (56.0799 , 7)  (54.5433 , 9)  (52.1138 , 5)  (51.7737 , 1)  (51.4791 , 2)  (41.9035 , 8)  (38.0213 , 3)  
(100.88 , 5)  (66.4312 , 9)  (57.3212 , 2)  (53.3553 , 7)  (50.6374 , 3)  (48.7192 , 6)  (47.6348 , 1)  (43.6021 , 8)  (39.7822 , 4)  
