 -------------------4564------------
(102.561 , 5)  (59.5128 , 3)  (56.9897 , 9)  (53.773 , 7)  (51.7125 , 6)  (49.5602 , 4)  (48.6057 , 2)  (44.5819 , 1)  (34.2674 , 8)  
(96.4551 , 2)  (58.7857 , 7)  (56.9473 , 5)  (54.6405 , 3)  (52.5792 , 9)  (49.2703 , 1)  (47.7128 , 8)  (47.2225 , 4)  (44.2498 , 6)  
(90.7229 , 4)  (69.1331 , 7)  (60.1137 , 9)  (58.6866 , 6)  (58.2275 , 1)  (52.6 , 2)  (46.4483 , 5)  (45.9662 , 3)  (42.4674 , 8)  
(93.839 , 8)  (58.3311 , 7)  (55.1756 , 2)  (54.6726 , 1)  (53.1945 , 6)  (51.6767 , 5)  (48.1792 , 4)  (45.4179 , 9)  (43.7228 , 3)  
(95.0786 , 1)  (64.4344 , 7)  (59.1801 , 2)  (58.2118 , 6)  (58.1345 , 5)  (52.463 , 9)  (45.3723 , 8)  (40.5002 , 4)  (35.7707 , 3)  
(104.862 , 3)  (56.6652 , 7)  (54.6123 , 6)  (52.3385 , 5)  (48.4856 , 1)  (47.9658 , 4)  (45.4814 , 2)  (43.8499 , 9)  (37.3122 , 8)  
(97.4185 , 9)  (63.6897 , 6)  (55.4238 , 2)  (51.8396 , 5)  (50.3667 , 7)  (50.3319 , 1)  (48.2042 , 4)  (45.9484 , 8)  (38.5403 , 3)  
(94.7031 , 6)  (70.4521 , 5)  (57.8639 , 9)  (55.6278 , 2)  (50.5901 , 1)  (49.6957 , 7)  (43.6215 , 3)  (41.7017 , 8)  (33.8893 , 4)  
(106.978 , 7)  (59.4904 , 6)  (53.5576 , 1)  (51.4931 , 5)  (49.6253 , 2)  (49.5812 , 9)  (42.8865 , 8)  (42.2227 , 3)  (41.443 , 4)  
