 -------------------4180------------
(106.645 , 2)  (58.4898 , 1)  (57.2267 , 7)  (54.0441 , 6)  (51.7619 , 9)  (48.5086 , 8)  (47.6528 , 5)  (44.7342 , 3)  (41.394 , 4)  
(105.564 , 7)  (62.9455 , 3)  (61.2225 , 1)  (50.2281 , 4)  (48.8761 , 6)  (47.0381 , 5)  (44.1119 , 9)  (43.7198 , 2)  (41.0507 , 8)  
(84.3753 , 9)  (61.5765 , 7)  (53.7132 , 6)  (51.7648 , 2)  (51.2762 , 4)  (50.5395 , 5)  (50.5277 , 1)  (47.2481 , 8)  (44.6589 , 3)  
(87.0485 , 6)  (70.3579 , 2)  (58.1023 , 7)  (57.3616 , 5)  (55.8475 , 1)  (51.6488 , 9)  (46.2565 , 4)  (40.6651 , 8)  (39.3686 , 3)  
(103.88 , 1)  (56.9587 , 7)  (53.1088 , 5)  (53.0358 , 6)  (51.4496 , 2)  (50.5372 , 9)  (49.4375 , 4)  (45.7274 , 3)  (40.9511 , 8)  
(107.268 , 8)  (57.8299 , 4)  (55.1674 , 2)  (50.0505 , 7)  (50.0009 , 3)  (47.8827 , 1)  (47.2525 , 6)  (45.8249 , 9)  (43.9931 , 5)  
(80.4945 , 4)  (67.5313 , 9)  (59.9705 , 2)  (59.5775 , 6)  (57.8912 , 7)  (56.8768 , 1)  (55.8781 , 5)  (43.3323 , 3)  (38.8515 , 8)  
(100.752 , 5)  (59.2737 , 3)  (58.415 , 6)  (54.3185 , 7)  (52.0136 , 9)  (51.0277 , 2)  (50.1505 , 8)  (50.0899 , 1)  (37.3433 , 4)  
(77.0703 , 3)  (64.7414 , 9)  (59.0648 , 8)  (57.3577 , 6)  (54.3484 , 7)  (51.9637 , 1)  (48.792 , 2)  (44.7281 , 5)  (43.3316 , 4)  
