 -------------------4614------------
(106.01 , 6)  (63.3829 , 4)  (52.8216 , 7)  (52.0689 , 8)  (50.7489 , 3)  (49.5205 , 1)  (46.894 , 5)  (46.1861 , 2)  (46.1215 , 9)  
(84.3259 , 3)  (70.0151 , 5)  (60.6431 , 7)  (52.8646 , 2)  (52.0087 , 4)  (50.5656 , 6)  (49.6649 , 1)  (45.2912 , 8)  (42.3499 , 9)  
(86.7213 , 7)  (78.8001 , 2)  (62.5475 , 6)  (52.4686 , 1)  (51.096 , 8)  (48.407 , 3)  (45.253 , 9)  (41.3585 , 5)  (40.1911 , 4)  
(103.644 , 4)  (62.2718 , 6)  (58.5438 , 9)  (56.0948 , 2)  (52.9584 , 7)  (51.1588 , 1)  (47.7258 , 5)  (45.5297 , 8)  (38.8525 , 3)  
(94.6828 , 1)  (63.4175 , 7)  (61.9399 , 5)  (60.4634 , 6)  (58.3999 , 2)  (54.6364 , 9)  (45.5273 , 4)  (40.1297 , 8)  (39.564 , 3)  
(100.348 , 5)  (57.5593 , 9)  (55.0924 , 6)  (53.5881 , 3)  (52.7693 , 1)  (52.0543 , 7)  (44.2923 , 4)  (39.5905 , 2)  (39.1591 , 8)  
(99.5788 , 8)  (63.0755 , 6)  (62.286 , 2)  (60.1288 , 3)  (56.6249 , 1)  (56.5078 , 9)  (54.4451 , 7)  (47.0864 , 4)  (35.3154 , 5)  
(89.7337 , 2)  (69.0474 , 3)  (64.3167 , 6)  (63.7089 , 7)  (55.6272 , 1)  (52.6652 , 9)  (48.7826 , 5)  (47.3994 , 4)  (40.2311 , 8)  
(93.3784 , 9)  (71.148 , 7)  (61.2516 , 6)  (57.8737 , 2)  (56.0763 , 1)  (48.1215 , 8)  (43.8936 , 3)  (43.2781 , 5)  (34.6955 , 4)  
