 -------------------1337------------
(79.679 , 9)  (73.657 , 8)  (70.0509 , 5)  (61.66 , 1)  (50.3471 , 2)  (48.7049 , 7)  (48.2173 , 3)  (45.7487 , 4)  (44.7676 , 6)  
(103.783 , 1)  (61.5178 , 7)  (58.7676 , 6)  (52.0135 , 3)  (50.2331 , 8)  (49.7777 , 4)  (45.5079 , 9)  (45.4192 , 5)  (43.8198 , 2)  
(91.0941 , 3)  (64.0299 , 7)  (60.02 , 9)  (54.1102 , 1)  (54.0526 , 6)  (52.302 , 4)  (50.6498 , 2)  (48.396 , 5)  (39.7452 , 8)  
(107.179 , 8)  (59.0014 , 7)  (57.8178 , 6)  (53.184 , 1)  (49.9601 , 4)  (49.6163 , 3)  (44.2859 , 5)  (43.8323 , 9)  (42.0299 , 2)  
(99.127 , 5)  (59.099 , 9)  (58.4545 , 2)  (54.5799 , 8)  (52.255 , 7)  (49.5532 , 1)  (49.2702 , 6)  (44.1279 , 4)  (43.879 , 3)  
(92.3123 , 2)  (72.1258 , 3)  (64.2476 , 7)  (54.481 , 1)  (54.1673 , 8)  (53.2948 , 4)  (41.506 , 5)  (40.9134 , 6)  (34.0081 , 9)  
(87.8935 , 4)  (64.3621 , 6)  (59.1603 , 1)  (57.3718 , 9)  (55.0615 , 8)  (51.1153 , 7)  (49.4165 , 2)  (49.3443 , 5)  (40.6394 , 3)  
(104.592 , 6)  (52.4039 , 2)  (51.9847 , 7)  (51.953 , 4)  (51.2389 , 5)  (50.1375 , 1)  (49.3224 , 8)  (46.5603 , 9)  (46.0136 , 3)  
(97.5534 , 7)  (71.1733 , 2)  (63.2603 , 9)  (62.9674 , 1)  (53.8783 , 6)  (47.8241 , 5)  (45.3662 , 8)  (42.6512 , 4)  (37.7162 , 3)  
