 -------------------4110------------
(104.098 , 2)  (66.1377 , 8)  (59.3239 , 9)  (55.634 , 6)  (55.2957 , 7)  (45.0865 , 4)  (43.9204 , 5)  (43.3817 , 1)  (40.3048 , 3)  
(93.4923 , 3)  (62.692 , 5)  (59.5215 , 9)  (57.4304 , 4)  (54.8631 , 6)  (49.1022 , 2)  (44.675 , 1)  (42.2055 , 8)  (37.1676 , 7)  
(95.6561 , 4)  (71.2561 , 1)  (56.8171 , 9)  (53.9691 , 3)  (53.5787 , 5)  (49.8113 , 2)  (48.3116 , 7)  (48.0888 , 6)  (37.7491 , 8)  
(107.813 , 7)  (58.9283 , 9)  (57.4953 , 6)  (57.0027 , 2)  (52.4849 , 1)  (51.7247 , 5)  (44.8576 , 4)  (39.77 , 8)  (32.4646 , 3)  
(99.715 , 9)  (58.2939 , 2)  (56.1572 , 6)  (53.9985 , 7)  (50.7876 , 4)  (48.567 , 3)  (44.4103 , 1)  (42.617 , 5)  (36.5818 , 8)  
(88.2342 , 8)  (67.942 , 2)  (61.3463 , 3)  (54.3654 , 1)  (52.3371 , 7)  (49.8328 , 6)  (49.7218 , 4)  (49.3452 , 9)  (40.3425 , 5)  
(102.951 , 6)  (59.0666 , 5)  (55.9764 , 4)  (55.2806 , 7)  (51.8615 , 9)  (51.8383 , 2)  (49.0628 , 8)  (48.1079 , 3)  (47.6102 , 1)  
(105.73 , 5)  (56.6328 , 8)  (56.4105 , 6)  (54.1824 , 9)  (52.7662 , 1)  (45.9759 , 4)  (43.3218 , 7)  (43.16 , 2)  (42.4003 , 3)  
(104.393 , 1)  (51.5435 , 3)  (51.3714 , 9)  (51.21 , 7)  (50.832 , 4)  (49.6029 , 6)  (49.0356 , 2)  (48.0684 , 8)  (47.4563 , 5)  
