 -------------------3104------------
(105.95 , 4)  (58.3028 , 6)  (52.5757 , 9)  (51.6959 , 2)  (50.711 , 3)  (49.3301 , 5)  (48.9099 , 1)  (48.3985 , 7)  (45.947 , 8)  
(95.244 , 5)  (57.6382 , 6)  (56.56 , 1)  (56.3558 , 8)  (53.888 , 4)  (53.3678 , 2)  (50.2627 , 7)  (44.4728 , 3)  (43.9997 , 9)  
(69.9929 , 2)  (67.0904 , 7)  (58.989 , 5)  (55.7386 , 9)  (53.3344 , 6)  (50.0338 , 4)  (49.0655 , 3)  (46.5099 , 8)  (45.8837 , 1)  
(95.5577 , 9)  (69.5322 , 6)  (59.0826 , 5)  (55.1485 , 1)  (55.1049 , 7)  (51.1388 , 2)  (44.7938 , 8)  (41.0234 , 4)  (38.1455 , 3)  
(103.417 , 8)  (55.0006 , 9)  (54.4118 , 2)  (53.5175 , 5)  (49.1363 , 7)  (47.1577 , 3)  (46.2304 , 6)  (44.7556 , 4)  (41.89 , 1)  
(102.761 , 1)  (59.0294 , 7)  (56.1876 , 6)  (54.7455 , 2)  (51.222 , 9)  (48.9013 , 5)  (48.4762 , 4)  (46.3762 , 3)  (39.6739 , 8)  
(85.4645 , 3)  (63.2475 , 6)  (62.7251 , 7)  (61.0525 , 9)  (53.1158 , 5)  (52.5879 , 1)  (48.8573 , 2)  (44.6884 , 8)  (35.5874 , 4)  
(83.1338 , 7)  (74.0198 , 6)  (63.3842 , 1)  (60.5733 , 3)  (55.6558 , 8)  (48.3633 , 4)  (47.972 , 5)  (45.0476 , 2)  (39.0442 , 9)  
(93.1099 , 6)  (57.6672 , 8)  (55.7172 , 1)  (54.6037 , 5)  (53.6798 , 7)  (53.1063 , 2)  (52.745 , 9)  (46.6936 , 4)  (36.5627 , 3)  
