 -------------------1874------------
(108.432 , 4)  (63.1392 , 2)  (62.1298 , 8)  (54.6503 , 7)  (53.3489 , 5)  (49.0086 , 1)  (41.5591 , 6)  (41.0044 , 3)  (30.0982 , 9)  
(106.064 , 6)  (54.2238 , 3)  (52.7912 , 4)  (52.6656 , 1)  (50.571 , 7)  (50.358 , 8)  (49.1801 , 9)  (45.8256 , 5)  (43.2451 , 2)  
(91.5491 , 9)  (76.2107 , 5)  (59.1859 , 6)  (54.1857 , 7)  (49 , 1)  (48.5064 , 2)  (46.28 , 4)  (45.7628 , 3)  (42.1116 , 8)  
(94.3793 , 3)  (57.7912 , 6)  (56.3737 , 4)  (54.9495 , 7)  (54.6127 , 8)  (52.8771 , 2)  (47.601 , 9)  (47.1001 , 5)  (47.0742 , 1)  
(109.604 , 2)  (56.0534 , 7)  (51.4681 , 9)  (51.371 , 8)  (50.7218 , 6)  (49.796 , 1)  (46.8046 , 5)  (45.4206 , 4)  (38.7159 , 3)  
(99.8219 , 5)  (59.017 , 4)  (57.0415 , 3)  (51.1508 , 6)  (48.3642 , 2)  (47.2523 , 9)  (47.2334 , 1)  (44.0706 , 7)  (43.9923 , 8)  
(101.978 , 1)  (63.1613 , 7)  (59.3966 , 2)  (58.0981 , 9)  (57.6441 , 6)  (56.5513 , 5)  (41.671 , 3)  (38.362 , 4)  (29.2589 , 8)  
(77.0504 , 7)  (64.8157 , 2)  (63.3414 , 9)  (61.6713 , 5)  (61.285 , 8)  (57.4515 , 3)  (50.4866 , 1)  (46.7473 , 6)  (35.6199 , 4)  
(80.8374 , 8)  (71.9094 , 9)  (64.9406 , 2)  (60.5758 , 6)  (48.9401 , 7)  (46 , 1)  (45.8861 , 3)  (42.4452 , 4)  (40.9144 , 5)  
