 -------------------4369------------
(100.048 , 9)  (59.8821 , 2)  (58.6834 , 7)  (54.6716 , 4)  (51.8517 , 6)  (50.5363 , 1)  (46.7299 , 8)  (45.1368 , 5)  (40.0709 , 3)  
(84.4621 , 7)  (63.424 , 8)  (63.1027 , 2)  (60.0929 , 4)  (57.7885 , 1)  (50.8138 , 3)  (49.1504 , 9)  (44.3787 , 6)  (43.3097 , 5)  
(103.59 , 6)  (56.7188 , 2)  (54.8811 , 9)  (54.7178 , 8)  (54.0814 , 3)  (52.9165 , 4)  (45.7909 , 1)  (45.4543 , 7)  (40.2542 , 5)  
(87.7037 , 3)  (60.8387 , 7)  (60.1174 , 8)  (57.0626 , 6)  (54.5247 , 2)  (54.1217 , 1)  (51.6745 , 9)  (50.0002 , 5)  (44.8294 , 4)  
(96.5023 , 4)  (70.9176 , 9)  (65.9218 , 6)  (59.7615 , 2)  (59.0996 , 7)  (49.7172 , 1)  (41.8349 , 8)  (39.8756 , 5)  (38.489 , 3)  
(86.0798 , 8)  (63.5487 , 7)  (60.5589 , 6)  (60.457 , 2)  (56.2179 , 3)  (55.6165 , 4)  (48.8538 , 9)  (45.5883 , 5)  (39.8873 , 1)  
(73.821 , 2)  (73.6743 , 1)  (65.4389 , 7)  (56.2352 , 6)  (53.2263 , 5)  (53.1073 , 3)  (52.6311 , 9)  (45.6859 , 8)  (41.9 , 4)  
(100.526 , 5)  (60.2218 , 6)  (58.6972 , 9)  (53.3358 , 7)  (50.4054 , 2)  (48.9877 , 4)  (48.5768 , 1)  (46.1385 , 3)  (43.8964 , 8)  
(103.175 , 1)  (60.375 , 7)  (51.9835 , 9)  (51.1515 , 2)  (50.3443 , 5)  (49.4702 , 6)  (47.8186 , 3)  (46.7369 , 4)  (43.1963 , 8)  
