 -------------------1141------------
(95.0341 , 2)  (56.2206 , 1)  (56.058 , 7)  (54.9964 , 8)  (54.2405 , 6)  (51.9698 , 9)  (46.737 , 5)  (45.4932 , 4)  (42.3902 , 3)  
(80.4038 , 4)  (66.6685 , 7)  (64.6202 , 6)  (58.0424 , 9)  (56.2885 , 2)  (54.9426 , 1)  (54.5976 , 5)  (47.7697 , 8)  (35.5995 , 3)  
(90.3657 , 8)  (63.4291 , 7)  (62.0166 , 6)  (61.7499 , 9)  (50.3194 , 5)  (49.9672 , 2)  (47.4118 , 3)  (45.2381 , 1)  (44.6516 , 4)  
(97.092 , 7)  (76.642 , 2)  (62.1167 , 6)  (58.6979 , 9)  (53.3267 , 4)  (52.124 , 5)  (46.336 , 8)  (42.6611 , 1)  (39.5551 , 3)  
(103.451 , 6)  (60.0609 , 5)  (54.816 , 1)  (52.9885 , 7)  (52.6212 , 2)  (49.9209 , 4)  (46.992 , 3)  (46.0887 , 9)  (33.2057 , 8)  
(93.8309 , 5)  (72.1855 , 2)  (55.2948 , 9)  (54.3075 , 1)  (54.2066 , 8)  (52.1954 , 7)  (51.8978 , 4)  (40.5846 , 6)  (31.5711 , 3)  
(86.9579 , 9)  (67.7686 , 7)  (67.7629 , 6)  (56.4183 , 2)  (55.2867 , 1)  (50.0451 , 3)  (47.8162 , 5)  (40.103 , 4)  (36.837 , 8)  
(100.662 , 1)  (61.0368 , 7)  (59.3839 , 5)  (58.5036 , 6)  (50.3621 , 2)  (49.5924 , 3)  (47.1981 , 9)  (38.9544 , 8)  (35.2151 , 4)  
(89.124 , 3)  (66.3587 , 6)  (65.3689 , 7)  (64.4319 , 8)  (58.0934 , 2)  (47.4466 , 5)  (42.6298 , 9)  (40.2523 , 4)  (37.6982 , 1)  
