 -------------------107------------
(103.472 , 7)  (61.7595 , 4)  (58.55 , 1)  (56.0659 , 5)  (48.1739 , 8)  (47.0891 , 6)  (44.7083 , 2)  (44.2969 , 9)  (41.9951 , 3)  
(107.458 , 4)  (54.0417 , 8)  (53.7547 , 2)  (52.3614 , 1)  (51.3708 , 6)  (46.2835 , 9)  (45.9714 , 3)  (45.0612 , 7)  (43.2662 , 5)  
(88.85 , 8)  (66.3364 , 9)  (55.0538 , 1)  (54.4721 , 2)  (53.8669 , 3)  (51.6323 , 5)  (50.1525 , 4)  (45.1078 , 6)  (44.8991 , 7)  
(102.365 , 3)  (52.7034 , 2)  (52.4048 , 6)  (50.6408 , 1)  (49.5549 , 4)  (49.5183 , 9)  (47.0773 , 7)  (47.0482 , 5)  (43.2938 , 8)  
(106.321 , 6)  (55.3994 , 4)  (53.6408 , 3)  (52.5161 , 9)  (50.0689 , 7)  (47.9793 , 2)  (47.368 , 1)  (43.9216 , 5)  (43.5522 , 8)  
(93.7113 , 9)  (65.9539 , 8)  (55.418 , 6)  (55.0578 , 2)  (54.5014 , 7)  (51.8251 , 3)  (50.2033 , 1)  (48.4631 , 5)  (47.701 , 4)  
(87.2695 , 2)  (64.2595 , 6)  (62.1103 , 5)  (61.3966 , 9)  (55.8801 , 7)  (55.4241 , 1)  (51.0312 , 3)  (41.3913 , 4)  (33.2585 , 8)  
(100.596 , 1)  (66.2709 , 6)  (63.5721 , 7)  (57.1796 , 5)  (53.2748 , 2)  (48.4801 , 3)  (48.1108 , 9)  (43.3579 , 4)  (35.1251 , 8)  
(95.8368 , 5)  (57.3122 , 7)  (57.0891 , 9)  (57.0469 , 2)  (55.508 , 3)  (51.6658 , 6)  (50.342 , 8)  (45.7945 , 1)  (43.0226 , 4)  
