 -------------------4620------------
(105.887 , 6)  (61.9584 , 4)  (53.0729 , 7)  (51.8226 , 3)  (49.5746 , 8)  (48.1234 , 1)  (47.7619 , 5)  (47.4146 , 9)  (46.6816 , 2)  
(81.2036 , 3)  (73.267 , 5)  (62.1879 , 7)  (54.1746 , 6)  (53.1835 , 2)  (48.2641 , 1)  (46.8586 , 4)  (43.495 , 9)  (43.2025 , 8)  
(89.0973 , 7)  (72.7113 , 2)  (57.2475 , 6)  (54.5106 , 1)  (54.2519 , 3)  (53.9788 , 8)  (44.5183 , 4)  (43.5044 , 9)  (40.1293 , 5)  
(101.957 , 4)  (69.2929 , 9)  (64.7932 , 6)  (56.5105 , 2)  (50.6476 , 7)  (50.5158 , 1)  (47.8664 , 5)  (36.4598 , 8)  (36.1071 , 3)  
(94.9905 , 1)  (63.5702 , 6)  (60.4353 , 2)  (59.5496 , 5)  (58.4965 , 7)  (57.0103 , 9)  (44.6286 , 4)  (44.2229 , 3)  (37.3985 , 8)  
(100.047 , 5)  (63.0517 , 9)  (57.1314 , 3)  (57.1136 , 6)  (53.2845 , 1)  (50.0907 , 7)  (46.1803 , 2)  (41.7131 , 8)  (32.3534 , 4)  
(99.2412 , 8)  (70.1252 , 3)  (62.6712 , 6)  (60.7508 , 2)  (57.8319 , 9)  (51.8549 , 1)  (49.5451 , 7)  (47.0113 , 4)  (28.1876 , 5)  
(93.4735 , 2)  (66.0397 , 7)  (60.2808 , 6)  (56.4494 , 3)  (56.1495 , 1)  (55.2554 , 4)  (51.7185 , 5)  (47.7809 , 9)  (38.5612 , 8)  
(93.1949 , 9)  (71.2424 , 7)  (59.8815 , 6)  (54.4374 , 2)  (54.2414 , 1)  (48.9647 , 8)  (45.0085 , 3)  (44.2001 , 5)  (36.3879 , 4)  
