 -------------------2245------------
(96.4159 , 5)  (61.5022 , 6)  (59.807 , 2)  (56.4441 , 9)  (55.4375 , 1)  (46.9098 , 8)  (46.1227 , 7)  (45.6029 , 3)  (39.1838 , 4)  
(105.228 , 7)  (53.1405 , 8)  (52.1337 , 4)  (52.1263 , 6)  (50.882 , 2)  (50.5242 , 3)  (50.3079 , 5)  (47.25 , 1)  (46.9438 , 9)  
(101.816 , 3)  (60.2212 , 8)  (57.6173 , 1)  (55.7889 , 6)  (51.2088 , 5)  (50.5677 , 9)  (49.868 , 7)  (45.4261 , 4)  (45.2489 , 2)  
(88.9808 , 4)  (70.0175 , 9)  (60.5424 , 6)  (55.1782 , 1)  (53.1164 , 3)  (47.7316 , 8)  (46.8771 , 2)  (45.5798 , 5)  (45.0421 , 7)  
(97.7343 , 2)  (58.9137 , 6)  (57.4789 , 7)  (57.3657 , 9)  (53.7718 , 3)  (48.7249 , 5)  (48.192 , 4)  (44.5552 , 1)  (43.7725 , 8)  
(105.343 , 1)  (58.3156 , 6)  (53.5474 , 5)  (53.2537 , 3)  (50.4084 , 4)  (49.5349 , 7)  (48.2265 , 8)  (45.8183 , 2)  (44.4959 , 9)  
(96.61 , 9)  (66.2153 , 6)  (55.7895 , 3)  (54.0413 , 1)  (52.4269 , 2)  (50.2444 , 5)  (45.6924 , 7)  (44.7981 , 4)  (41.2429 , 8)  
(108.498 , 6)  (58.8507 , 7)  (53.0387 , 1)  (51.2195 , 9)  (47.0574 , 5)  (45.8678 , 4)  (45.6204 , 8)  (44.3956 , 3)  (44.2567 , 2)  
(87.2807 , 8)  (66.7713 , 9)  (60.926 , 7)  (58.7413 , 2)  (54.2249 , 6)  (53.2748 , 3)  (49.3112 , 5)  (48.4841 , 1)  (36.9064 , 4)  
