 -------------------3376------------
(74.0855 , 2)  (65.2847 , 7)  (58.1413 , 5)  (55.6931 , 8)  (51.5225 , 9)  (51.132 , 6)  (49.9964 , 3)  (47.5461 , 1)  (41.1477 , 4)  
(103.901 , 1)  (63.6885 , 7)  (54.1213 , 5)  (49.9451 , 4)  (49.7891 , 6)  (45.6879 , 2)  (44.6342 , 9)  (44.4507 , 8)  (43.959 , 3)  
(73.818 , 6)  (67.1951 , 5)  (62.5577 , 9)  (53.1827 , 1)  (50.3204 , 2)  (49.6161 , 8)  (47.9547 , 3)  (45.3507 , 7)  (43.6814 , 4)  
(104.519 , 5)  (67.8881 , 7)  (58.8539 , 4)  (52.4372 , 6)  (52.2648 , 1)  (52.1174 , 8)  (45.5463 , 2)  (42.0831 , 3)  (32.2806 , 9)  
(104.86 , 7)  (58.7282 , 6)  (57.8311 , 5)  (56.1612 , 9)  (55.3219 , 1)  (48.203 , 2)  (45.9877 , 3)  (42.5898 , 4)  (38.2057 , 8)  
(96.2706 , 9)  (55.0743 , 2)  (54.5832 , 7)  (51.2738 , 4)  (51.1096 , 6)  (50.6215 , 3)  (49.3816 , 5)  (46.8993 , 1)  (38.2895 , 8)  
(90.2779 , 4)  (70.4092 , 2)  (65.207 , 6)  (64.6989 , 1)  (53.1513 , 7)  (52.0233 , 5)  (50.2324 , 9)  (38.972 , 8)  (32.6382 , 3)  
(90.2363 , 8)  (68.7954 , 2)  (65.2088 , 9)  (57.1062 , 6)  (53.972 , 1)  (52.8668 , 7)  (47.5675 , 5)  (41.3676 , 3)  (35.8716 , 4)  
(101.783 , 3)  (57.9214 , 7)  (54.7538 , 2)  (53.4965 , 6)  (53.4753 , 9)  (52.5036 , 1)  (46.4371 , 4)  (46.1973 , 8)  (44.2978 , 5)  
