 -------------------261------------
(104.003 , 4)  (65.1055 , 9)  (51.9549 , 6)  (50.777 , 2)  (50.713 , 8)  (49.5041 , 3)  (48.8795 , 1)  (48.5265 , 7)  (44.1348 , 5)  
(98.5222 , 5)  (75.1741 , 8)  (59.9016 , 6)  (52.2994 , 7)  (51.696 , 2)  (44.7345 , 4)  (42.339 , 9)  (41.9851 , 3)  (41.6512 , 1)  
(99.5821 , 6)  (65.9627 , 5)  (58.8198 , 1)  (53.8304 , 2)  (50.1315 , 9)  (48.4283 , 7)  (44.0993 , 4)  (43.8851 , 8)  (33.3474 , 3)  
(97.1449 , 8)  (61.6761 , 1)  (60.2155 , 2)  (53.996 , 6)  (52.7782 , 9)  (50.6308 , 3)  (49.3388 , 7)  (46.3988 , 5)  (41.8915 , 4)  
(98.3903 , 2)  (72.8716 , 3)  (61.6686 , 6)  (58.8837 , 7)  (55.7884 , 9)  (48.0689 , 4)  (46.4366 , 8)  (37.9644 , 1)  (32.9621 , 5)  
(79.4074 , 3)  (62.7185 , 7)  (61.7145 , 8)  (61.3452 , 2)  (56.1035 , 6)  (54.2029 , 5)  (51.181 , 4)  (46.5062 , 1)  (45.6649 , 9)  
(89.2768 , 9)  (58.4105 , 1)  (58.209 , 7)  (55.2404 , 6)  (49.5478 , 5)  (49.0735 , 2)  (48.7913 , 4)  (47.2309 , 3)  (47.0241 , 8)  
(100.251 , 1)  (69.7113 , 6)  (59.9927 , 5)  (55.4873 , 2)  (55.0199 , 7)  (45.6443 , 8)  (41.6383 , 3)  (41.4883 , 9)  (39.9716 , 4)  
(79.4847 , 7)  (72.3115 , 2)  (60.3268 , 4)  (59.2452 , 5)  (55.2599 , 3)  (51.3598 , 9)  (49.9802 , 1)  (48.3459 , 6)  (30.8673 , 8)  
