 -------------------399------------
(84.0486 , 8)  (61.0279 , 5)  (59.4324 , 6)  (57.3722 , 2)  (52.955 , 9)  (51.5972 , 1)  (49.8462 , 7)  (47.398 , 3)  (44.4063 , 4)  
(100.135 , 5)  (65.9892 , 6)  (62.311 , 3)  (56.533 , 4)  (56.0514 , 2)  (48.9324 , 7)  (47.6173 , 1)  (40.6914 , 9)  (40.5546 , 8)  
(93.188 , 4)  (66.217 , 6)  (56.9502 , 1)  (54.2423 , 2)  (52.6133 , 9)  (51.7621 , 7)  (51.537 , 8)  (45.6281 , 3)  (44.1036 , 5)  
(94.5768 , 1)  (60.0668 , 6)  (59.6415 , 2)  (52.6573 , 3)  (51.302 , 8)  (49.9635 , 7)  (48.9242 , 4)  (48.3112 , 5)  (37.3069 , 9)  
(78.414 , 3)  (68.322 , 1)  (59.31 , 9)  (57.9893 , 2)  (54.4399 , 7)  (53.6838 , 5)  (52.7746 , 6)  (49.5107 , 8)  (40.3824 , 4)  
(99.8289 , 9)  (60.4536 , 6)  (55.2401 , 2)  (54.6193 , 7)  (52.6597 , 8)  (48.9103 , 1)  (46.673 , 4)  (44.7879 , 5)  (44.6643 , 3)  
(103.324 , 7)  (61.4699 , 1)  (61.3257 , 6)  (59.5968 , 9)  (57.9478 , 2)  (46.1666 , 3)  (42.8625 , 5)  (37.878 , 8)  (30.3041 , 4)  
(99.8362 , 6)  (56.4009 , 7)  (55.043 , 5)  (53.5743 , 4)  (51.8592 , 1)  (48.6644 , 8)  (48.2035 , 2)  (47.8613 , 9)  (39.0912 , 3)  
(99.9692 , 2)  (59.6343 , 6)  (59.4211 , 9)  (56.6278 , 1)  (54.2015 , 7)  (44.6482 , 5)  (43.7445 , 3)  (42.2049 , 8)  (40.0041 , 4)  
