 -------------------198------------
(95.4959 , 2)  (72.2872 , 8)  (59.6436 , 7)  (53.7109 , 9)  (51.5465 , 5)  (49.9997 , 1)  (46.3629 , 3)  (42.7441 , 6)  (41.8336 , 4)  
(105.73 , 5)  (57.6909 , 8)  (56.616 , 2)  (52.5669 , 9)  (50.0262 , 4)  (49.5151 , 7)  (48.6612 , 1)  (42.2561 , 6)  (37.5332 , 3)  
(107.169 , 6)  (58.9863 , 4)  (52.5539 , 3)  (52.3312 , 5)  (49.5377 , 7)  (49.2862 , 8)  (49.2591 , 2)  (48.1595 , 9)  (39.6126 , 1)  
(95.6479 , 1)  (65.3467 , 8)  (57.4195 , 2)  (50.2968 , 5)  (49.7699 , 7)  (48.6448 , 9)  (48.0495 , 3)  (48.0398 , 6)  (44.6112 , 4)  
(99.454 , 7)  (69.5781 , 9)  (64.1357 , 2)  (60.2589 , 6)  (58.4801 , 1)  (46.0388 , 5)  (36.5361 , 3)  (36.2059 , 4)  (33.5528 , 8)  
(83.5907 , 4)  (64.6788 , 9)  (61.7405 , 1)  (56.2027 , 6)  (52.3252 , 2)  (51.631 , 3)  (44.1209 , 5)  (43.835 , 8)  (41.3722 , 7)  
(88.7892 , 9)  (64.9796 , 5)  (63.0238 , 6)  (50.5814 , 2)  (50.5735 , 3)  (50.2443 , 4)  (47.809 , 7)  (47.2463 , 1)  (46.6433 , 8)  
(100.97 , 3)  (62.1368 , 6)  (61.5889 , 7)  (56.2275 , 5)  (48.2769 , 1)  (46.5994 , 8)  (45.865 , 2)  (42.7423 , 4)  (42.3808 , 9)  
(103.372 , 8)  (60.0894 , 7)  (56.38 , 6)  (54.2715 , 2)  (53.1695 , 4)  (47.9289 , 5)  (45.9307 , 1)  (39.9493 , 9)  (36.1038 , 3)  
