 -------------------4563------------
(103.429 , 5)  (60.0263 , 9)  (58.0772 , 3)  (52.6902 , 7)  (49.8817 , 4)  (47.5275 , 2)  (47.4928 , 6)  (43.6259 , 1)  (38.4575 , 8)  
(101.975 , 2)  (56.1818 , 3)  (54.1768 , 5)  (52.0142 , 4)  (50.8521 , 9)  (50.6746 , 7)  (48.5314 , 1)  (46.9972 , 8)  (42.7496 , 6)  
(94.3008 , 4)  (63.3149 , 7)  (59.5588 , 9)  (57.7004 , 1)  (56.06 , 6)  (51.4312 , 3)  (48.3624 , 2)  (45.3088 , 5)  (43.1306 , 8)  
(96.716 , 8)  (60.6701 , 7)  (57.6134 , 1)  (54.9417 , 4)  (54.3331 , 3)  (53.8447 , 6)  (49.8814 , 5)  (44.7906 , 2)  (35.3354 , 9)  
(95.3296 , 1)  (62.7818 , 7)  (58.78 , 2)  (58.7592 , 6)  (58.7289 , 5)  (52.8503 , 9)  (45.8197 , 8)  (40.2329 , 4)  (36.2286 , 3)  
(105.045 , 3)  (54.4627 , 7)  (52.3211 , 6)  (49.9959 , 4)  (48.3844 , 1)  (47.9112 , 5)  (47.0694 , 2)  (44.4234 , 9)  (43.4061 , 8)  
(99.1245 , 9)  (65.3643 , 6)  (56.6064 , 2)  (53.6759 , 1)  (49.9956 , 5)  (47.3048 , 4)  (47.0808 , 7)  (43.5673 , 8)  (37.2071 , 3)  
(95.228 , 6)  (70.513 , 5)  (60.6885 , 2)  (54.3743 , 9)  (51.6488 , 7)  (50.4465 , 1)  (42.4352 , 3)  (38.9013 , 8)  (34.6129 , 4)  
(106.623 , 7)  (61.2642 , 6)  (51.3307 , 5)  (51.0926 , 1)  (49.8559 , 9)  (47.4109 , 8)  (47.2847 , 2)  (41.6884 , 4)  (39.7615 , 3)  
