 -------------------837------------
(99.9771 , 7)  (55.7448 , 6)  (55.2911 , 9)  (52.9106 , 1)  (51.5518 , 2)  (49.6336 , 5)  (48.9799 , 4)  (47.7032 , 3)  (42.1002 , 8)  
(99.0392 , 5)  (75.4159 , 8)  (57.7908 , 7)  (51.8943 , 2)  (51.1982 , 6)  (49.4732 , 1)  (45.203 , 4)  (43.5523 , 3)  (42.4363 , 9)  
(100.213 , 3)  (60.2444 , 2)  (54.2576 , 7)  (52.6509 , 1)  (52.126 , 9)  (51.8654 , 6)  (46.5754 , 5)  (45.5664 , 4)  (42.9374 , 8)  
(99.4389 , 9)  (63.2425 , 6)  (55.6871 , 1)  (55.4158 , 7)  (52.4184 , 2)  (50.5911 , 5)  (48.1311 , 3)  (42.3387 , 4)  (34.6451 , 8)  
(96.4536 , 1)  (70.151 , 2)  (64.8963 , 6)  (62.9669 , 5)  (52.7965 , 9)  (52.5414 , 7)  (39.8724 , 4)  (34.6487 , 8)  (31.8823 , 3)  
(101.409 , 2)  (69.8679 , 6)  (54.2043 , 9)  (51.8502 , 1)  (47.6409 , 7)  (45.7038 , 8)  (45.3468 , 5)  (44.5889 , 3)  (41.5835 , 4)  
(97.383 , 4)  (77.8567 , 6)  (65.4684 , 7)  (54.1174 , 5)  (51.4882 , 2)  (50.2954 , 9)  (45.9831 , 8)  (44.8221 , 1)  (36.2942 , 3)  
(106.915 , 6)  (56.1216 , 5)  (55.0002 , 1)  (54.9282 , 7)  (51.6758 , 9)  (45.8447 , 4)  (45.5826 , 2)  (45.4908 , 3)  (40.8292 , 8)  
(90.3924 , 8)  (73.9728 , 6)  (72.8056 , 2)  (62.5297 , 9)  (55.9441 , 7)  (51.0135 , 1)  (44.1686 , 3)  (43.8975 , 5)  (34.0996 , 4)  
