 -------------------901------------
(90.6272 , 5)  (61.0295 , 9)  (60.45 , 8)  (56.4846 , 1)  (51.4465 , 7)  (50.5623 , 4)  (47.983 , 6)  (44.7602 , 2)  (44.1172 , 3)  
(91.8968 , 4)  (60.8498 , 2)  (60.474 , 6)  (60.0223 , 9)  (57.6932 , 5)  (56.5139 , 7)  (52.1838 , 1)  (42.3036 , 3)  (34.0728 , 8)  
(104.368 , 6)  (70.7321 , 9)  (54.0405 , 1)  (51.2029 , 5)  (46.5832 , 2)  (45.1443 , 3)  (44.9046 , 7)  (41.8233 , 4)  (41.4188 , 8)  
(106.839 , 7)  (60.3589 , 5)  (58.3702 , 6)  (50.2674 , 1)  (49.9056 , 9)  (45.3279 , 2)  (40.8056 , 4)  (39.6169 , 3)  (39.0378 , 8)  
(102.442 , 1)  (67.937 , 6)  (63.3909 , 5)  (57.5512 , 2)  (55.1856 , 7)  (55.0188 , 9)  (41.4432 , 3)  (33.5197 , 8)  (31.5537 , 4)  
(97.9051 , 9)  (66.0368 , 6)  (60.9818 , 4)  (58.1047 , 2)  (54.1518 , 1)  (45.043 , 5)  (41.5567 , 7)  (39.7307 , 3)  (38.5183 , 8)  
(98.5812 , 3)  (65.4146 , 7)  (54.3623 , 6)  (53.0096 , 2)  (52.0259 , 9)  (51.924 , 1)  (49.0074 , 8)  (44.6449 , 5)  (41.4009 , 4)  
(101.538 , 2)  (59.9751 , 7)  (59.6514 , 6)  (54.2744 , 3)  (50.9069 , 5)  (49.6582 , 8)  (48.1783 , 1)  (45.466 , 9)  (40.3156 , 4)  
(95.2044 , 8)  (66.0319 , 6)  (62.3801 , 9)  (62.3301 , 2)  (56.5601 , 7)  (51.3095 , 5)  (50.9668 , 1)  (36.929 , 3)  (34.7021 , 4)  
