 -------------------3106------------
(103.853 , 4)  (58.5892 , 2)  (57.031 , 6)  (54.5592 , 9)  (51.0488 , 1)  (50.5292 , 7)  (48.6611 , 3)  (47.719 , 5)  (47.4157 , 8)  
(95.0061 , 5)  (57.4384 , 6)  (56.5866 , 1)  (55.4882 , 8)  (53.928 , 2)  (51.9729 , 4)  (49.6681 , 7)  (45.2394 , 3)  (45.0691 , 9)  
(72.2997 , 2)  (68.7263 , 7)  (58.0511 , 5)  (56.3572 , 6)  (54.958 , 9)  (50.0023 , 4)  (48.3619 , 3)  (45.0299 , 1)  (44.1835 , 8)  
(91.6905 , 9)  (66.7027 , 6)  (55.3937 , 7)  (55.1142 , 5)  (52.9447 , 2)  (51.5164 , 1)  (49.1243 , 8)  (43.5932 , 3)  (41.3121 , 4)  
(100.44 , 8)  (58.92 , 5)  (57.18 , 2)  (54.0726 , 7)  (51.2229 , 9)  (48.834 , 6)  (45.3019 , 4)  (42.858 , 3)  (38.7169 , 1)  
(102.154 , 1)  (63.8331 , 7)  (56.2213 , 2)  (52.7942 , 6)  (52.6865 , 9)  (48.7482 , 5)  (46.1969 , 4)  (45.6726 , 3)  (40.0923 , 8)  
(82.5868 , 3)  (63.7019 , 7)  (61.2439 , 6)  (59.2137 , 9)  (55.1531 , 5)  (49.5665 , 1)  (47.9639 , 2)  (46.8332 , 8)  (41.229 , 4)  
(78.5165 , 7)  (74.782 , 6)  (63.3588 , 4)  (63.1385 , 2)  (60.7249 , 1)  (55.527 , 3)  (52.5693 , 8)  (44.3976 , 5)  (31.7748 , 9)  
(98.9795 , 6)  (57.0216 , 1)  (53.4495 , 8)  (51.6162 , 2)  (51.1399 , 9)  (49.9044 , 7)  (47.7153 , 5)  (45.4586 , 4)  (44.2539 , 3)  
