 -------------------665------------
(101.93 , 3)  (53.3576 , 8)  (53.3448 , 7)  (53.0228 , 6)  (51.6923 , 9)  (50.2411 , 2)  (46.39 , 1)  (45.5976 , 5)  (45.1854 , 4)  
(95.8281 , 5)  (68.2427 , 7)  (53.2299 , 6)  (52.0841 , 2)  (51.0083 , 4)  (50.5648 , 9)  (47.2824 , 3)  (46.0502 , 8)  (43.994 , 1)  
(97.8093 , 8)  (62.9868 , 6)  (62.9409 , 2)  (57.1069 , 7)  (55.2577 , 9)  (49.7718 , 1)  (43.8631 , 5)  (43.8118 , 4)  (36.8445 , 3)  
(93.4087 , 2)  (63.4592 , 6)  (58.9339 , 3)  (55.0452 , 1)  (54.6839 , 7)  (49.7034 , 4)  (49.2984 , 5)  (47.6156 , 8)  (44.1282 , 9)  
(99.9086 , 6)  (60.6296 , 7)  (60.2904 , 2)  (55.2798 , 5)  (54.0673 , 9)  (53.3847 , 8)  (49.628 , 3)  (44.8185 , 4)  (35.3015 , 1)  
(103.758 , 1)  (61.272 , 7)  (56.0713 , 2)  (53.0268 , 5)  (50.7333 , 6)  (50.2937 , 9)  (42.6251 , 8)  (41.5938 , 3)  (39.9166 , 4)  
(92.9482 , 7)  (74.6647 , 9)  (66.9346 , 6)  (57.4313 , 5)  (57.0939 , 2)  (54.4916 , 1)  (39.2991 , 8)  (36.7552 , 3)  (27.9971 , 4)  
(91.3226 , 9)  (79.1771 , 7)  (69.9884 , 6)  (61.4521 , 2)  (55.3545 , 5)  (53.4921 , 1)  (44.7999 , 3)  (34.1189 , 8)  (22.9655 , 4)  
(103.531 , 4)  (58.8604 , 6)  (53.8383 , 2)  (53.6996 , 1)  (50.6079 , 7)  (49.9466 , 5)  (47.9812 , 3)  (47.4126 , 9)  (42.693 , 8)  
