 -------------------3108------------
(106.248 , 4)  (55.222 , 2)  (53.9079 , 9)  (53.2503 , 6)  (49.2356 , 5)  (48.9829 , 3)  (48.7702 , 1)  (47.4524 , 8)  (43.9514 , 7)  
(90.7053 , 5)  (61.9083 , 6)  (60.0057 , 8)  (58.2608 , 1)  (52.3857 , 3)  (52.0668 , 4)  (50.4871 , 7)  (48.2077 , 2)  (44.7634 , 9)  
(70.4344 , 2)  (67.6573 , 7)  (56.8406 , 9)  (56.1144 , 3)  (54.2446 , 5)  (53.5451 , 6)  (47.2501 , 1)  (45.422 , 8)  (45.0527 , 4)  
(93.9244 , 9)  (69.1752 , 6)  (55.9508 , 7)  (54.6705 , 5)  (51.9321 , 2)  (51.7785 , 1)  (48.6665 , 8)  (41.4634 , 3)  (39.143 , 4)  
(101.707 , 8)  (56.2059 , 5)  (55.9297 , 7)  (53.9723 , 2)  (51.6968 , 9)  (49.3086 , 6)  (46.2621 , 3)  (43.9715 , 4)  (37.4101 , 1)  
(101.593 , 1)  (61.8974 , 7)  (58.3404 , 2)  (52.6475 , 6)  (52.1244 , 9)  (48.5381 , 5)  (46.6004 , 4)  (46.5363 , 3)  (40.0116 , 8)  
(82.912 , 3)  (65.8997 , 7)  (59.005 , 9)  (58.4059 , 6)  (56.8447 , 5)  (49.108 , 1)  (48.4137 , 8)  (45.4335 , 2)  (43.01 , 4)  
(81.2655 , 7)  (77.9287 , 6)  (62.5108 , 1)  (56.158 , 2)  (52.8831 , 8)  (51.5332 , 5)  (49.6808 , 4)  (49.5738 , 3)  (36.4581 , 9)  
(97.3495 , 6)  (60.76 , 1)  (58.7815 , 9)  (51.7159 , 5)  (51.5555 , 8)  (50.8086 , 2)  (48.8976 , 7)  (43.8562 , 4)  (35.9672 , 3)  
