 -------------------4540------------
(99.0157 , 9)  (59.7622 , 7)  (57.3242 , 4)  (53.9854 , 2)  (52.5647 , 6)  (48.9163 , 8)  (46.8909 , 1)  (43.6651 , 3)  (43.3637 , 5)  
(102.384 , 1)  (57.9274 , 2)  (56.3826 , 8)  (55.6085 , 6)  (51.1753 , 5)  (49.0661 , 7)  (47.3064 , 4)  (43.6439 , 9)  (40.6151 , 3)  
(94.6933 , 8)  (82.9732 , 5)  (60.0586 , 6)  (58.3722 , 7)  (56.7894 , 2)  (46.9088 , 1)  (42.7083 , 4)  (39.0054 , 9)  (36.59 , 3)  
(107.42 , 7)  (53.9292 , 6)  (50.8267 , 4)  (50.2214 , 1)  (49.6067 , 5)  (48.1757 , 9)  (46.4413 , 3)  (46.0353 , 2)  (45.139 , 8)  
(95.0031 , 2)  (73.7044 , 1)  (60.796 , 8)  (58.6173 , 3)  (52.658 , 7)  (46.8628 , 9)  (46.5793 , 6)  (44.2657 , 5)  (39.2873 , 4)  
(106.693 , 6)  (61.2109 , 5)  (52.2889 , 4)  (49.0319 , 7)  (48.9235 , 1)  (48.36 , 3)  (47.9598 , 8)  (47.9432 , 9)  (47.4019 , 2)  
(105.804 , 3)  (55.6805 , 9)  (53.8949 , 6)  (50.8341 , 5)  (49.4494 , 7)  (48.6504 , 2)  (48.2205 , 1)  (43.1117 , 8)  (42.1126 , 4)  
(104.207 , 4)  (65.2706 , 6)  (55.7827 , 7)  (52.9027 , 1)  (51.9557 , 9)  (51.2405 , 2)  (47.9022 , 5)  (41.7312 , 8)  (40.9845 , 3)  
(99.8416 , 5)  (66.8228 , 9)  (56.4793 , 2)  (53.2148 , 7)  (50.5017 , 3)  (49.3686 , 6)  (47.5755 , 1)  (44.0929 , 8)  (38.7276 , 4)  
