 -------------------3670------------
(92.3193 , 1)  (72.5837 , 2)  (61.7565 , 7)  (58.0128 , 6)  (53.6999 , 5)  (52.4098 , 9)  (43.4262 , 4)  (39.5151 , 3)  (33.8777 , 8)  
(85.1707 , 9)  (69.6888 , 7)  (65.638 , 6)  (58.2389 , 2)  (58.2279 , 8)  (53.0563 , 1)  (44.2357 , 5)  (39.9645 , 4)  (34.881 , 3)  
(80.1113 , 4)  (75.8463 , 9)  (59.0802 , 2)  (56.9953 , 1)  (56.6542 , 6)  (51.1324 , 5)  (48.3676 , 3)  (48.2175 , 7)  (35.5945 , 8)  
(100.199 , 2)  (63.4435 , 5)  (58.6061 , 7)  (58.3688 , 6)  (56.0282 , 1)  (50.8415 , 9)  (46.495 , 3)  (46.1269 , 8)  (41.7743 , 4)  
(90.3043 , 3)  (67.7015 , 8)  (58.1489 , 7)  (55.3249 , 6)  (53.4757 , 9)  (50.9551 , 1)  (50.1326 , 5)  (50.03 , 2)  (46.2346 , 4)  
(103.425 , 6)  (64.1541 , 9)  (57.7587 , 2)  (54.773 , 4)  (53.6647 , 7)  (48.4318 , 3)  (47.6196 , 1)  (43.0062 , 5)  (31.8115 , 8)  
(86.4811 , 8)  (71.4838 , 9)  (67.4729 , 6)  (59.4847 , 2)  (55.4598 , 7)  (49.3119 , 1)  (48.8935 , 5)  (43.2007 , 3)  (32.3997 , 4)  
(102.597 , 7)  (62.58 , 6)  (56.4409 , 8)  (56.122 , 5)  (54.7044 , 2)  (50.1619 , 1)  (46.3619 , 9)  (38.717 , 3)  (35.1274 , 4)  
(85.0338 , 5)  (68.5134 , 9)  (63.606 , 6)  (60.7207 , 3)  (56.3646 , 8)  (50.6534 , 1)  (50.1861 , 7)  (46.9725 , 2)  (35.4365 , 4)  
