 -------------------4595------------
(101.034 , 4)  (57.4228 , 9)  (56.8241 , 1)  (52.0222 , 2)  (51.2487 , 3)  (49.4836 , 6)  (49.0783 , 7)  (47.0054 , 5)  (39.2816 , 8)  
(92.9003 , 7)  (69.9972 , 2)  (57.5936 , 3)  (55.7025 , 6)  (53.5609 , 5)  (51.3188 , 4)  (49.938 , 8)  (48.0425 , 9)  (38.4339 , 1)  
(68.3764 , 2)  (62.1117 , 9)  (59.7836 , 6)  (58.8538 , 3)  (55.0365 , 7)  (53.4666 , 1)  (50.5439 , 8)  (48.7936 , 5)  (46.5668 , 4)  
(94.1469 , 9)  (59.8243 , 6)  (55.0659 , 2)  (54.6735 , 4)  (52.9355 , 1)  (51.8734 , 8)  (50.187 , 5)  (48.1272 , 7)  (41.7951 , 3)  
(101.99 , 8)  (63.9696 , 2)  (56.0876 , 7)  (53.6181 , 4)  (51.9855 , 1)  (47.824 , 6)  (46.6405 , 3)  (44.7489 , 5)  (43.6831 , 9)  
(87.1507 , 1)  (62.4206 , 5)  (60.6361 , 6)  (58.619 , 9)  (57.4109 , 7)  (55.7071 , 2)  (50.0657 , 4)  (43.947 , 8)  (40.9621 , 3)  
(99.7555 , 5)  (56.6684 , 6)  (56.3893 , 1)  (55.1654 , 7)  (54.4486 , 9)  (52.5831 , 8)  (46.0941 , 2)  (44.1433 , 3)  (33.8456 , 4)  
(78.0696 , 3)  (73.8263 , 9)  (62.8282 , 7)  (56.2913 , 6)  (54.398 , 2)  (51.6026 , 4)  (49.6171 , 1)  (45.8726 , 8)  (45.2409 , 5)  
(91.8733 , 6)  (77.0782 , 5)  (61.8318 , 9)  (57.2884 , 7)  (55.2658 , 2)  (48.3064 , 8)  (40.5486 , 3)  (38.7843 , 1)  (30.6919 , 4)  
