 -------------------1273------------
(78.6558 , 4)  (76.4202 , 9)  (61.1003 , 6)  (56.6926 , 7)  (47.4564 , 2)  (46.896 , 5)  (46.7889 , 3)  (46.6245 , 8)  (44.4524 , 1)  
(94.7091 , 3)  (68.7934 , 5)  (60.0916 , 6)  (58.3546 , 7)  (54.7791 , 2)  (52.6039 , 8)  (49.7788 , 9)  (45.5997 , 1)  (44.6474 , 4)  
(101.037 , 1)  (66.3177 , 2)  (64.2325 , 9)  (62.9648 , 7)  (62.0502 , 5)  (59.1648 , 6)  (33.0204 , 3)  (32.7863 , 4)  (30.2386 , 8)  
(97.9136 , 2)  (71.1039 , 7)  (61.3963 , 6)  (55.9843 , 8)  (51.5196 , 1)  (49.9762 , 5)  (47.737 , 3)  (39.6044 , 4)  (38.7746 , 9)  
(85.966 , 8)  (66.275 , 7)  (62.7403 , 6)  (59.9644 , 5)  (59.6717 , 2)  (54.4316 , 9)  (44.6909 , 1)  (40.8081 , 4)  (36.9394 , 3)  
(103.207 , 6)  (68.1162 , 5)  (60.0127 , 9)  (52.898 , 1)  (52.4807 , 2)  (49.3709 , 7)  (39.7602 , 8)  (35.3458 , 3)  (28.5056 , 4)  
(86.7449 , 9)  (64.3082 , 5)  (62.3725 , 1)  (60.6888 , 6)  (52.6941 , 3)  (50.0054 , 8)  (45.5597 , 2)  (45.543 , 7)  (42.3366 , 4)  
(107.297 , 7)  (64.5374 , 6)  (57.1848 , 9)  (53.5643 , 2)  (51.7159 , 1)  (50.0249 , 5)  (40.0588 , 4)  (36.8574 , 8)  (34.3357 , 3)  
(86.3246 , 5)  (79.2785 , 6)  (61.7388 , 7)  (56.489 , 9)  (54.8028 , 1)  (53.404 , 2)  (51.0867 , 8)  (36.8145 , 3)  (26.6558 , 4)  
