 -------------------916------------
(99.4163 , 5)  (58.2151 , 9)  (54.9778 , 6)  (54.2855 , 8)  (53.639 , 1)  (48.9079 , 7)  (46.5225 , 2)  (42.121 , 4)  (40.6729 , 3)  
(89.1438 , 4)  (65.4066 , 9)  (63.9734 , 5)  (62.9586 , 6)  (61.3219 , 2)  (54.6828 , 7)  (51.7586 , 1)  (35.7952 , 3)  (33.9809 , 8)  
(107.162 , 6)  (64.4213 , 9)  (59.4041 , 5)  (51.7853 , 7)  (49.7137 , 1)  (45.3818 , 8)  (38.8016 , 2)  (38.6644 , 3)  (36.556 , 4)  
(107.206 , 7)  (64.2129 , 6)  (57.4898 , 5)  (51.4511 , 9)  (49.3358 , 2)  (48.2168 , 1)  (40.7853 , 4)  (38.9355 , 8)  (38.4582 , 3)  
(101.99 , 1)  (72.1453 , 6)  (64.0742 , 5)  (59.374 , 2)  (51.3628 , 7)  (48.6354 , 9)  (42.4877 , 4)  (41.961 , 3)  (31.6761 , 8)  
(99.7849 , 9)  (70.7427 , 6)  (53.9417 , 2)  (51.9426 , 5)  (49.3004 , 1)  (47.5931 , 7)  (47.5268 , 4)  (41.4843 , 8)  (39.4656 , 3)  
(89.9793 , 3)  (69.7946 , 7)  (61.3943 , 6)  (56.4998 , 2)  (54.7487 , 9)  (53.5354 , 8)  (51.8076 , 5)  (49.2784 , 1)  (33.6084 , 4)  
(99.7923 , 2)  (61.9558 , 6)  (57.2534 , 7)  (52.4771 , 3)  (51.3076 , 1)  (49.7956 , 5)  (47.058 , 8)  (46.4678 , 9)  (39.151 , 4)  
(97.0496 , 8)  (68.0673 , 6)  (59.4423 , 2)  (57.8291 , 7)  (55.9888 , 9)  (52.8946 , 5)  (47.8656 , 1)  (40.9001 , 4)  (36.4843 , 3)  
