 -------------------852------------
(97.673 , 7)  (58.3301 , 9)  (57.8842 , 1)  (55.9223 , 6)  (54.5284 , 2)  (51.5996 , 5)  (45.1288 , 4)  (43.6176 , 3)  (41.2755 , 8)  
(100.803 , 5)  (74.6372 , 8)  (58.1384 , 7)  (56.3153 , 2)  (52.3146 , 6)  (49.7903 , 1)  (49.7751 , 4)  (40.1428 , 9)  (37.0709 , 3)  
(99.4371 , 3)  (60.1182 , 2)  (57.2824 , 7)  (53.4575 , 1)  (52.2493 , 6)  (51.5006 , 9)  (46.5959 , 5)  (45.1728 , 4)  (42.7321 , 8)  
(100.513 , 9)  (61.6574 , 6)  (55.7314 , 1)  (52.0908 , 5)  (51.7779 , 2)  (47.8723 , 7)  (46.4396 , 3)  (44.6597 , 4)  (34.8043 , 8)  
(96.1786 , 1)  (69.2696 , 2)  (63.9118 , 6)  (62.1656 , 5)  (53.7039 , 7)  (51.9837 , 9)  (41.2419 , 4)  (37.3728 , 8)  (32.4059 , 3)  
(102.716 , 2)  (68.4165 , 6)  (58.8903 , 9)  (52.4751 , 1)  (46.5264 , 8)  (44.901 , 7)  (44.8222 , 3)  (44.5296 , 5)  (35.2649 , 4)  
(91.4266 , 4)  (80.7948 , 6)  (65.9051 , 7)  (59.5005 , 9)  (55.3688 , 5)  (52.8576 , 2)  (49.6158 , 1)  (40.5296 , 8)  (31.2049 , 3)  
(106.229 , 6)  (59.6999 , 5)  (55.2104 , 9)  (54.8992 , 1)  (53.0323 , 7)  (48.7903 , 3)  (47.015 , 2)  (41.8568 , 4)  (39.1196 , 8)  
(97.2773 , 8)  (69.9253 , 2)  (68.3436 , 6)  (62.2042 , 9)  (53.3142 , 7)  (50.6302 , 1)  (41.9409 , 3)  (37.8136 , 5)  (37.553 , 4)  
