 -------------------1860------------
(105.711 , 4)  (60.0948 , 7)  (59.5135 , 2)  (53.784 , 5)  (51.3549 , 8)  (49.2985 , 1)  (46.2389 , 6)  (42.6596 , 3)  (41.619 , 9)  
(105.741 , 6)  (53.6269 , 3)  (53.0315 , 9)  (52.9205 , 1)  (51.7477 , 4)  (51.3196 , 7)  (47.8521 , 5)  (47.1295 , 8)  (46.0164 , 2)  
(89.2924 , 9)  (78.7864 , 5)  (55.6393 , 7)  (54.0409 , 6)  (53.702 , 2)  (52.7409 , 4)  (44.8224 , 1)  (42.1863 , 8)  (40.0083 , 3)  
(95.8691 , 3)  (63.2339 , 6)  (58.9213 , 5)  (57.4987 , 7)  (51.065 , 2)  (50.022 , 8)  (49.5475 , 4)  (45.3147 , 9)  (43.0314 , 1)  
(109.596 , 2)  (55.183 , 7)  (54.2938 , 8)  (49.4645 , 9)  (49.2311 , 6)  (48.3727 , 4)  (47.2859 , 1)  (46.2246 , 5)  (39.1754 , 3)  
(98.3619 , 5)  (57.4835 , 3)  (54.6606 , 6)  (51.1994 , 2)  (50.5408 , 9)  (47.7722 , 1)  (47.3194 , 4)  (45.4071 , 8)  (45.0541 , 7)  
(101.378 , 1)  (65.2157 , 7)  (59.2783 , 2)  (57.0947 , 5)  (55.8783 , 9)  (55.8771 , 6)  (40.6919 , 3)  (38.9169 , 4)  (32.2378 , 8)  
(72.3191 , 7)  (68.0366 , 9)  (66.2392 , 5)  (62.5805 , 2)  (61.9001 , 8)  (56.5138 , 6)  (54.0027 , 1)  (49.7893 , 3)  (35.6697 , 4)  
(80.8656 , 8)  (72.7794 , 9)  (64.4442 , 2)  (60.8265 , 6)  (47.9913 , 7)  (47.2732 , 3)  (46.9227 , 1)  (40.2928 , 5)  (40.1588 , 4)  
