 -------------------653------------
(100.273 , 3)  (56.2482 , 7)  (51.5424 , 2)  (51.1256 , 6)  (49.2359 , 5)  (47.9313 , 9)  (47.8477 , 8)  (47.634 , 1)  (45.6447 , 4)  
(90.6635 , 5)  (72.1195 , 7)  (56.6885 , 6)  (51.4226 , 3)  (49.1928 , 4)  (48.9973 , 8)  (46.4557 , 1)  (44.6676 , 9)  (44.0323 , 2)  
(98.3404 , 8)  (65.1151 , 6)  (61.8575 , 2)  (59.0688 , 9)  (56.9796 , 7)  (51.3195 , 1)  (44.8395 , 5)  (39.5262 , 4)  (33.8082 , 3)  
(93.6555 , 2)  (64.3714 , 6)  (58.2445 , 3)  (56.58 , 1)  (54.1376 , 7)  (48.9932 , 5)  (47.4801 , 4)  (45.5057 , 8)  (44.0171 , 9)  
(98.9304 , 6)  (61.0226 , 7)  (59.9708 , 2)  (57.3296 , 9)  (55.9735 , 8)  (52.4526 , 5)  (50.1265 , 3)  (42.3438 , 4)  (36.246 , 1)  
(104.429 , 1)  (63.9565 , 7)  (52.4868 , 5)  (51.8329 , 2)  (49.5563 , 6)  (47.466 , 9)  (43.4146 , 8)  (42.5345 , 4)  (42.4602 , 3)  
(91.3827 , 7)  (78.4351 , 9)  (71.0667 , 6)  (55.8836 , 1)  (55.7247 , 2)  (48.8517 , 5)  (43.4616 , 8)  (37.509 , 3)  (25.4431 , 4)  
(91.5002 , 9)  (69.9567 , 7)  (62.449 , 6)  (61.9955 , 2)  (54.0591 , 5)  (53.5618 , 1)  (45.9008 , 3)  (37.7009 , 8)  (34.5885 , 4)  
(102.698 , 4)  (59.946 , 6)  (55.1177 , 5)  (53.2962 , 1)  (51.555 , 7)  (50.7856 , 2)  (47.6016 , 3)  (47.1857 , 9)  (39.912 , 8)  
