 -------------------1050------------
(99.6398 , 6)  (67.9394 , 5)  (57.9046 , 9)  (55.2517 , 1)  (53.8008 , 7)  (49.2409 , 8)  (40.6463 , 3)  (39.7558 , 4)  (38.2107 , 2)  
(86.6802 , 9)  (75.4512 , 6)  (69.6398 , 5)  (56.8761 , 7)  (55.8574 , 2)  (43.0091 , 1)  (42.3941 , 8)  (39.6709 , 4)  (31.1988 , 3)  
(98.5012 , 8)  (67.6724 , 9)  (62.9219 , 6)  (56.5106 , 7)  (55.8563 , 2)  (52.3128 , 1)  (41.8025 , 4)  (39.243 , 3)  (32.2058 , 5)  
(99.738 , 3)  (67.6174 , 7)  (55.6609 , 6)  (51.203 , 2)  (50.5343 , 1)  (48.8679 , 9)  (46.3433 , 5)  (45.5997 , 8)  (44.4774 , 4)  
(100.778 , 1)  (64.1293 , 2)  (63.5458 , 7)  (60.7186 , 6)  (56.9395 , 5)  (55.2922 , 9)  (38.8831 , 4)  (38.4592 , 3)  (22.7742 , 8)  
(100.759 , 5)  (62.6449 , 9)  (62.0534 , 6)  (58.9107 , 7)  (52.8745 , 1)  (51.1784 , 3)  (50.2809 , 2)  (38.8411 , 8)  (28.907 , 4)  
(82.0727 , 4)  (81.8923 , 6)  (61.7626 , 7)  (60.5462 , 1)  (56.3094 , 5)  (54.7551 , 2)  (50.8166 , 9)  (42.9306 , 8)  (42.8908 , 3)  
(91.7818 , 7)  (71.365 , 6)  (62.2066 , 5)  (54.0828 , 2)  (54.0781 , 9)  (48.9077 , 3)  (46.1045 , 1)  (32.8841 , 8)  (30.1553 , 4)  
(107.784 , 2)  (58.7433 , 6)  (58.0234 , 9)  (54.151 , 7)  (53.1192 , 5)  (49.133 , 1)  (47.4478 , 3)  (46.8682 , 8)  (29.8947 , 4)  
