 -------------------1122------------
(102.082 , 7)  (61.888 , 1)  (53.7858 , 3)  (52.7787 , 9)  (52.3663 , 6)  (50.2075 , 2)  (43.8839 , 4)  (43.8438 , 5)  (40.815 , 8)  
(102.972 , 6)  (56.6367 , 9)  (52.1342 , 4)  (50.8078 , 7)  (50.1387 , 1)  (49.2744 , 3)  (48.2847 , 5)  (44.2362 , 2)  (38.7452 , 8)  
(104.262 , 4)  (62.1572 , 2)  (59.5225 , 7)  (57.5771 , 6)  (49.7284 , 5)  (49.2356 , 9)  (45.2882 , 3)  (44.5374 , 1)  (34.1845 , 8)  
(100.911 , 2)  (64.9611 , 7)  (64.9126 , 9)  (54.9823 , 6)  (48.931 , 5)  (46.9934 , 1)  (44.1183 , 3)  (39.3814 , 8)  (30.7419 , 4)  
(99.297 , 9)  (67.6998 , 7)  (57.1603 , 6)  (57.098 , 2)  (52.2326 , 5)  (48.9866 , 4)  (47.6588 , 1)  (43.2141 , 3)  (38.8576 , 8)  
(96.3078 , 5)  (74.9449 , 6)  (65.9441 , 7)  (58.0896 , 9)  (57.3095 , 2)  (47.5649 , 1)  (43.9086 , 8)  (36.1277 , 3)  (31.9579 , 4)  
(96.7267 , 1)  (69.3555 , 6)  (64.0232 , 5)  (61.7406 , 2)  (59.5092 , 9)  (52.6599 , 7)  (41.4504 , 3)  (35.0577 , 8)  (34.3346 , 4)  
(99.6115 , 8)  (61.398 , 7)  (57.147 , 6)  (57.0756 , 2)  (54.4115 , 5)  (51.6051 , 4)  (49.5103 , 1)  (45.903 , 9)  (40.7143 , 3)  
(67.5084 , 3)  (63.8654 , 5)  (63.2917 , 6)  (59.813 , 8)  (55.2693 , 4)  (54.5461 , 7)  (52.5304 , 2)  (51.17 , 1)  (46.3274 , 9)  
