 -------------------274------------
(102.304 , 4)  (62.5737 , 9)  (51.7854 , 2)  (51.784 , 7)  (50.8939 , 6)  (50.5315 , 3)  (49.7389 , 8)  (49.641 , 1)  (45.4036 , 5)  
(96.7606 , 5)  (79.7988 , 8)  (59.0465 , 6)  (51.9033 , 7)  (50.3672 , 2)  (43.6937 , 9)  (42.3251 , 4)  (42.2242 , 1)  (40.4889 , 3)  
(99.9096 , 6)  (63.3527 , 5)  (60.1952 , 1)  (49.5326 , 8)  (48.7545 , 7)  (48.4778 , 4)  (48.0585 , 2)  (45.0019 , 9)  (37.009 , 3)  
(98.6191 , 8)  (61.3461 , 7)  (60.122 , 1)  (57.7391 , 2)  (54.8362 , 9)  (53.9954 , 6)  (51.814 , 3)  (43.5526 , 5)  (40.5481 , 4)  
(101.846 , 2)  (60.2905 , 6)  (59.1225 , 7)  (57.8667 , 3)  (56.5223 , 9)  (43.8791 , 4)  (43.7197 , 8)  (41.3472 , 1)  (37.2319 , 5)  
(75.0438 , 3)  (62.7814 , 2)  (61.771 , 7)  (57.2652 , 8)  (56.2908 , 5)  (55.2363 , 6)  (49.9884 , 4)  (47.8777 , 1)  (45.581 , 9)  
(89.0087 , 9)  (60.1593 , 7)  (56.2292 , 1)  (56.0256 , 6)  (49.8928 , 5)  (49.0954 , 2)  (47.9423 , 3)  (47.4338 , 4)  (46.4984 , 8)  
(100.798 , 1)  (66.9624 , 6)  (56.7573 , 5)  (54.8113 , 7)  (53.6107 , 2)  (50.4335 , 8)  (43.9009 , 3)  (42.7335 , 4)  (41.909 , 9)  
(84.0644 , 7)  (68.4982 , 2)  (64.0147 , 4)  (58.5543 , 5)  (57.4814 , 3)  (46.7624 , 6)  (46.6219 , 1)  (43.3578 , 9)  (34.5706 , 8)  
