 -------------------1230------------
(108.727 , 4)  (56.2111 , 2)  (51.0997 , 7)  (50.0422 , 6)  (49.3237 , 1)  (48.9083 , 8)  (44.9905 , 3)  (43.6404 , 5)  (40.5046 , 9)  
(102.23 , 1)  (54.7089 , 6)  (53.0439 , 7)  (52.5749 , 4)  (52.4204 , 3)  (51.2897 , 2)  (51.0102 , 8)  (47.604 , 5)  (43.5354 , 9)  
(97.5809 , 5)  (69.8446 , 3)  (56.5137 , 1)  (54.2286 , 9)  (50.4763 , 6)  (49.7318 , 7)  (44.7237 , 2)  (42.0029 , 8)  (40.1144 , 4)  
(91.8272 , 9)  (69.4615 , 6)  (61.586 , 4)  (58.3527 , 5)  (52.9478 , 2)  (52.3014 , 1)  (49.7431 , 7)  (46.9452 , 8)  (39.459 , 3)  
(95.0952 , 2)  (70.0958 , 7)  (61.7202 , 1)  (57.4968 , 6)  (54.1826 , 8)  (53.8995 , 3)  (45.2448 , 5)  (44.6981 , 9)  (34.1234 , 4)  
(102.324 , 8)  (56.9095 , 7)  (56.1614 , 3)  (55.4317 , 9)  (53.5751 , 1)  (49.1944 , 6)  (49.0961 , 2)  (48.0414 , 4)  (40.1091 , 5)  
(103.212 , 3)  (66.5428 , 7)  (59.3663 , 6)  (48.1704 , 2)  (46.7121 , 9)  (44.6006 , 5)  (43.6691 , 8)  (40.6161 , 1)  (38.5092 , 4)  
(90.5867 , 6)  (60.5443 , 1)  (58.5181 , 2)  (57.5354 , 7)  (54.5241 , 5)  (49.2749 , 9)  (47.0071 , 4)  (45.9114 , 3)  (40.042 , 8)  
(103.896 , 7)  (57.2109 , 1)  (56.3521 , 9)  (53.499 , 2)  (53.1263 , 6)  (52.9634 , 3)  (47.0562 , 5)  (43.0277 , 4)  (41.8426 , 8)  
