 -------------------892------------
(91.2269 , 5)  (64.1227 , 9)  (56.3597 , 4)  (55.2175 , 6)  (52.1991 , 3)  (50.7024 , 7)  (48.3979 , 2)  (45.332 , 1)  (34.442 , 8)  
(88.2692 , 2)  (70.7297 , 6)  (62.8918 , 9)  (52.6922 , 1)  (50.4122 , 3)  (47.9839 , 7)  (46.3946 , 4)  (45.5331 , 8)  (42.0763 , 5)  
(98.8875 , 7)  (66.2364 , 2)  (64.4185 , 9)  (56.7296 , 5)  (50.8863 , 1)  (46.873 , 6)  (44.1228 , 3)  (43.1532 , 4)  (40.2318 , 8)  
(106.543 , 6)  (55.1131 , 4)  (52.9723 , 7)  (51.6165 , 5)  (49.4082 , 8)  (49.328 , 9)  (47.8099 , 2)  (47.2884 , 1)  (45.2824 , 3)  
(99.4035 , 3)  (57.7331 , 6)  (57.5863 , 1)  (57.3005 , 9)  (56.9779 , 7)  (53.8484 , 2)  (47.701 , 5)  (45.202 , 8)  (36.1768 , 4)  
(102.352 , 9)  (63.0084 , 6)  (55.4854 , 2)  (51.7129 , 7)  (46.1573 , 5)  (45.3972 , 1)  (43.1339 , 8)  (42.7606 , 3)  (41.8988 , 4)  
(91.1879 , 8)  (72.1668 , 2)  (60.8175 , 6)  (57.7229 , 7)  (49.4661 , 3)  (49.1397 , 4)  (48.8968 , 1)  (41.9246 , 5)  (38.4404 , 9)  
(100.886 , 1)  (65.96 , 6)  (58.7626 , 7)  (56.7263 , 2)  (56.1595 , 5)  (55.2351 , 9)  (40.8005 , 3)  (40.6552 , 4)  (35.9788 , 8)  
(95.2141 , 4)  (63.0073 , 7)  (61.5302 , 6)  (53.6776 , 9)  (52.1614 , 2)  (51.8082 , 1)  (49.2295 , 5)  (48.1178 , 3)  (41.4236 , 8)  
