 -------------------3509------------
(102.463 , 9)  (60.6147 , 6)  (59.337 , 2)  (58.9479 , 7)  (47.2319 , 5)  (46.8619 , 1)  (42.8411 , 3)  (41.5183 , 8)  (40.8421 , 4)  
(98.3001 , 2)  (60.5179 , 8)  (56.6529 , 9)  (55.3567 , 6)  (54.8662 , 1)  (52.5574 , 7)  (46.3605 , 5)  (43.7867 , 3)  (40.9354 , 4)  
(95.5332 , 3)  (60.2628 , 7)  (57.789 , 4)  (56.2509 , 5)  (51.3457 , 2)  (49.8512 , 1)  (47.3889 , 6)  (44.3252 , 8)  (38.9852 , 9)  
(79.7545 , 8)  (79.421 , 2)  (71.99 , 6)  (67.9161 , 9)  (55.236 , 7)  (48.6626 , 5)  (41.9847 , 3)  (39.0812 , 1)  (30.8781 , 4)  
(94.6483 , 6)  (60.7771 , 5)  (56.1023 , 9)  (55.7682 , 7)  (51.232 , 2)  (50.0909 , 1)  (44.0436 , 3)  (43.0695 , 8)  (33.6631 , 4)  
(92.339 , 7)  (62.917 , 1)  (60.8597 , 3)  (58.8231 , 2)  (55.5561 , 6)  (49.6598 , 8)  (47.0981 , 5)  (45.0822 , 4)  (40.5004 , 9)  
(78.8762 , 4)  (70.8813 , 6)  (68.1919 , 2)  (61.6875 , 1)  (61.0725 , 7)  (59.3891 , 8)  (45.8304 , 9)  (40.8898 , 5)  (38.0322 , 3)  
(101.366 , 1)  (68.4332 , 7)  (60.8942 , 6)  (57.8774 , 5)  (56.2145 , 2)  (53.2634 , 9)  (40.3018 , 3)  (39.3525 , 4)  (32.6277 , 8)  
(93.0136 , 5)  (61.7947 , 1)  (56.6988 , 7)  (55.8118 , 6)  (54.4842 , 3)  (53.4543 , 8)  (53.2529 , 9)  (52.0095 , 2)  (33.3971 , 4)  
