 -------------------277------------
(103.024 , 4)  (63.674 , 9)  (53.3804 , 6)  (51.3207 , 7)  (50.7268 , 2)  (50.2023 , 3)  (50.0884 , 8)  (48.7745 , 1)  (42.7034 , 5)  
(96.7995 , 5)  (80.938 , 8)  (60.0646 , 6)  (52.4692 , 7)  (51.0664 , 2)  (41.9874 , 4)  (41.793 , 9)  (41.232 , 1)  (40.9816 , 3)  
(98.5722 , 6)  (64.9021 , 5)  (59.286 , 1)  (50.3029 , 2)  (48.3577 , 9)  (47.6544 , 8)  (47.1821 , 4)  (45.6883 , 7)  (37.3763 , 3)  
(97.6443 , 8)  (63.2491 , 1)  (58.048 , 2)  (51.6112 , 7)  (51.0113 , 9)  (49.0546 , 5)  (48.8717 , 6)  (47.0468 , 3)  (45.0066 , 4)  
(100.536 , 2)  (63.8846 , 3)  (62.6851 , 6)  (59.6738 , 7)  (58.8286 , 9)  (45.6383 , 4)  (42.7502 , 8)  (38.6309 , 1)  (37.6276 , 5)  
(80.442 , 3)  (63.6964 , 2)  (62.6099 , 8)  (60.8108 , 7)  (54.8662 , 6)  (53.1853 , 5)  (50.3416 , 4)  (46.9624 , 9)  (46.1409 , 1)  
(85.6169 , 9)  (59.9356 , 7)  (58.2227 , 1)  (52.8494 , 6)  (52.4631 , 3)  (49.8911 , 2)  (49.5556 , 4)  (48.9831 , 5)  (46.5594 , 8)  
(98.7366 , 1)  (74.3631 , 6)  (60.3037 , 2)  (58.9255 , 5)  (55.2467 , 7)  (44.2946 , 9)  (44.0895 , 8)  (41.8315 , 4)  (37.2419 , 3)  
(80.7885 , 7)  (70.3031 , 2)  (59.8203 , 4)  (59.5312 , 5)  (54.0336 , 3)  (50.7266 , 1)  (49.3617 , 9)  (48.4668 , 6)  (31.3737 , 8)  
