 -------------------197------------
(97.088 , 4)  (64.7279 , 6)  (60.9079 , 7)  (53.1277 , 8)  (52.9074 , 1)  (50.2816 , 2)  (48.1279 , 3)  (45.4236 , 5)  (44.4036 , 9)  
(100.482 , 1)  (66.0951 , 2)  (58.8907 , 9)  (58.0011 , 5)  (57.5145 , 7)  (46.7079 , 8)  (44.9866 , 6)  (37.5565 , 4)  (34.1068 , 3)  
(102.892 , 6)  (58.9116 , 9)  (55.7807 , 7)  (52.0112 , 5)  (51.4871 , 1)  (48.8918 , 3)  (48.5191 , 8)  (43.3173 , 4)  (41.63 , 2)  
(99.2797 , 2)  (59.0401 , 3)  (57.5623 , 7)  (53.7458 , 5)  (53.5372 , 6)  (50.9636 , 1)  (49.6478 , 8)  (47.577 , 4)  (44.022 , 9)  
(80.5319 , 9)  (64.0739 , 7)  (62.8869 , 6)  (56.007 , 5)  (52.6713 , 4)  (48.2155 , 8)  (46.4355 , 1)  (46.2906 , 2)  (45.8059 , 3)  
(103.708 , 7)  (60.0521 , 6)  (56.9723 , 2)  (56.7679 , 1)  (51.8496 , 9)  (46.8793 , 5)  (46.1174 , 3)  (43.2783 , 4)  (40.3737 , 8)  
(97.4932 , 5)  (59.6548 , 2)  (59.0545 , 7)  (58.6612 , 9)  (57.7914 , 6)  (48.937 , 8)  (47.5376 , 3)  (44.4458 , 1)  (32.4771 , 4)  
(90.9499 , 3)  (63.8682 , 7)  (56.977 , 6)  (53.4001 , 4)  (52.0143 , 2)  (50.6315 , 9)  (48.5683 , 5)  (47.0873 , 8)  (45.8703 , 1)  
(74.5727 , 8)  (67.5707 , 9)  (60.9896 , 6)  (59.7718 , 7)  (55.2082 , 1)  (52.3308 , 3)  (48.9649 , 4)  (46.7095 , 5)  (46.1497 , 2)  
