 -------------------3344------------
(69.2424 , 2)  (62.2778 , 7)  (58.4087 , 5)  (57.1968 , 8)  (53.5003 , 3)  (52.5902 , 1)  (48.5338 , 9)  (48.3831 , 4)  (45.4805 , 6)  
(102.312 , 1)  (65.1707 , 7)  (54.8589 , 5)  (53.3015 , 6)  (52.1164 , 2)  (49.2874 , 9)  (46.6687 , 4)  (43.0855 , 8)  (38.8824 , 3)  
(77.589 , 6)  (72.2061 , 5)  (58.3284 , 9)  (52.3581 , 8)  (50.0142 , 3)  (48.2841 , 7)  (46.564 , 4)  (45.1662 , 1)  (43.7803 , 2)  
(103.592 , 5)  (71.4824 , 7)  (51.5129 , 4)  (51.456 , 1)  (51.3283 , 6)  (51.3204 , 8)  (48.7325 , 2)  (43.3701 , 3)  (29.8672 , 9)  
(103.135 , 7)  (66.7372 , 6)  (59.5596 , 9)  (59.4625 , 5)  (58.4396 , 1)  (53.8384 , 2)  (44.8187 , 3)  (39.4197 , 4)  (32.1117 , 8)  
(95.6335 , 9)  (58.0025 , 2)  (53.8242 , 6)  (52.6098 , 3)  (50.7082 , 5)  (50.2133 , 4)  (49.7661 , 1)  (48.2815 , 7)  (40.8653 , 8)  
(97.3379 , 4)  (69.3072 , 2)  (63.8962 , 6)  (60.3629 , 1)  (50.5988 , 9)  (47.8696 , 7)  (43.0417 , 8)  (41.7225 , 5)  (36.1927 , 3)  
(89.2961 , 8)  (70.4332 , 9)  (66.5933 , 2)  (59.0468 , 6)  (53.8594 , 1)  (52.5408 , 7)  (46.8375 , 5)  (40.9703 , 3)  (32.8204 , 4)  
(101.708 , 3)  (57.2654 , 2)  (56.1302 , 7)  (54.5264 , 6)  (52.9506 , 9)  (49.0811 , 1)  (48.8739 , 4)  (48.2625 , 8)  (44.1803 , 5)  
