 -------------------3199------------
(104.076 , 6)  (64.8425 , 4)  (55.1534 , 2)  (52.1541 , 9)  (51.6999 , 8)  (50.9181 , 5)  (49.5912 , 7)  (46.8591 , 1)  (45.9755 , 3)  
(95.7978 , 3)  (59.8527 , 7)  (56.4401 , 4)  (54.3148 , 5)  (53.1073 , 2)  (52.5662 , 8)  (50.81 , 6)  (42.2339 , 1)  (38.9518 , 9)  
(105.741 , 7)  (56.4267 , 9)  (50.6668 , 4)  (50.5111 , 2)  (49.2612 , 8)  (49.0945 , 6)  (48.5657 , 3)  (48.4675 , 1)  (47.2243 , 5)  
(105.159 , 1)  (59.0792 , 6)  (57.1995 , 5)  (54.8894 , 7)  (49.459 , 9)  (46.9855 , 2)  (45.1711 , 4)  (42.1255 , 3)  (41.3108 , 8)  
(85.5457 , 2)  (80.1973 , 4)  (66.3737 , 6)  (61.9823 , 1)  (60.5522 , 5)  (52.2405 , 7)  (43.711 , 9)  (37.3162 , 3)  (33.801 , 8)  
(100.184 , 8)  (64.0776 , 9)  (55.1914 , 6)  (54.1332 , 2)  (48.6758 , 7)  (48.6047 , 3)  (45.9164 , 5)  (44.9018 , 1)  (43.0619 , 4)  
(87.4144 , 4)  (65.9393 , 6)  (63.1222 , 9)  (60.3008 , 2)  (57.3441 , 7)  (51.5585 , 1)  (51.4357 , 3)  (46.7479 , 5)  (34.9151 , 8)  
(94.1579 , 9)  (66.7136 , 6)  (62.2742 , 1)  (60.4088 , 7)  (55.8476 , 2)  (50.7344 , 5)  (43.7062 , 3)  (35.929 , 4)  (29.5002 , 8)  
(97.5682 , 5)  (61.5816 , 6)  (61.0671 , 9)  (56.5304 , 1)  (54.903 , 2)  (46.9904 , 7)  (46.2361 , 3)  (45.6566 , 8)  (33.6358 , 4)  
