 -------------------1112------------
(100.01 , 7)  (64.5638 , 1)  (58.6311 , 2)  (57.7725 , 6)  (54.1007 , 9)  (49.6156 , 3)  (46.0757 , 5)  (38.473 , 8)  (36.2767 , 4)  
(103.014 , 6)  (55.6787 , 9)  (51.4499 , 7)  (51.2118 , 1)  (50.2113 , 4)  (49.2333 , 5)  (48.7061 , 3)  (44.8998 , 2)  (38.8737 , 8)  
(103.468 , 4)  (64.956 , 2)  (58.8613 , 7)  (54.9283 , 6)  (51.7844 , 9)  (50.981 , 5)  (45.9596 , 1)  (44.0329 , 3)  (34.1417 , 8)  
(102.443 , 2)  (64.6459 , 9)  (63.0559 , 7)  (58.8419 , 6)  (47.7365 , 5)  (46.204 , 1)  (43.4604 , 3)  (37.6621 , 8)  (30.7255 , 4)  
(96.8757 , 9)  (69.1156 , 7)  (58.9093 , 2)  (57.9356 , 6)  (53.6982 , 5)  (51.2509 , 4)  (48.0581 , 1)  (45.379 , 3)  (37.3449 , 8)  
(95.9353 , 5)  (69.4628 , 6)  (65.4024 , 7)  (57.9154 , 9)  (56.7587 , 2)  (51.463 , 1)  (51.3791 , 8)  (38.8847 , 3)  (33.0818 , 4)  
(98.1096 , 1)  (70.7213 , 6)  (63.9126 , 5)  (59.0697 , 9)  (58.3716 , 2)  (52.5177 , 7)  (40.108 , 3)  (38.6069 , 4)  (34.2573 , 8)  
(97.5125 , 8)  (62.5437 , 7)  (59.5527 , 2)  (56.1767 , 6)  (53.7495 , 4)  (53.3887 , 5)  (48.9256 , 9)  (45.5238 , 1)  (39.8875 , 3)  
(68.9501 , 3)  (64.7398 , 5)  (64.3448 , 8)  (58.0625 , 6)  (56.9716 , 4)  (51.788 , 2)  (51.6468 , 7)  (51.623 , 1)  (47.3046 , 9)  
