 -------------------1873------------
(108.144 , 4)  (59.6818 , 7)  (57.4431 , 2)  (57.306 , 9)  (55.607 , 6)  (52.7422 , 5)  (46.4076 , 8)  (38.2226 , 1)  (32.2687 , 3)  
(91.4585 , 5)  (75.5151 , 6)  (69.2061 , 8)  (58.0315 , 7)  (57.4764 , 2)  (55.9628 , 9)  (44.9229 , 1)  (29.8799 , 4)  (28.6717 , 3)  
(101.834 , 2)  (59.3702 , 3)  (57.3034 , 6)  (57.1989 , 9)  (54.1151 , 7)  (53.191 , 1)  (51.9506 , 8)  (36.942 , 4)  (36.5273 , 5)  
(92.9843 , 9)  (68.6816 , 7)  (60.9234 , 8)  (59.4362 , 1)  (57.6683 , 6)  (54.5737 , 2)  (46.086 , 3)  (39.9473 , 5)  (39.6675 , 4)  
(103.156 , 6)  (62.3931 , 9)  (56.3915 , 1)  (55.6778 , 5)  (53.7978 , 4)  (49.6194 , 7)  (47.9554 , 2)  (47.4239 , 3)  (36.448 , 8)  
(103.896 , 7)  (58.7151 , 2)  (58.1519 , 9)  (56.8736 , 6)  (56.0031 , 1)  (43.5333 , 5)  (39.8162 , 3)  (35.9617 , 8)  (31.5757 , 4)  
(77.7025 , 8)  (73.4141 , 7)  (66.2322 , 6)  (63.2817 , 9)  (59.9863 , 2)  (56.004 , 1)  (49.7701 , 3)  (47.8197 , 5)  (30.9462 , 4)  
(89.7529 , 1)  (74.5839 , 6)  (63.5045 , 5)  (63.2232 , 7)  (57.4582 , 2)  (47.7555 , 9)  (43.4643 , 3)  (37.3002 , 8)  (36.4631 , 4)  
(94.8213 , 3)  (61.3427 , 7)  (60.0902 , 6)  (54.2058 , 9)  (52.3539 , 2)  (52.3203 , 5)  (47.5206 , 1)  (46.1576 , 8)  (43.115 , 4)  
