 -------------------1335------------
(81.4393 , 9)  (74.0014 , 8)  (66.4607 , 5)  (61.4861 , 1)  (51.1579 , 2)  (49.3805 , 3)  (49.3154 , 7)  (47.7226 , 4)  (45.7385 , 6)  
(103.566 , 1)  (60.5464 , 7)  (59.6596 , 6)  (51.9585 , 8)  (50.8925 , 4)  (50.1086 , 3)  (45.3654 , 2)  (44.9952 , 5)  (43.7695 , 9)  
(93.6066 , 3)  (64.8284 , 9)  (60.8961 , 7)  (57.9484 , 1)  (54.7668 , 6)  (52.7219 , 4)  (49.5243 , 2)  (45.7681 , 5)  (38.5847 , 8)  
(107.257 , 8)  (54.8976 , 1)  (54.4887 , 7)  (52.1098 , 6)  (51.4113 , 4)  (51.2988 , 3)  (46.9553 , 9)  (44.1708 , 2)  (44.1345 , 5)  
(102.151 , 5)  (55.9011 , 9)  (53.5331 , 2)  (50.904 , 8)  (50.3047 , 7)  (49.3402 , 1)  (49.0032 , 4)  (47.5643 , 6)  (45.5576 , 3)  
(85.0176 , 2)  (73.2988 , 3)  (70.4467 , 7)  (54.1849 , 1)  (51.7313 , 4)  (49.1505 , 8)  (46.3628 , 5)  (43.1868 , 6)  (35.5875 , 9)  
(89.976 , 4)  (67.4627 , 6)  (57.5706 , 1)  (56.7647 , 9)  (54.1575 , 2)  (50.7842 , 7)  (49.6447 , 5)  (48.7505 , 8)  (39.0779 , 3)  
(104.183 , 6)  (55.2121 , 7)  (53.5067 , 5)  (52.9715 , 2)  (50.0802 , 8)  (49.9781 , 1)  (49.6339 , 4)  (46.3633 , 9)  (43.6366 , 3)  
(98.327 , 7)  (67.4369 , 2)  (61.5547 , 1)  (56.5211 , 9)  (51.7719 , 6)  (49.2185 , 4)  (47.2177 , 8)  (44.0163 , 3)  (42.4495 , 5)  
