 -------------------3194------------
(102.886 , 6)  (66.9881 , 4)  (58.4347 , 2)  (53.7043 , 9)  (51.7637 , 8)  (50.2622 , 5)  (48.9589 , 7)  (46.7336 , 3)  (44.6912 , 1)  
(96.5174 , 3)  (61.86 , 7)  (56.396 , 4)  (54.3238 , 8)  (53.7304 , 5)  (50.8232 , 2)  (50.4023 , 6)  (41.8047 , 1)  (38.7932 , 9)  
(106.286 , 7)  (57.6957 , 9)  (50.4166 , 6)  (50.238 , 3)  (49.8074 , 1)  (49.551 , 8)  (47.7902 , 2)  (47.5158 , 4)  (46.0295 , 5)  
(103.987 , 1)  (61.6689 , 5)  (61.3931 , 6)  (55.949 , 2)  (55.8582 , 9)  (55.8576 , 7)  (42.3681 , 4)  (42.3427 , 3)  (29.7779 , 8)  
(80.9749 , 2)  (75.7683 , 4)  (68.7007 , 6)  (63.5615 , 5)  (63.5486 , 1)  (58.4454 , 7)  (45.785 , 9)  (36.3592 , 3)  (32.667 , 8)  
(101.554 , 8)  (61.9201 , 9)  (55.9462 , 6)  (51.6481 , 2)  (48.8394 , 7)  (46.5183 , 5)  (45.776 , 3)  (45.6349 , 1)  (40.342 , 4)  
(89.3398 , 4)  (62.3777 , 9)  (61.2191 , 6)  (56.2661 , 7)  (55.9967 , 1)  (51.7951 , 2)  (50.6482 , 3)  (46.7319 , 5)  (38.9682 , 8)  
(93.8248 , 9)  (68.5573 , 6)  (63.025 , 7)  (62.3036 , 1)  (55.5166 , 2)  (53.1341 , 5)  (40.9495 , 3)  (35.7327 , 4)  (29.4122 , 8)  
(97.1898 , 5)  (62.726 , 6)  (60.5221 , 9)  (57.3016 , 1)  (53.8242 , 2)  (48.2472 , 7)  (47.2191 , 8)  (43.0319 , 3)  (30.8691 , 4)  
