 -------------------907------------
(93.1245 , 5)  (63.1429 , 9)  (57.6755 , 6)  (56.2503 , 1)  (55.7906 , 8)  (52.1767 , 7)  (48.1675 , 2)  (40.6181 , 3)  (39.4305 , 4)  
(86.5995 , 4)  (64.893 , 5)  (64.1399 , 6)  (61.9067 , 9)  (59.1841 , 2)  (59.1409 , 7)  (53.4389 , 1)  (36.8594 , 3)  (34.7502 , 8)  
(106.92 , 6)  (69.874 , 9)  (54.1129 , 5)  (53.7793 , 1)  (44.35 , 7)  (43.874 , 3)  (42.8831 , 2)  (39.5683 , 8)  (38.9587 , 4)  
(105.545 , 7)  (67.5224 , 5)  (62.4876 , 6)  (54.6174 , 2)  (51.2596 , 1)  (49.8985 , 9)  (35.5221 , 3)  (33.0767 , 8)  (32.8198 , 4)  
(101.858 , 1)  (70.106 , 6)  (66.2106 , 5)  (57.2558 , 2)  (56.6049 , 9)  (54.0007 , 7)  (43.2015 , 3)  (30.0278 , 8)  (27.2752 , 4)  
(97.6156 , 9)  (65.4322 , 6)  (57.8227 , 4)  (55.4683 , 2)  (48.4863 , 5)  (48.2458 , 1)  (44.6946 , 7)  (41.9652 , 8)  (41.8899 , 3)  
(95.0011 , 3)  (68.4317 , 7)  (59.8449 , 6)  (54.7769 , 1)  (52.4723 , 9)  (51.3196 , 2)  (47.1933 , 5)  (46.8777 , 8)  (35.3554 , 4)  
(96.8163 , 2)  (59.6112 , 6)  (53.2208 , 5)  (52.0555 , 7)  (51.8807 , 3)  (49.0081 , 9)  (48.8684 , 8)  (48.8182 , 1)  (42.1351 , 4)  
(95.3581 , 8)  (67.0007 , 6)  (61.5061 , 9)  (59.282 , 2)  (55.0129 , 7)  (52.0015 , 1)  (50.9195 , 5)  (36.7406 , 3)  (36.2842 , 4)  
