 -------------------402------------
(85.9094 , 8)  (66.5146 , 5)  (55.3957 , 2)  (54.451 , 6)  (54.2073 , 1)  (51.034 , 9)  (46.6637 , 3)  (45.9089 , 7)  (45.223 , 4)  
(101.181 , 5)  (67.0972 , 6)  (58.3767 , 3)  (53.8738 , 2)  (51.4567 , 4)  (51.1242 , 7)  (48.4323 , 1)  (43.5658 , 9)  (39.7386 , 8)  
(93.6267 , 4)  (66.8452 , 6)  (57.0478 , 1)  (56.2187 , 2)  (50.8998 , 7)  (50.2919 , 8)  (49.4226 , 9)  (45.7847 , 3)  (45.2089 , 5)  
(96.2192 , 1)  (60.628 , 6)  (58.931 , 2)  (51.5682 , 8)  (51.1965 , 3)  (50.2582 , 5)  (49.8356 , 7)  (43.5351 , 4)  (40.663 , 9)  
(85.1756 , 3)  (70.8561 , 1)  (53.4724 , 7)  (53.2122 , 9)  (53.0325 , 5)  (52.9475 , 8)  (52.2628 , 2)  (50.8099 , 6)  (41.158 , 4)  
(100.175 , 9)  (62.7875 , 6)  (57.1902 , 2)  (54.2673 , 7)  (51.6452 , 8)  (47.1972 , 4)  (45.7847 , 1)  (44.8904 , 5)  (42.1305 , 3)  
(101.465 , 7)  (65.6244 , 2)  (61.0833 , 6)  (61.076 , 1)  (51.9279 , 5)  (51.2791 , 3)  (51.0767 , 9)  (37.1022 , 4)  (34.9451 , 8)  
(101.621 , 6)  (61.4228 , 5)  (59.9169 , 9)  (53.5002 , 1)  (51.0401 , 7)  (48.921 , 4)  (45.4605 , 8)  (40.5263 , 2)  (33.7552 , 3)  
(101.038 , 2)  (64.3525 , 9)  (60.1655 , 1)  (59.0888 , 6)  (54.2728 , 5)  (53.883 , 7)  (44.2302 , 4)  (41.9713 , 3)  (34.2066 , 8)  
