 -------------------1121------------
(99.7194 , 7)  (65.6577 , 1)  (56.1708 , 2)  (54.4072 , 6)  (51.6487 , 3)  (50.6368 , 9)  (46.8101 , 5)  (42.013 , 8)  (39.0267 , 4)  
(102.232 , 6)  (55.6324 , 9)  (52.8098 , 7)  (51.9068 , 4)  (51.4997 , 3)  (51.3834 , 1)  (50.3948 , 5)  (40.9023 , 2)  (37.2455 , 8)  
(104.898 , 4)  (61.5504 , 2)  (58.7516 , 6)  (58.5054 , 7)  (49.0808 , 5)  (48.6196 , 9)  (45.2443 , 1)  (43.2893 , 3)  (34.6184 , 8)  
(101.659 , 2)  (60.632 , 7)  (59.7664 , 9)  (55.9106 , 6)  (52.5115 , 8)  (47.4816 , 3)  (47.202 , 1)  (46.59 , 5)  (30.0674 , 4)  
(98.4877 , 9)  (68.7927 , 7)  (58.3381 , 2)  (57.6856 , 6)  (52.9391 , 5)  (51.5539 , 4)  (47.7937 , 1)  (42.9753 , 3)  (36.8478 , 8)  
(97.7362 , 5)  (72.3958 , 6)  (65.4497 , 7)  (58.4438 , 9)  (57.8415 , 2)  (49.4927 , 1)  (44.3696 , 8)  (36.022 , 3)  (35.385 , 4)  
(97.3386 , 1)  (71.8348 , 6)  (67.2217 , 5)  (59.9882 , 9)  (58.1764 , 7)  (56.573 , 2)  (36.1472 , 8)  (36.0571 , 3)  (34.6531 , 4)  
(94.2347 , 8)  (60.8405 , 2)  (60.4087 , 9)  (59.7661 , 7)  (57.9985 , 6)  (53.3328 , 5)  (47.6774 , 1)  (43.3719 , 4)  (41.4567 , 3)  
(64.7295 , 3)  (64.3728 , 8)  (63.8623 , 6)  (63.362 , 5)  (55.4908 , 4)  (53.4081 , 2)  (52.9197 , 7)  (49.7905 , 1)  (48.506 , 9)  
