 -------------------1492------------
(101.084 , 6)  (63.3081 , 4)  (53.1857 , 2)  (52.09 , 5)  (51.1567 , 3)  (49.2657 , 8)  (49.2379 , 7)  (47.7939 , 9)  (46.9069 , 1)  
(99.015 , 9)  (56.19 , 6)  (55.156 , 4)  (53.8801 , 7)  (49.0186 , 3)  (47.8365 , 2)  (47.7983 , 5)  (46.3917 , 8)  (45.6443 , 1)  
(85.0429 , 8)  (66.3021 , 2)  (63.1955 , 6)  (59.0417 , 7)  (54.8495 , 1)  (52.2248 , 9)  (44.8025 , 5)  (43.595 , 4)  (43.42 , 3)  
(97.4242 , 5)  (61.4482 , 6)  (52.6742 , 8)  (52.6677 , 3)  (51.492 , 7)  (45.186 , 9)  (43.8663 , 2)  (43.8478 , 1)  (43.3803 , 4)  
(104.108 , 1)  (56.9618 , 7)  (51.8827 , 5)  (51.8146 , 6)  (51.0008 , 2)  (49.5916 , 4)  (46.8155 , 9)  (44.396 , 8)  (42.2061 , 3)  
(92.021 , 4)  (82.3339 , 6)  (55.885 , 7)  (55.3099 , 9)  (54.3865 , 3)  (47.7866 , 2)  (45.0432 , 1)  (40.733 , 5)  (39.9587 , 8)  
(97.7027 , 3)  (65.7373 , 5)  (62.3415 , 7)  (61.0386 , 6)  (50.7166 , 1)  (45.9408 , 2)  (44.8486 , 4)  (41.7897 , 9)  (35.8753 , 8)  
(101.635 , 2)  (60.7974 , 7)  (55.3971 , 9)  (54.7687 , 5)  (52.7994 , 1)  (52.702 , 6)  (49.0223 , 3)  (46.3576 , 8)  (39.8986 , 4)  
(86.8034 , 7)  (73.6727 , 2)  (59.3594 , 6)  (55.9907 , 4)  (55.0921 , 3)  (52.2742 , 1)  (48.4003 , 9)  (43.0391 , 5)  (40.4458 , 8)  
