 -------------------219------------
(98.4482 , 4)  (68.2647 , 6)  (61.7558 , 7)  (50.4037 , 1)  (50.2759 , 8)  (49.5125 , 2)  (47.5886 , 3)  (47.5067 , 5)  (42.1449 , 9)  
(101.916 , 1)  (61.3569 , 2)  (57.8003 , 5)  (53.8902 , 7)  (52.8663 , 8)  (50.3941 , 9)  (40.4889 , 6)  (39.0389 , 3)  (38.5301 , 4)  
(103.836 , 6)  (56.1561 , 7)  (55.8642 , 9)  (52.665 , 1)  (52.2639 , 5)  (50.6684 , 3)  (49.4916 , 8)  (46.4149 , 4)  (39.3747 , 2)  
(100.265 , 2)  (58.435 , 7)  (55.8422 , 3)  (55.3686 , 6)  (51.5567 , 5)  (51.1295 , 1)  (49.2978 , 8)  (45.9057 , 4)  (44.8347 , 9)  
(77.3262 , 9)  (69.4297 , 7)  (61.7503 , 6)  (56.9507 , 5)  (52.0138 , 4)  (47.6902 , 8)  (44.275 , 1)  (44.0619 , 2)  (43.0088 , 3)  
(104.376 , 7)  (58.952 , 2)  (58.0989 , 6)  (57.3028 , 1)  (56.1583 , 9)  (49.0028 , 5)  (42.6053 , 3)  (40.677 , 8)  (33.8546 , 4)  
(98.0747 , 5)  (58.6804 , 7)  (57.9898 , 6)  (56.8792 , 2)  (55.5095 , 9)  (50.6909 , 8)  (48.363 , 3)  (45.3551 , 1)  (32.6045 , 4)  
(86.0462 , 3)  (64.8474 , 7)  (59.0903 , 6)  (56.108 , 2)  (54.6456 , 4)  (51.8635 , 9)  (50.1976 , 5)  (46.0917 , 8)  (42.2727 , 1)  
(71.9092 , 8)  (66.8798 , 9)  (61.1406 , 6)  (59.6391 , 7)  (55.7952 , 1)  (53.1785 , 3)  (48.1985 , 2)  (46.5557 , 4)  (46.2888 , 5)  
