 -------------------273------------
(103.796 , 4)  (61.9202 , 9)  (52.2927 , 6)  (51.1439 , 7)  (49.6669 , 2)  (49.3271 , 1)  (47.3977 , 5)  (47.0416 , 3)  (46.4063 , 8)  
(95.2736 , 5)  (78.3225 , 8)  (63.0986 , 6)  (52.6304 , 7)  (49.2572 , 2)  (45.9157 , 4)  (42.6936 , 3)  (41.8542 , 1)  (39.9846 , 9)  
(99.5064 , 6)  (63.4126 , 5)  (59.2083 , 1)  (50.207 , 9)  (48.4096 , 2)  (47.978 , 8)  (46.1741 , 4)  (45.7852 , 7)  (38.8009 , 3)  
(94.4524 , 8)  (61.4139 , 2)  (58.8672 , 1)  (57.2245 , 7)  (56.8763 , 9)  (50.1935 , 6)  (49.7423 , 5)  (44.0191 , 3)  (43.2354 , 4)  
(101.023 , 2)  (60.8901 , 6)  (57.9359 , 3)  (55.9872 , 9)  (55.0826 , 7)  (44.2865 , 8)  (43.7654 , 4)  (42.9414 , 1)  (41.4867 , 5)  
(80.3822 , 3)  (63.2895 , 7)  (61.2431 , 2)  (57.8309 , 8)  (56.7615 , 5)  (53.8867 , 6)  (52.6504 , 4)  (46.5063 , 1)  (45.0589 , 9)  
(91.545 , 9)  (57.9528 , 1)  (54.8396 , 7)  (52.9246 , 6)  (51.6444 , 2)  (50.1674 , 3)  (50.1446 , 5)  (44.7005 , 8)  (39.8431 , 4)  
(99.6789 , 1)  (71.4725 , 6)  (59.0564 , 2)  (58.6994 , 5)  (56.1334 , 7)  (47.5033 , 8)  (42.7776 , 4)  (40.1338 , 9)  (38.8653 , 3)  
(83.06 , 7)  (67.5985 , 2)  (65.9753 , 3)  (62.1332 , 4)  (53.277 , 9)  (53.0797 , 5)  (51.9301 , 6)  (48.1973 , 1)  (30.7651 , 8)  
