 -------------------1495------------
(103.532 , 6)  (61.4073 , 4)  (56.4751 , 5)  (55.2089 , 2)  (51.1015 , 7)  (48.3027 , 3)  (47.2618 , 9)  (46.4158 , 8)  (45.2875 , 1)  
(100.094 , 9)  (56.3868 , 7)  (55.5863 , 6)  (52.5153 , 2)  (50.9187 , 3)  (48.55 , 4)  (47.5452 , 8)  (44.8747 , 5)  (44.1493 , 1)  
(86.4871 , 8)  (65.2429 , 2)  (62.2319 , 6)  (59.9396 , 1)  (53.8319 , 7)  (46.3423 , 4)  (44.7563 , 9)  (44.6676 , 3)  (40.6627 , 5)  
(98.0514 , 5)  (55.0915 , 6)  (53.7939 , 3)  (52.3721 , 8)  (50.793 , 7)  (46.8348 , 9)  (46.427 , 4)  (45.8384 , 1)  (45.5395 , 2)  
(103.968 , 1)  (59.026 , 7)  (57.3712 , 2)  (57.0883 , 6)  (54.7921 , 5)  (48.3319 , 4)  (47.8232 , 9)  (39.1273 , 3)  (35.1121 , 8)  
(91.072 , 4)  (84.5534 , 6)  (62.8366 , 9)  (54.4157 , 7)  (51.4737 , 2)  (48.5643 , 3)  (46.5072 , 1)  (43.3209 , 5)  (36.1718 , 8)  
(99.4231 , 3)  (65.242 , 5)  (60.9832 , 7)  (60.6792 , 6)  (49.7503 , 1)  (43.6258 , 4)  (43.5923 , 2)  (40.8811 , 9)  (36.637 , 8)  
(102.336 , 2)  (61.5359 , 7)  (59.1108 , 3)  (56.5564 , 5)  (52.8758 , 9)  (52.0173 , 6)  (48.7936 , 1)  (47.3424 , 8)  (45.2614 , 4)  
(89.4064 , 7)  (72.952 , 2)  (60.3251 , 6)  (59.6833 , 1)  (56.4502 , 3)  (47.1902 , 5)  (45.9462 , 9)  (45.4976 , 4)  (39.466 , 8)  
