 -------------------279------------
(103.271 , 4)  (66.5377 , 9)  (52.6801 , 2)  (51.3361 , 6)  (50.4076 , 1)  (49.9994 , 8)  (49.3746 , 7)  (46.6695 , 5)  (44.4447 , 3)  
(96.539 , 5)  (76.1387 , 8)  (61.5877 , 6)  (52.4965 , 7)  (50.8367 , 2)  (45.995 , 4)  (45.1379 , 3)  (41.2001 , 1)  (39.3405 , 9)  
(100.284 , 6)  (64.8626 , 5)  (60.6677 , 1)  (50.5443 , 8)  (49.1319 , 7)  (48.4366 , 4)  (47.9281 , 2)  (43.2838 , 9)  (36.7816 , 3)  
(96.3208 , 8)  (61.5565 , 1)  (61.113 , 2)  (54.86 , 9)  (53.6791 , 7)  (48.1094 , 5)  (47.9851 , 6)  (46.2337 , 4)  (44.5749 , 3)  
(100.809 , 2)  (66.3773 , 3)  (61.965 , 7)  (61.8311 , 6)  (57.5921 , 9)  (45.0624 , 4)  (42.7366 , 8)  (38.4455 , 1)  (35.0836 , 5)  
(83.9652 , 3)  (63.9525 , 2)  (60.1683 , 7)  (58.3926 , 5)  (56.8955 , 4)  (55.6055 , 8)  (52.3433 , 6)  (46.036 , 1)  (43.9358 , 9)  
(90.7516 , 9)  (59.1183 , 1)  (55.9079 , 7)  (51.9499 , 6)  (51.3919 , 2)  (51.0618 , 5)  (50.2436 , 3)  (44.0572 , 8)  (41.3771 , 4)  
(99.5818 , 1)  (69.9245 , 6)  (55.928 , 7)  (55.9005 , 5)  (51.0773 , 2)  (50.6433 , 8)  (45.5559 , 3)  (41.6892 , 9)  (41.5607 , 4)  
(83.7437 , 7)  (67.7486 , 2)  (61.3998 , 4)  (58.6425 , 3)  (56.0093 , 5)  (49.8758 , 9)  (48.4501 , 6)  (48.0175 , 1)  (33.1002 , 8)  
