 -------------------4544------------
(100.462 , 9)  (58.8049 , 7)  (55.0009 , 2)  (53.1767 , 4)  (52.9077 , 6)  (47.3225 , 1)  (46.4815 , 8)  (43.448 , 5)  (41.8546 , 3)  
(103.027 , 1)  (55.4097 , 8)  (54.9781 , 2)  (52.2178 , 6)  (49.668 , 4)  (49.5859 , 5)  (47.0766 , 3)  (45.9104 , 7)  (42.0099 , 9)  
(94.1367 , 8)  (84.9472 , 5)  (59.237 , 6)  (57.3519 , 2)  (57.0631 , 7)  (48.0899 , 1)  (40.1702 , 4)  (39.1822 , 3)  (39.0928 , 9)  
(106.869 , 7)  (56.0766 , 6)  (54.9073 , 9)  (50.1403 , 1)  (49.2884 , 5)  (48.287 , 2)  (43.0816 , 3)  (42.5202 , 8)  (42.3754 , 4)  
(95.9611 , 2)  (71.778 , 1)  (59.1505 , 8)  (58.0031 , 3)  (53.0402 , 7)  (48.7296 , 9)  (48.5472 , 6)  (42.1147 , 5)  (38.45 , 4)  
(107.495 , 6)  (55.6619 , 7)  (54.5345 , 5)  (50.4987 , 9)  (50.2776 , 3)  (49.4641 , 1)  (47.7157 , 8)  (46.4608 , 2)  (43.9501 , 4)  
(105.104 , 3)  (57.713 , 2)  (53.5692 , 9)  (51.1381 , 1)  (51.097 , 7)  (49.1036 , 6)  (48.7957 , 5)  (44.3071 , 4)  (36.4084 , 8)  
(104.818 , 4)  (63.5563 , 6)  (57.1967 , 7)  (52.653 , 1)  (51.9993 , 2)  (50.8441 , 9)  (50.5482 , 5)  (42.6655 , 8)  (39.1208 , 3)  
(100.58 , 5)  (68.6752 , 9)  (57.6157 , 2)  (53.5681 , 7)  (50.7963 , 3)  (49.8878 , 6)  (48.8477 , 1)  (41.3712 , 8)  (33.8006 , 4)  
