 -------------------1013------------
(101.535 , 1)  (61.7025 , 7)  (60.977 , 2)  (58.8509 , 6)  (54.2757 , 5)  (52.747 , 9)  (41.3559 , 4)  (41.0405 , 3)  (32.3359 , 8)  
(98.0768 , 6)  (69.7795 , 9)  (69.452 , 5)  (67.3935 , 2)  (52.1601 , 7)  (50.1917 , 1)  (44.9087 , 8)  (36.7793 , 4)  (35.7346 , 3)  
(101.76 , 9)  (56.477 , 2)  (50.7894 , 5)  (50.7686 , 3)  (50.2176 , 6)  (50.2073 , 7)  (49.0314 , 1)  (48.0083 , 4)  (36.6329 , 8)  
(106.021 , 3)  (60.1552 , 6)  (59.5463 , 7)  (52.4086 , 8)  (50.7471 , 1)  (48.6502 , 9)  (43.7312 , 2)  (43.5115 , 5)  (38.8992 , 4)  
(103.447 , 7)  (66.4807 , 6)  (62.3301 , 9)  (56.6265 , 1)  (54.6278 , 2)  (45.7792 , 5)  (36.3542 , 8)  (35.3952 , 3)  (33.9581 , 4)  
(96.1987 , 2)  (63.1704 , 7)  (56.6927 , 1)  (54.043 , 6)  (53.2948 , 8)  (48.6899 , 5)  (48.35 , 9)  (44.2126 , 3)  (40.4772 , 4)  
(89.6418 , 8)  (84.1229 , 6)  (63.7159 , 7)  (62.565 , 9)  (62.4757 , 2)  (56.8979 , 1)  (40.3721 , 3)  (38.0605 , 5)  (13.5188 , 4)  
(74.4313 , 4)  (72.0242 , 6)  (70.9873 , 9)  (58.5017 , 7)  (56.9994 , 5)  (50.4775 , 2)  (48.8972 , 1)  (43.4044 , 8)  (42.4878 , 3)  
(91.4576 , 5)  (71.393 , 6)  (69.4471 , 7)  (57.1336 , 1)  (54.0941 , 3)  (53.428 , 9)  (45.8117 , 8)  (32.3962 , 2)  (29.1202 , 4)  
