 -------------------993------------
(102.381 , 1)  (60.1344 , 7)  (56.8962 , 6)  (55.5372 , 2)  (51.8147 , 5)  (49.3364 , 9)  (44.245 , 3)  (42.691 , 4)  (37.3828 , 8)  
(94.7279 , 6)  (70.6063 , 5)  (67.3003 , 9)  (66.4653 , 2)  (55.0466 , 1)  (51.3742 , 7)  (50.2877 , 8)  (41.0664 , 4)  (31.8836 , 3)  
(102.561 , 9)  (59.879 , 2)  (51.3792 , 6)  (51.0173 , 5)  (50.4495 , 1)  (50.0409 , 7)  (48.0361 , 4)  (45.2261 , 3)  (37.46 , 8)  
(105.911 , 3)  (59.5933 , 6)  (58.8907 , 7)  (54.439 , 1)  (54.0848 , 8)  (47.3683 , 9)  (44.8313 , 2)  (41.4267 , 5)  (39.6665 , 4)  
(102.856 , 7)  (65.4943 , 6)  (59.9322 , 9)  (57.1763 , 2)  (54.8985 , 1)  (47.3556 , 5)  (39.2735 , 4)  (36.4373 , 3)  (30.145 , 8)  
(96.5886 , 2)  (64.3832 , 7)  (55.3999 , 1)  (55.286 , 8)  (54.7455 , 6)  (50.2017 , 5)  (48.2586 , 9)  (41.1503 , 4)  (40.0698 , 3)  
(93.1466 , 8)  (79.0057 , 6)  (64.1671 , 7)  (61.3738 , 9)  (60.6627 , 2)  (57.0622 , 1)  (41.5516 , 3)  (39.5228 , 5)  (18.0204 , 4)  
(75.6823 , 4)  (69.88 , 6)  (67.0285 , 9)  (58.8408 , 5)  (57.9274 , 7)  (50.9967 , 2)  (49.8598 , 1)  (43.354 , 3)  (38.2007 , 8)  
(93.7002 , 5)  (70.7507 , 6)  (63.1728 , 7)  (56.1069 , 1)  (52.2279 , 9)  (49.0595 , 3)  (46.5937 , 8)  (36.1951 , 2)  (30.5748 , 4)  
