 -------------------1341------------
(83.6921 , 9)  (71.6583 , 5)  (68.705 , 8)  (60.1596 , 1)  (53.2968 , 2)  (48.2029 , 7)  (47.7453 , 3)  (46.6982 , 6)  (44.4363 , 4)  
(103.722 , 1)  (59.377 , 6)  (58.0747 , 7)  (51.8536 , 4)  (51.6484 , 8)  (51.3822 , 3)  (45.6841 , 2)  (45.3253 , 5)  (43.5812 , 9)  
(91.7434 , 3)  (63.4179 , 7)  (60.5448 , 9)  (53.8339 , 1)  (53.6559 , 6)  (53.6153 , 4)  (50.324 , 2)  (48.4402 , 5)  (38.0817 , 8)  
(106.505 , 8)  (59.302 , 6)  (58.7214 , 7)  (54.4023 , 1)  (51.4714 , 3)  (49.3847 , 4)  (48.8617 , 5)  (42.4275 , 2)  (37.6826 , 9)  
(99.4807 , 5)  (61.6736 , 9)  (54.7988 , 2)  (53.7838 , 7)  (52.5768 , 8)  (49.2493 , 6)  (46.2735 , 1)  (45.1755 , 3)  (43.9761 , 4)  
(95.7082 , 2)  (68.9177 , 3)  (61.2244 , 7)  (53.8029 , 1)  (53.2057 , 4)  (52.7087 , 8)  (40.916 , 5)  (40.2444 , 6)  (36.2057 , 9)  
(90.22 , 4)  (64.923 , 6)  (59.0226 , 1)  (56.3946 , 9)  (52.7417 , 8)  (51.3219 , 2)  (50.4236 , 5)  (50.2443 , 7)  (38.2828 , 3)  
(103.605 , 6)  (54.4846 , 7)  (52.7789 , 4)  (51.3204 , 5)  (49.5997 , 8)  (48.8819 , 1)  (48.7922 , 2)  (47.2109 , 9)  (45.7632 , 3)  
(97.0439 , 7)  (69.6878 , 2)  (60.6755 , 1)  (58.2151 , 9)  (50.3407 , 6)  (49.2249 , 4)  (46.5146 , 8)  (45.2789 , 3)  (42.2566 , 5)  
