 -------------------3935------------
(97.1005 , 5)  (72.982 , 6)  (54.8798 , 7)  (52.4157 , 1)  (47.5405 , 9)  (46.8017 , 2)  (45.9783 , 8)  (39.9061 , 3)  (39.1932 , 4)  
(100.768 , 4)  (62.3235 , 9)  (59.3503 , 6)  (57.0067 , 2)  (52.7402 , 7)  (50.2847 , 1)  (48.6921 , 5)  (43.7646 , 3)  (39.8165 , 8)  
(106.68 , 6)  (59.4523 , 9)  (59.1162 , 5)  (51.5104 , 7)  (50.8068 , 2)  (49.4576 , 8)  (44.5079 , 1)  (38.9655 , 4)  (34.4306 , 3)  
(101.709 , 1)  (67.2149 , 2)  (65.1486 , 6)  (62.4798 , 5)  (59.3261 , 7)  (57.4829 , 9)  (39.9019 , 3)  (29.4712 , 8)  (26.2924 , 4)  
(103.037 , 2)  (65.9115 , 9)  (63.2143 , 6)  (62.0132 , 7)  (52.1386 , 1)  (50.6641 , 8)  (42.2795 , 5)  (42.1256 , 4)  (39.1184 , 3)  
(106.005 , 7)  (62.6843 , 6)  (56.4042 , 5)  (56.1696 , 1)  (55.4883 , 9)  (54.2065 , 2)  (39.9316 , 4)  (38.0638 , 8)  (33.7567 , 3)  
(95.8213 , 9)  (69.3176 , 7)  (67.987 , 6)  (58.2496 , 1)  (57.2075 , 2)  (46.0083 , 5)  (42.5116 , 3)  (40.6143 , 8)  (38.039 , 4)  
(94.4944 , 8)  (79.9997 , 6)  (77.0432 , 7)  (54.4427 , 2)  (53.4542 , 3)  (50.7521 , 9)  (42.4403 , 1)  (37.4029 , 5)  (36.8737 , 4)  
(80.5305 , 3)  (70.5832 , 7)  (66.367 , 6)  (61.3924 , 2)  (59.2655 , 1)  (49.5044 , 5)  (49.2789 , 9)  (47.4947 , 8)  (32.521 , 4)  
