 -------------------4439------------
(95.1861 , 3)  (64.7104 , 7)  (57.4823 , 9)  (52.896 , 2)  (51.9232 , 1)  (51.4913 , 6)  (50.4268 , 5)  (47.122 , 4)  (46.242 , 8)  
(104.394 , 8)  (55.7383 , 3)  (55.2239 , 7)  (52.0372 , 6)  (50.8644 , 9)  (49.2569 , 1)  (48.4405 , 4)  (45.2471 , 2)  (44.7791 , 5)  
(85.3122 , 9)  (66.2526 , 3)  (58.6114 , 5)  (50.8214 , 8)  (49.8446 , 2)  (47.8853 , 1)  (47.7212 , 7)  (47.5613 , 6)  (44.7112 , 4)  
(105.737 , 6)  (54.737 , 2)  (54.4831 , 9)  (53.824 , 1)  (51.8195 , 7)  (50.6892 , 4)  (48.0499 , 3)  (46.3492 , 5)  (41.0148 , 8)  
(102.096 , 4)  (60.428 , 6)  (56.7119 , 1)  (55.9986 , 2)  (50.7813 , 9)  (48.4275 , 7)  (45.9321 , 3)  (44.8918 , 8)  (44.4401 , 5)  
(102.43 , 1)  (62.0911 , 7)  (60.3027 , 6)  (56.1489 , 5)  (53.0206 , 2)  (50.6641 , 9)  (42.693 , 3)  (42.288 , 4)  (38.4032 , 8)  
(98.0835 , 5)  (61.018 , 6)  (60.3687 , 9)  (58.7005 , 7)  (56.0688 , 2)  (49.0461 , 1)  (46.1287 , 8)  (40.8656 , 3)  (33.5149 , 4)  
(90.7642 , 7)  (61.0997 , 6)  (59.7745 , 9)  (57.3649 , 2)  (49.3089 , 8)  (49.2685 , 1)  (48.5964 , 3)  (44.5629 , 5)  (37.4471 , 4)  
(106.305 , 2)  (61.8692 , 7)  (56.0863 , 5)  (55.7984 , 6)  (51.9562 , 9)  (48.2674 , 1)  (43.2022 , 3)  (39.3236 , 4)  (36.9937 , 8)  
