 -------------------160------------
(100.864 , 2)  (58.8219 , 7)  (55.0945 , 5)  (52.9567 , 3)  (51.6823 , 6)  (51.1337 , 4)  (48.7324 , 1)  (45.4577 , 9)  (40.8785 , 8)  
(87.2244 , 9)  (67.3884 , 7)  (53.105 , 4)  (52.771 , 1)  (52.4892 , 3)  (50.2038 , 5)  (49.4021 , 6)  (46.4744 , 2)  (43.6575 , 8)  
(104.594 , 8)  (58.4846 , 2)  (53.5189 , 3)  (50.3476 , 7)  (49.7309 , 4)  (48.9586 , 6)  (48.2192 , 9)  (47.6977 , 1)  (40.7246 , 5)  
(102.203 , 4)  (63.0603 , 6)  (59.9947 , 9)  (59.3923 , 2)  (54.0956 , 7)  (50.9112 , 1)  (44.0654 , 5)  (42.3239 , 3)  (36.1736 , 8)  
(107.695 , 7)  (55.028 , 6)  (54.688 , 9)  (52.3616 , 1)  (50.6051 , 5)  (46.4337 , 2)  (46.1868 , 4)  (40.1025 , 8)  (39.9222 , 3)  
(102.621 , 1)  (56.1526 , 7)  (55.4418 , 6)  (54.6142 , 2)  (51.9161 , 5)  (50.1831 , 9)  (47.2854 , 4)  (44.1381 , 8)  (44.0143 , 3)  
(99.9558 , 6)  (63.225 , 5)  (59.85 , 3)  (56.2578 , 7)  (53.6388 , 9)  (49.4668 , 4)  (43.1354 , 8)  (39.8571 , 1)  (37.8206 , 2)  
(84.7227 , 5)  (64.1043 , 9)  (61.0023 , 3)  (58.5904 , 7)  (55.1519 , 6)  (52.4841 , 1)  (50.9635 , 8)  (43.4836 , 2)  (26.651 , 4)  
(103.684 , 3)  (58.2328 , 7)  (53.1569 , 6)  (52.3227 , 1)  (52.1743 , 8)  (50.1017 , 9)  (49.3378 , 5)  (44.4909 , 2)  (38.6657 , 4)  
