 -------------------1110------------
(99.6943 , 7)  (63.0724 , 1)  (57.515 , 2)  (53.7616 , 9)  (53.3751 , 6)  (48.8344 , 3)  (45.1487 , 5)  (44.1902 , 8)  (39.6742 , 4)  
(101.088 , 6)  (61.286 , 4)  (56.1806 , 3)  (53.1579 , 9)  (52.7067 , 1)  (49.1621 , 7)  (44.1703 , 8)  (42.9477 , 5)  (40.028 , 2)  
(104.879 , 4)  (59.0855 , 2)  (58.0187 , 7)  (55.8697 , 6)  (51.4277 , 5)  (48.3794 , 9)  (45.9323 , 3)  (44.0418 , 1)  (35.2612 , 8)  
(101.011 , 2)  (65.4806 , 7)  (65.0142 , 9)  (56.4772 , 6)  (48.0137 , 5)  (45.4515 , 3)  (44.3304 , 1)  (39.9267 , 8)  (30.321 , 4)  
(99.9679 , 9)  (73.657 , 7)  (66.4524 , 6)  (58.506 , 2)  (47.1995 , 1)  (47.1658 , 5)  (47.1002 , 3)  (42.488 , 4)  (29.4839 , 8)  
(97.1356 , 5)  (71.7553 , 6)  (67.0058 , 7)  (58.2579 , 9)  (55.6263 , 2)  (48.7907 , 1)  (47.1126 , 8)  (36.6508 , 3)  (35.0543 , 4)  
(97.3226 , 1)  (67.8468 , 6)  (65.1208 , 5)  (59.1552 , 7)  (55.3221 , 2)  (54.2537 , 9)  (46.3389 , 4)  (37.5812 , 8)  (34.0183 , 3)  
(96.5045 , 8)  (61.548 , 7)  (59.773 , 6)  (58.3505 , 2)  (53.6923 , 9)  (51.9711 , 5)  (51.0702 , 4)  (45.3307 , 1)  (36.6647 , 3)  
(64.9975 , 3)  (63.5391 , 5)  (63.2589 , 8)  (58.9353 , 6)  (57.985 , 4)  (56.5387 , 2)  (53.6735 , 1)  (49.9422 , 9)  (46.5102 , 7)  
