 -------------------1106------------
(96.9665 , 7)  (71.8032 , 1)  (57.6418 , 3)  (54.7772 , 2)  (53.2284 , 6)  (50.7251 , 9)  (43.9055 , 5)  (43.8601 , 8)  (37.5743 , 4)  
(101.944 , 6)  (56.0712 , 4)  (53.8629 , 9)  (51.151 , 1)  (50.6469 , 7)  (49.4757 , 3)  (47.3998 , 5)  (44.0347 , 2)  (39.6081 , 8)  
(106.081 , 4)  (62.713 , 2)  (60.5775 , 7)  (56.9427 , 6)  (47.8461 , 3)  (47.248 , 5)  (45.2088 , 9)  (43.0115 , 1)  (36.9972 , 8)  
(100.877 , 2)  (61.6582 , 7)  (59.8267 , 9)  (52.8527 , 6)  (47.6878 , 3)  (47.679 , 5)  (46.8794 , 8)  (45.8724 , 1)  (34.4413 , 4)  
(98.9356 , 9)  (68.5147 , 7)  (58.5163 , 2)  (57.0832 , 6)  (52.3312 , 5)  (50.3107 , 4)  (46.4547 , 1)  (43.4654 , 3)  (37.7552 , 8)  
(95.2504 , 5)  (71.8455 , 6)  (65.6104 , 9)  (58.5988 , 2)  (55.4166 , 7)  (50.4122 , 1)  (41.0522 , 3)  (39.2859 , 8)  (36.064 , 4)  
(96.2709 , 1)  (72.8904 , 6)  (64.8338 , 5)  (60.5924 , 2)  (55.1836 , 9)  (53.3974 , 7)  (44.6971 , 4)  (38.3341 , 3)  (33.2904 , 8)  
(97.3758 , 8)  (62.8994 , 7)  (58.8945 , 2)  (57.3302 , 6)  (54.8407 , 5)  (53.4528 , 4)  (49.103 , 9)  (44.4313 , 1)  (40.2558 , 3)  
(68.3556 , 3)  (62.4089 , 5)  (60.2986 , 4)  (58.4221 , 8)  (57.0706 , 6)  (55.3728 , 9)  (54.0056 , 1)  (51.1126 , 2)  (46.0506 , 7)  
