 -------------------4607------------
(104.685 , 6)  (65.2195 , 4)  (53.7753 , 8)  (50.3675 , 7)  (49.5545 , 2)  (49.4803 , 1)  (48.6057 , 3)  (47.9435 , 5)  (47.5804 , 9)  
(83.3042 , 3)  (67.7933 , 5)  (62.2598 , 7)  (53.5243 , 2)  (52.1597 , 6)  (50.5336 , 4)  (50.396 , 1)  (44.607 , 9)  (43.4037 , 8)  
(91.7972 , 7)  (71.0664 , 2)  (57.0905 , 3)  (55.2074 , 6)  (54.4549 , 8)  (52.8768 , 1)  (48.9112 , 4)  (41.2731 , 9)  (39.9673 , 5)  
(103.378 , 4)  (63.5521 , 9)  (58.469 , 6)  (53.1073 , 2)  (51.1862 , 7)  (49.7752 , 1)  (45.4719 , 5)  (43.5262 , 3)  (38.5738 , 8)  
(95.7158 , 1)  (60.6351 , 6)  (59.1679 , 7)  (57.9881 , 2)  (57.6937 , 5)  (51.2236 , 9)  (50.2926 , 4)  (43.865 , 3)  (42.8093 , 8)  
(99.4442 , 5)  (57.162 , 9)  (56.9349 , 6)  (55.1206 , 1)  (54.8307 , 3)  (52.6053 , 7)  (43.692 , 8)  (42.9256 , 4)  (37.9482 , 2)  
(101.063 , 8)  (65.21 , 3)  (61.9264 , 6)  (60.7313 , 2)  (56.6597 , 9)  (54.953 , 1)  (53.2533 , 7)  (46.8547 , 4)  (31.467 , 5)  
(93.8553 , 2)  (63.284 , 3)  (63.2468 , 7)  (60.5831 , 6)  (55.2754 , 1)  (53.088 , 5)  (51.8127 , 4)  (50.7886 , 9)  (35.6075 , 8)  
(94.6736 , 9)  (65.7951 , 7)  (61.5254 , 2)  (61.4697 , 1)  (61.2966 , 6)  (47.3109 , 3)  (43.6174 , 5)  (39.8827 , 8)  (30.5864 , 4)  
