 -------------------1864------------
(107.4 , 4)  (65.4793 , 6)  (59.3678 , 7)  (53.8751 , 5)  (53.3978 , 2)  (49.1171 , 9)  (43.4169 , 1)  (41.1697 , 8)  (30.744 , 3)  
(85.1883 , 5)  (72.4667 , 6)  (62.0431 , 2)  (61.5465 , 8)  (57.393 , 7)  (53.9881 , 9)  (42.3269 , 1)  (36.1523 , 4)  (34.8481 , 3)  
(100.986 , 2)  (62.4107 , 3)  (60.67 , 7)  (55.7187 , 8)  (55.4892 , 6)  (55.1212 , 9)  (52.0278 , 1)  (37.2018 , 4)  (35.4546 , 5)  
(90.9551 , 9)  (70.8976 , 7)  (60.3694 , 1)  (56.3781 , 8)  (56.1603 , 2)  (54.5004 , 6)  (46.2972 , 5)  (40.4731 , 3)  (40.0831 , 4)  
(102.492 , 6)  (60.3754 , 5)  (56.4659 , 9)  (55.9488 , 7)  (55.4917 , 1)  (54.1465 , 4)  (46.1201 , 2)  (44.1666 , 3)  (37.8162 , 8)  
(105.899 , 7)  (56.2658 , 6)  (56.1123 , 9)  (56.1031 , 1)  (52.4743 , 2)  (44.0789 , 5)  (43.8506 , 3)  (37.1498 , 8)  (34.0999 , 4)  
(73.916 , 8)  (73.276 , 7)  (69.5393 , 6)  (69.2153 , 9)  (58.6876 , 2)  (55.8823 , 1)  (48.7764 , 3)  (44.6208 , 5)  (26.5418 , 4)  
(87.6411 , 1)  (71.0971 , 6)  (62.05 , 5)  (59.0051 , 7)  (58.3282 , 2)  (51.4051 , 3)  (47.4439 , 9)  (36.4751 , 4)  (35.1136 , 8)  
(99.1897 , 3)  (64.5304 , 6)  (63.5187 , 7)  (56.8005 , 9)  (53.374 , 2)  (47.9199 , 1)  (46.8664 , 5)  (40.8546 , 4)  (40.7383 , 8)  
