 -------------------839------------
(97.4897 , 7)  (59.3258 , 9)  (55.1769 , 6)  (54.6179 , 2)  (53.735 , 1)  (48.5259 , 4)  (48.2878 , 5)  (47.2321 , 3)  (41.2568 , 8)  
(97.8464 , 5)  (68.3696 , 8)  (58.6447 , 7)  (57.0144 , 2)  (55.7351 , 6)  (51.4699 , 1)  (49.4938 , 9)  (41.5833 , 4)  (40.4515 , 3)  
(99.0342 , 3)  (61.0929 , 2)  (55.0649 , 7)  (53.0908 , 9)  (53.0305 , 1)  (50.9654 , 6)  (47.1459 , 5)  (46.4182 , 4)  (42.6142 , 8)  
(100.062 , 9)  (63.1192 , 6)  (56.6224 , 1)  (52.2422 , 5)  (51.276 , 2)  (48.5738 , 7)  (46.7384 , 3)  (42.5403 , 4)  (34.6952 , 8)  
(96.1242 , 1)  (68.8819 , 2)  (64.8406 , 6)  (62.3326 , 5)  (52.8598 , 9)  (50.7513 , 7)  (42.1896 , 4)  (34.3937 , 3)  (34.2086 , 8)  
(102.383 , 2)  (68.4435 , 6)  (56.3991 , 9)  (53.1755 , 1)  (47.5282 , 7)  (47.0608 , 3)  (46.7238 , 5)  (44.7204 , 8)  (37.5533 , 4)  
(93.1411 , 4)  (80.3426 , 6)  (64.7304 , 7)  (57.8121 , 9)  (56.1336 , 5)  (53.7396 , 2)  (50.3827 , 1)  (41.7573 , 8)  (30.7869 , 3)  
(106.653 , 6)  (55.9737 , 5)  (55.434 , 7)  (55.0199 , 1)  (52.2114 , 9)  (47.429 , 2)  (46.7628 , 4)  (44.5549 , 3)  (40.8455 , 8)  
(91.0252 , 8)  (73.9458 , 6)  (73.0666 , 2)  (62.3583 , 9)  (57.4903 , 7)  (49.6606 , 1)  (43.1573 , 5)  (40.5586 , 3)  (34.2231 , 4)  
