 -------------------4580------------
(103.4 , 5)  (60.2798 , 9)  (56.302 , 3)  (51.5079 , 7)  (49.4946 , 4)  (47.4558 , 6)  (47.1911 , 2)  (44.884 , 1)  (39.8848 , 8)  
(97.9901 , 2)  (57.6482 , 7)  (57.0201 , 5)  (55.3027 , 3)  (50.317 , 9)  (50.058 , 4)  (48.9507 , 8)  (46.9592 , 1)  (42.0091 , 6)  
(92.0081 , 4)  (66.1501 , 7)  (58.695 , 9)  (58.1257 , 1)  (55.5732 , 3)  (54.2164 , 6)  (49.2544 , 2)  (45.4069 , 8)  (42.6451 , 5)  
(96.1818 , 8)  (56.5652 , 6)  (56.4302 , 2)  (56.1765 , 7)  (53.976 , 4)  (53.3611 , 5)  (52.4994 , 1)  (49.198 , 3)  (42.2137 , 9)  
(95.7022 , 1)  (59.9387 , 7)  (55.8663 , 6)  (54.8875 , 2)  (52.0332 , 5)  (50.6718 , 9)  (49.2461 , 8)  (48.3104 , 3)  (40.219 , 4)  
(104.75 , 3)  (56.5278 , 7)  (54.5958 , 6)  (51.596 , 5)  (46.9055 , 1)  (46.8391 , 9)  (46.8223 , 2)  (46.5285 , 4)  (38.4234 , 8)  
(96.3095 , 9)  (60.9738 , 6)  (53.012 , 2)  (51.688 , 4)  (49.8474 , 5)  (49.3444 , 7)  (49.1366 , 1)  (44.7389 , 8)  (43.4116 , 3)  
(94.8435 , 6)  (71.2952 , 5)  (59.4665 , 9)  (52.9363 , 1)  (51.0822 , 2)  (47.9653 , 3)  (47.5893 , 7)  (38.2593 , 8)  (32.682 , 4)  
(106.905 , 7)  (60.4734 , 6)  (51.9054 , 9)  (50.7664 , 1)  (49.1966 , 5)  (47.9644 , 2)  (46.3779 , 8)  (41.9362 , 4)  (40.4411 , 3)  
