 -------------------120------------
(102.953 , 7)  (62.4996 , 4)  (57.4693 , 1)  (54.8857 , 5)  (48.5725 , 8)  (47.6748 , 6)  (45.9856 , 2)  (45.7114 , 9)  (43.0663 , 3)  
(108.095 , 4)  (55.6593 , 8)  (52.1263 , 1)  (51.9831 , 2)  (49.7224 , 6)  (49.1248 , 3)  (44.7241 , 9)  (44.6683 , 7)  (41.3883 , 5)  
(91.4652 , 8)  (58.438 , 9)  (55.8006 , 1)  (53.8402 , 2)  (53.6927 , 3)  (53.6775 , 5)  (50.9958 , 4)  (49.2575 , 7)  (48.7385 , 6)  
(103.84 , 3)  (57.4886 , 6)  (51.6356 , 7)  (50.8604 , 8)  (50.2683 , 2)  (48.54 , 5)  (48.2561 , 4)  (47.0048 , 1)  (44.5079 , 9)  
(105.137 , 6)  (53.4621 , 2)  (53.2912 , 7)  (51.5431 , 4)  (50.76 , 9)  (48.2314 , 8)  (47.3013 , 5)  (45.6228 , 1)  (45.5129 , 3)  
(92.7714 , 9)  (60.4949 , 8)  (57.2884 , 7)  (53.3016 , 6)  (52.5721 , 3)  (51.7359 , 1)  (51.3918 , 5)  (51.1209 , 2)  (46.3005 , 4)  
(83.2968 , 2)  (66.6029 , 3)  (61.9106 , 9)  (59.6723 , 1)  (58.2952 , 6)  (55.3487 , 7)  (54.7375 , 5)  (43.5995 , 4)  (32.8572 , 8)  
(101.092 , 1)  (69.4553 , 6)  (67.6866 , 7)  (55.7589 , 2)  (54.5165 , 5)  (46.6577 , 9)  (44.517 , 4)  (42.5436 , 3)  (32.1318 , 8)  
(95.8529 , 5)  (58.8858 , 3)  (58.8294 , 9)  (56.3097 , 2)  (55.3427 , 6)  (54.5228 , 7)  (47.3167 , 8)  (45.6719 , 1)  (39.7997 , 4)  
