 -------------------4558------------
(98.3008 , 9)  (64.3338 , 7)  (54.6774 , 2)  (53.4885 , 6)  (50.2547 , 4)  (48.4168 , 1)  (45.0691 , 5)  (43.5212 , 3)  (43.3267 , 8)  
(102.439 , 1)  (53.7171 , 6)  (53.5921 , 7)  (52.9901 , 2)  (52.9469 , 8)  (50.289 , 5)  (47.4761 , 9)  (47.1815 , 4)  (45.3662 , 3)  
(95.6354 , 8)  (82.5634 , 5)  (60.2976 , 7)  (56.9158 , 6)  (54.2088 , 2)  (48.6465 , 1)  (44.2928 , 4)  (40.3979 , 3)  (36.5578 , 9)  
(106.896 , 7)  (58.8349 , 6)  (55.4059 , 9)  (53.791 , 5)  (50.9542 , 1)  (49.8495 , 2)  (41.5387 , 8)  (41.0439 , 4)  (37.8221 , 3)  
(94.5704 , 2)  (69.2929 , 1)  (61.4734 , 8)  (56.077 , 7)  (55.9817 , 3)  (49.5922 , 6)  (47.5358 , 9)  (46.6562 , 5)  (38.0675 , 4)  
(107.673 , 6)  (57.5282 , 5)  (52.6483 , 7)  (52.5444 , 9)  (48.4307 , 2)  (47.621 , 3)  (46.9396 , 8)  (46.574 , 1)  (44.4581 , 4)  
(104.872 , 3)  (57.0605 , 6)  (53.1768 , 9)  (51.0601 , 2)  (50.6696 , 7)  (48.809 , 1)  (45.3284 , 5)  (41.6914 , 4)  (34.0262 , 8)  
(102.554 , 4)  (66.4906 , 6)  (55.4027 , 7)  (55.1047 , 5)  (53.6088 , 2)  (53.0162 , 1)  (50.1417 , 9)  (44.1309 , 8)  (35.2369 , 3)  
(99.8504 , 5)  (70.1299 , 9)  (55.8419 , 7)  (54.9164 , 2)  (51.7241 , 6)  (49.3734 , 3)  (46.5903 , 1)  (44.8571 , 8)  (36.2456 , 4)  
