 -------------------3938------------
(86.5534 , 4)  (65.0734 , 6)  (60.7857 , 7)  (59.6462 , 9)  (54.4115 , 5)  (50.7069 , 1)  (46.0284 , 8)  (44.5032 , 2)  (42.3918 , 3)  
(88.7698 , 3)  (71.7658 , 7)  (57.4673 , 2)  (57.0557 , 4)  (55.2079 , 5)  (55.0159 , 9)  (50.8371 , 6)  (43.7673 , 8)  (41.8557 , 1)  
(93.6221 , 5)  (61.8192 , 7)  (54.6074 , 1)  (53.5441 , 6)  (52.9496 , 3)  (52.6045 , 8)  (46.1746 , 9)  (44.037 , 2)  (30.4406 , 4)  
(93.4526 , 7)  (75.7499 , 9)  (72.2699 , 6)  (67.2151 , 5)  (53.2389 , 1)  (48.7907 , 3)  (47.2174 , 2)  (28.3429 , 8)  (17.9913 , 4)  
(94.0998 , 2)  (63.9495 , 9)  (60.0978 , 6)  (59.9995 , 1)  (54.7607 , 7)  (51.288 , 8)  (44.4821 , 3)  (42.5184 , 5)  (36.9137 , 4)  
(103.403 , 1)  (62.8201 , 6)  (61.7396 , 7)  (60.0222 , 5)  (53.3117 , 2)  (52.7442 , 9)  (42.3993 , 4)  (40.0298 , 3)  (33.6099 , 8)  
(82.4552 , 9)  (68.1438 , 1)  (66.9512 , 7)  (64.764 , 6)  (60.3724 , 2)  (53.7374 , 8)  (49.0251 , 3)  (44.7744 , 5)  (16.7513 , 4)  
(104.295 , 6)  (67.6495 , 7)  (64.646 , 5)  (58.115 , 1)  (53.4261 , 9)  (48.8065 , 8)  (43.5005 , 2)  (38.514 , 4)  (29.3207 , 3)  
(102.507 , 8)  (60.3402 , 9)  (57.1094 , 1)  (55.1199 , 6)  (54.8146 , 2)  (48.6038 , 3)  (48.3222 , 7)  (40.9213 , 4)  (39.0734 , 5)  
