 -------------------1143------------
(93.9785 , 2)  (57.6412 , 8)  (57.2089 , 1)  (56.4706 , 6)  (54.9099 , 7)  (49.8754 , 9)  (46.1979 , 5)  (42.6436 , 3)  (39.9046 , 4)  
(82.4644 , 4)  (68.3689 , 7)  (63.3762 , 6)  (54.0185 , 9)  (52.9074 , 2)  (52.2599 , 1)  (51.773 , 5)  (49.4396 , 8)  (36.7427 , 3)  
(90.2376 , 8)  (63.3817 , 6)  (61.3774 , 7)  (59.2575 , 9)  (51.1128 , 5)  (49.5617 , 2)  (49.3022 , 3)  (45.6922 , 1)  (44.0477 , 4)  
(96.6249 , 7)  (79.5846 , 2)  (58.9218 , 9)  (57.5275 , 6)  (53.8207 , 4)  (47.6375 , 5)  (47.2278 , 1)  (46.7013 , 8)  (40.363 , 3)  
(103.116 , 6)  (64.0669 , 5)  (56.1777 , 2)  (56.1714 , 9)  (54.5975 , 1)  (49.3201 , 7)  (40.0171 , 3)  (39.7654 , 4)  (31.5388 , 8)  
(91.295 , 5)  (70.8703 , 2)  (57.0274 , 8)  (55.3184 , 1)  (54.9706 , 7)  (53.8962 , 9)  (50.5255 , 4)  (40.929 , 6)  (32.0819 , 3)  
(89.9581 , 9)  (65.2414 , 6)  (62.5636 , 7)  (58.6902 , 2)  (54.0337 , 1)  (51.1149 , 3)  (46.0225 , 5)  (40.7554 , 4)  (37.4678 , 8)  
(99.2534 , 1)  (66.707 , 7)  (65.032 , 5)  (63.498 , 6)  (55.3629 , 2)  (51.4205 , 9)  (36.6519 , 8)  (36.4753 , 4)  (34.3518 , 3)  
(94.1163 , 3)  (64.8018 , 6)  (64.3588 , 7)  (59.0244 , 8)  (53.9732 , 2)  (48.5622 , 5)  (43.6316 , 9)  (42.9145 , 4)  (36.0842 , 1)  
