 -------------------182------------
(91.4564 , 2)  (73.7615 , 8)  (62.0342 , 7)  (52.7021 , 9)  (50.52 , 3)  (50.414 , 1)  (49.4456 , 5)  (43.2805 , 6)  (41.0069 , 4)  
(103.773 , 5)  (64.1171 , 2)  (57.4425 , 9)  (52.2305 , 8)  (50.9083 , 7)  (50.5818 , 1)  (46.5451 , 6)  (44.885 , 4)  (34.3158 , 3)  
(106.912 , 6)  (52.5112 , 3)  (52.2725 , 5)  (51.5169 , 4)  (50.8601 , 9)  (50.7295 , 7)  (47.465 , 8)  (46.4055 , 2)  (39.6352 , 1)  
(94.1623 , 1)  (63.0089 , 8)  (60.3307 , 2)  (53.0376 , 6)  (52.3579 , 5)  (52.3185 , 7)  (50.4002 , 3)  (45.1908 , 9)  (42.2536 , 4)  
(89.6806 , 7)  (69.352 , 9)  (68.3142 , 2)  (61.5003 , 6)  (60.3714 , 1)  (46.9562 , 5)  (41.9906 , 3)  (37.0377 , 8)  (33.6499 , 4)  
(72.6842 , 4)  (71.5852 , 9)  (62.789 , 1)  (60.2886 , 6)  (51.9031 , 2)  (47.0439 , 3)  (45.6119 , 5)  (42.6785 , 7)  (40.4572 , 8)  
(90.775 , 9)  (61.6221 , 6)  (60.4237 , 3)  (58.9298 , 5)  (52.2774 , 2)  (50.3147 , 4)  (47.6649 , 8)  (43.2183 , 1)  (41.198 , 7)  
(100.429 , 3)  (67.1964 , 7)  (62.0228 , 6)  (61.9594 , 5)  (47.8589 , 8)  (47.4444 , 2)  (46.5131 , 1)  (42.0501 , 9)  (39.7987 , 4)  
(102.718 , 8)  (59.8819 , 2)  (58.3983 , 7)  (57.3176 , 6)  (54.1833 , 1)  (48.4555 , 9)  (43.8511 , 4)  (40.2195 , 5)  (37.0111 , 3)  
