 -------------------1046------------
(96.5183 , 6)  (69.7459 , 5)  (62.0143 , 9)  (57.2784 , 1)  (49.7475 , 7)  (43.1946 , 8)  (42.7879 , 3)  (42.7846 , 2)  (37.7139 , 4)  
(90.5827 , 9)  (71.7039 , 6)  (64.256 , 5)  (58.2288 , 7)  (57.9508 , 2)  (45.8754 , 8)  (44.1058 , 4)  (40.1289 , 1)  (38.7292 , 3)  
(98.497 , 8)  (69.1354 , 9)  (60.3757 , 6)  (58.181 , 2)  (54.21 , 7)  (52.9277 , 1)  (40.147 , 4)  (38.7489 , 3)  (32.8156 , 5)  
(100.576 , 3)  (68.3221 , 7)  (51.9311 , 2)  (50.6701 , 1)  (50.615 , 6)  (47.7528 , 9)  (46.0728 , 5)  (44.9991 , 4)  (44.0779 , 8)  
(100.38 , 1)  (66.3296 , 2)  (64.0197 , 7)  (60.329 , 6)  (55.3532 , 5)  (55.106 , 9)  (38.0247 , 4)  (37.5187 , 3)  (22.9664 , 8)  
(102.024 , 5)  (60.1209 , 7)  (59.242 , 6)  (59.0882 , 9)  (52.8035 , 1)  (51.2908 , 3)  (48.2313 , 2)  (39.8038 , 8)  (30.6785 , 4)  
(82.5894 , 4)  (82.0373 , 6)  (62.51 , 7)  (59.2585 , 1)  (57.8657 , 5)  (55.3234 , 2)  (49.0789 , 9)  (45.3344 , 3)  (42.1451 , 8)  
(95.3022 , 7)  (66.7255 , 6)  (65.6713 , 5)  (55.9079 , 2)  (52.0027 , 9)  (45.6845 , 1)  (44.0273 , 3)  (32.6915 , 4)  (30.7152 , 8)  
(106.384 , 2)  (61.3484 , 7)  (59.9999 , 6)  (55.3853 , 9)  (53.1329 , 5)  (49.3415 , 1)  (48.856 , 3)  (44.842 , 8)  (32.594 , 4)  
