 -------------------721------------
(105.42 , 2)  (60.1617 , 7)  (54.091 , 9)  (53.4772 , 6)  (49.4956 , 8)  (47.518 , 4)  (43.4831 , 5)  (42.86 , 1)  (41.2397 , 3)  
(103.26 , 9)  (59.5107 , 6)  (55.48 , 2)  (51.1887 , 7)  (49.0499 , 8)  (47.0104 , 1)  (44.4972 , 4)  (43.3135 , 3)  (39.8812 , 5)  
(79.5116 , 8)  (72.7332 , 3)  (63.7803 , 9)  (58.0703 , 7)  (56.5144 , 6)  (50.8791 , 4)  (50.0032 , 5)  (45.5093 , 1)  (44.4907 , 2)  
(101.871 , 4)  (64.0461 , 2)  (59.6824 , 6)  (57.2719 , 5)  (56.4798 , 7)  (55.5519 , 1)  (49.8356 , 8)  (46.4805 , 3)  (29.1979 , 9)  
(102.222 , 6)  (64.1973 , 5)  (60.1501 , 4)  (56.6721 , 7)  (56.471 , 2)  (52.8617 , 3)  (41.9879 , 1)  (41.9458 , 8)  (39.6184 , 9)  
(96.7435 , 7)  (61.881 , 2)  (60.8869 , 6)  (57.1903 , 3)  (55.5841 , 4)  (46.9888 , 5)  (45.2523 , 8)  (43.9709 , 9)  (41.6832 , 1)  
(88.9928 , 3)  (66.1084 , 2)  (61.607 , 6)  (60.6842 , 9)  (53.5882 , 1)  (51.5984 , 7)  (40.8793 , 5)  (38.1286 , 4)  (35.8783 , 8)  
(89.2975 , 5)  (75.4005 , 7)  (70.2215 , 6)  (54.1657 , 2)  (52.2511 , 8)  (49.8525 , 3)  (46.422 , 1)  (44.1744 , 9)  (36.0069 , 4)  
(96.4105 , 1)  (70.6078 , 2)  (68.5357 , 9)  (62.724 , 7)  (61.8754 , 6)  (51.1299 , 5)  (35.1684 , 3)  (33.6512 , 8)  (19.9562 , 4)  
