 -------------------4552------------
(99.3791 , 9)  (58.739 , 4)  (57.5893 , 7)  (53.6911 , 2)  (52.0709 , 6)  (46.7894 , 8)  (46.7208 , 1)  (45.3026 , 5)  (43.0382 , 3)  
(103.148 , 1)  (58.428 , 8)  (54.1712 , 2)  (53.278 , 6)  (49.9237 , 5)  (48.3834 , 4)  (47.0391 , 7)  (45.4 , 3)  (40.9528 , 9)  
(96.8686 , 8)  (81.6185 , 5)  (60.1565 , 6)  (58.185 , 7)  (52.965 , 2)  (47.6916 , 1)  (41.0461 , 9)  (40.3007 , 4)  (35.478 , 3)  
(107.17 , 7)  (58.2265 , 6)  (54.2417 , 9)  (53.0445 , 5)  (50.9367 , 1)  (49.1139 , 2)  (41.997 , 4)  (41.7984 , 8)  (39.3607 , 3)  
(97.7876 , 2)  (71.1297 , 1)  (57.6936 , 8)  (52.634 , 3)  (52.5431 , 7)  (50.0445 , 6)  (46.3243 , 9)  (44.6643 , 5)  (37.4489 , 4)  
(107.806 , 6)  (57.1708 , 5)  (52.3889 , 7)  (50.3904 , 1)  (50.2105 , 3)  (50.1219 , 9)  (48.8687 , 2)  (44.9634 , 8)  (43.887 , 4)  
(105.45 , 3)  (55.2164 , 7)  (53.3814 , 6)  (51.8748 , 2)  (51.2435 , 1)  (50.6178 , 9)  (47.2178 , 5)  (40.999 , 4)  (36.9538 , 8)  
(103.316 , 4)  (67.505 , 6)  (55.6785 , 5)  (53.9109 , 7)  (53.3177 , 1)  (53.1373 , 9)  (52.5247 , 2)  (42.0209 , 8)  (38.1323 , 3)  
(100.036 , 5)  (67.0825 , 9)  (56.4366 , 7)  (53.3954 , 2)  (52.2451 , 6)  (51.5462 , 3)  (47.5277 , 1)  (44.9355 , 8)  (40.2288 , 4)  
