 -------------------3103------------
(107.43 , 4)  (54.2459 , 6)  (51.8718 , 3)  (51.4835 , 2)  (48.5647 , 5)  (47.857 , 8)  (46.872 , 1)  (46.5266 , 7)  (46.3095 , 9)  
(91.4345 , 5)  (62.5426 , 8)  (59.7533 , 6)  (57.6952 , 1)  (53.9784 , 3)  (51.2103 , 4)  (49.594 , 7)  (45.7632 , 2)  (45.6814 , 9)  
(68.8568 , 2)  (64.8145 , 7)  (59.0822 , 5)  (58.9226 , 9)  (52.5153 , 3)  (49.9302 , 6)  (48.184 , 1)  (47.3753 , 4)  (45.9225 , 8)  
(92.277 , 9)  (65.6885 , 6)  (53.3285 , 7)  (52.6814 , 5)  (51.6174 , 8)  (49.9404 , 1)  (49.9125 , 2)  (49.4418 , 3)  (42.7056 , 4)  
(102.021 , 8)  (54.5937 , 5)  (53.9753 , 7)  (52.6849 , 2)  (52.6712 , 9)  (48.7546 , 3)  (48.4493 , 6)  (47.8231 , 4)  (39.0438 , 1)  
(102.637 , 1)  (61.5539 , 7)  (56.0877 , 2)  (54.8347 , 6)  (51.0927 , 9)  (48.7643 , 5)  (48.2732 , 4)  (46.2115 , 3)  (39.5276 , 8)  
(80.8748 , 3)  (65.0943 , 7)  (61.174 , 5)  (60.1931 , 6)  (58.6273 , 9)  (49.3274 , 1)  (48.5279 , 2)  (45.8422 , 8)  (38.0194 , 4)  
(84.5284 , 7)  (74.26 , 6)  (60.7797 , 1)  (58.2762 , 8)  (56.1282 , 4)  (52.8095 , 3)  (49.9083 , 2)  (45.1431 , 5)  (34.6517 , 9)  
(98.7468 , 6)  (55.3167 , 8)  (53.4285 , 7)  (53.3508 , 1)  (50.8414 , 2)  (48.5101 , 4)  (47.7156 , 9)  (46.9761 , 5)  (44.434 , 3)  
