 -------------------722------------
(105.335 , 2)  (61.9053 , 7)  (55.3873 , 9)  (53.8444 , 6)  (50.9843 , 8)  (46.7355 , 4)  (44.3473 , 5)  (41.2875 , 1)  (40.2456 , 3)  
(100.596 , 9)  (52.5651 , 8)  (52.1507 , 7)  (51.725 , 2)  (50.1952 , 1)  (48.0914 , 6)  (47.8122 , 4)  (46.0052 , 3)  (45.5449 , 5)  
(77.5154 , 8)  (75.0657 , 3)  (63.169 , 9)  (58.5381 , 7)  (55.8837 , 6)  (53.3792 , 4)  (49.5028 , 5)  (45.9488 , 2)  (43.2565 , 1)  
(98.2086 , 4)  (66.2695 , 2)  (60.6416 , 6)  (59.5743 , 5)  (54.9023 , 7)  (51.3532 , 1)  (46.6273 , 8)  (42.0394 , 3)  (37.2371 , 9)  
(101.896 , 6)  (65.8921 , 5)  (59.6631 , 4)  (58.6128 , 2)  (56.4138 , 7)  (49.2545 , 3)  (42.0739 , 1)  (41.2964 , 8)  (39.4271 , 9)  
(96.5228 , 7)  (62.5811 , 6)  (62.1331 , 2)  (56.2203 , 4)  (50.8005 , 3)  (49.8055 , 5)  (48.5807 , 8)  (43.1331 , 1)  (41.9415 , 9)  
(88.5202 , 3)  (61.5362 , 2)  (61.1003 , 9)  (59.7499 , 6)  (54.4666 , 7)  (53.7213 , 1)  (42.4449 , 8)  (39.382 , 5)  (38.9323 , 4)  
(89.6081 , 5)  (74.9077 , 7)  (71.0821 , 6)  (53.5744 , 8)  (53.1035 , 2)  (49.8891 , 3)  (47.6542 , 1)  (44.0221 , 9)  (35.1933 , 4)  
(97.5947 , 1)  (70.8586 , 2)  (69.27 , 9)  (61.4611 , 6)  (58.0034 , 7)  (53.0582 , 5)  (35.5433 , 3)  (33.2347 , 8)  (20.5462 , 4)  
