 -------------------4447------------
(97.3645 , 3)  (61.6933 , 7)  (61.0584 , 9)  (53.4059 , 1)  (51.7162 , 5)  (49.4071 , 6)  (47.955 , 2)  (47.0518 , 4)  (44.545 , 8)  
(103.244 , 8)  (54.7665 , 4)  (53.3323 , 3)  (53.3058 , 2)  (51.6722 , 1)  (50.3732 , 5)  (49.3908 , 9)  (48.0149 , 6)  (44.054 , 7)  
(86.8649 , 9)  (68.7377 , 3)  (59.0908 , 5)  (53.6826 , 8)  (50.4017 , 2)  (49.877 , 1)  (47.4181 , 4)  (44.1709 , 6)  (41.2387 , 7)  
(104.873 , 6)  (55.054 , 9)  (54.3249 , 1)  (52.7088 , 3)  (52.4888 , 2)  (51.8041 , 4)  (51.5886 , 7)  (46.2034 , 8)  (42.3031 , 5)  
(103.697 , 4)  (59.1928 , 6)  (59.0375 , 1)  (53.0123 , 2)  (50.9586 , 8)  (50.747 , 9)  (47.3174 , 3)  (45.9186 , 7)  (41.955 , 5)  
(102.233 , 1)  (66.4047 , 7)  (60.5582 , 6)  (51.039 , 5)  (50.6777 , 3)  (47.3946 , 9)  (45.4745 , 2)  (44.7117 , 8)  (44.3845 , 4)  
(99.6854 , 5)  (58.7561 , 7)  (56.3656 , 2)  (54.8643 , 6)  (52.9449 , 9)  (49.2598 , 8)  (48.9124 , 1)  (44.7633 , 3)  (38.7523 , 4)  
(88.7464 , 7)  (63.1048 , 2)  (59.9072 , 9)  (57.1583 , 6)  (50.5288 , 3)  (49.9136 , 1)  (49.8828 , 8)  (44.0524 , 5)  (38.6498 , 4)  
(106.793 , 2)  (62.3197 , 7)  (57.8277 , 5)  (53.4428 , 6)  (49.3429 , 9)  (48.9865 , 1)  (41.8084 , 4)  (40.2151 , 3)  (37.5675 , 8)  
