 -------------------205------------
(97.3046 , 4)  (66.8301 , 6)  (57.4476 , 7)  (55.7967 , 1)  (55.0907 , 8)  (48.9987 , 2)  (47.9588 , 3)  (45.0263 , 5)  (43.534 , 9)  
(100.048 , 1)  (65.8063 , 2)  (61.6502 , 5)  (60.8023 , 7)  (57.2356 , 9)  (44.1702 , 8)  (42.892 , 6)  (37.9574 , 4)  (29.9442 , 3)  
(102.342 , 6)  (60.2279 , 9)  (54.4308 , 7)  (53.4882 , 1)  (49.8981 , 5)  (49.1355 , 3)  (46.4261 , 8)  (45.61 , 4)  (43.7782 , 2)  
(102.402 , 2)  (57.3323 , 7)  (55.9617 , 9)  (55.5336 , 6)  (51.4139 , 5)  (50.2813 , 1)  (48.047 , 8)  (47.9281 , 3)  (37.9438 , 4)  
(79.5772 , 9)  (65.9497 , 7)  (62.2774 , 6)  (57.4297 , 5)  (50.7409 , 4)  (47.771 , 8)  (47.4049 , 1)  (45.868 , 3)  (44.3258 , 2)  
(102.467 , 7)  (60.4125 , 6)  (57.5215 , 1)  (56.8605 , 2)  (53.6244 , 9)  (49.3595 , 3)  (43.0505 , 5)  (41.8273 , 4)  (41.6038 , 8)  
(98.0678 , 5)  (60.8135 , 7)  (60.3862 , 9)  (56.6075 , 2)  (56.0407 , 6)  (48.7883 , 8)  (45.2521 , 3)  (44.9741 , 1)  (35.1957 , 4)  
(89.4793 , 3)  (64.1111 , 7)  (57.316 , 4)  (55.5926 , 2)  (54.5537 , 6)  (50.5255 , 5)  (48.084 , 9)  (44.6999 , 8)  (43.6232 , 1)  
(72.9729 , 8)  (65.7202 , 9)  (57.0639 , 6)  (56.3523 , 1)  (54.6045 , 7)  (54.5333 , 3)  (49.2964 , 2)  (47.3565 , 5)  (46.8702 , 4)  
