 -------------------1146------------
(96.1174 , 2)  (59.9545 , 8)  (55.7762 , 1)  (52.9965 , 6)  (52.0457 , 7)  (48.9268 , 4)  (48.0861 , 9)  (46.6985 , 5)  (42.9326 , 3)  
(74.6506 , 4)  (64.5631 , 6)  (63.6999 , 7)  (60.5411 , 2)  (57.9365 , 8)  (55.2391 , 5)  (53.9359 , 1)  (53.4328 , 9)  (36.2955 , 3)  
(94.0885 , 8)  (60.9294 , 6)  (59.8999 , 7)  (58.4475 , 9)  (55.1302 , 3)  (51.8162 , 5)  (44.8217 , 1)  (43.3099 , 2)  (42.5949 , 4)  
(95.6702 , 7)  (74.5653 , 2)  (61.263 , 9)  (60.0623 , 4)  (58.8912 , 6)  (50.3072 , 5)  (43.9022 , 8)  (41.5242 , 3)  (41.0432 , 1)  
(104.229 , 6)  (60.4063 , 5)  (55.3394 , 1)  (51.2953 , 7)  (49.683 , 9)  (49.0568 , 2)  (47.0196 , 3)  (46.897 , 4)  (34.6231 , 8)  
(97.9275 , 5)  (73.8921 , 2)  (57.6797 , 9)  (56.3438 , 8)  (55.5726 , 1)  (54.1939 , 4)  (51.6302 , 7)  (44.0808 , 6)  (19.8271 , 3)  
(89.01 , 9)  (67.6826 , 7)  (66.1291 , 6)  (53.9454 , 2)  (53.1557 , 3)  (52.3901 , 1)  (44.8971 , 5)  (41.557 , 4)  (38.2094 , 8)  
(99.4014 , 1)  (68.3958 , 7)  (64.434 , 5)  (62.6506 , 6)  (55.4008 , 2)  (50.7807 , 9)  (37.9825 , 8)  (35.0888 , 4)  (33.4953 , 3)  
(91.1387 , 3)  (64.5462 , 6)  (63.061 , 7)  (60.4433 , 8)  (57.995 , 2)  (49.746 , 5)  (43.961 , 9)  (42.0879 , 4)  (35.8105 , 1)  
