 -------------------1039------------
(101.18 , 8)  (65.446 , 9)  (55.1561 , 1)  (54.266 , 6)  (51.5152 , 5)  (48.7426 , 3)  (46.9407 , 2)  (46.7512 , 4)  (43.1798 , 7)  
(79.0701 , 6)  (78.7814 , 5)  (61.0905 , 8)  (53.061 , 1)  (49.2435 , 2)  (46.9233 , 7)  (46.8843 , 9)  (45.8553 , 4)  (39.7417 , 3)  
(104.414 , 1)  (58.8789 , 6)  (54.9375 , 7)  (51.1883 , 4)  (50.7777 , 5)  (50.7573 , 2)  (46.8902 , 3)  (44.6589 , 9)  (43.976 , 8)  
(105.898 , 7)  (59.3571 , 9)  (54.8273 , 2)  (54.6819 , 6)  (48.4954 , 1)  (47.7982 , 4)  (45.5123 , 3)  (42.2913 , 8)  (41.0128 , 5)  
(87.2885 , 4)  (72.9891 , 9)  (58.3539 , 7)  (55.416 , 6)  (51.3646 , 1)  (49.2175 , 5)  (47.0648 , 8)  (46.8164 , 2)  (39.8687 , 3)  
(104.709 , 2)  (56.4106 , 6)  (55.6393 , 7)  (53.5185 , 3)  (52.1409 , 8)  (50.4897 , 1)  (48.1567 , 4)  (46.3239 , 9)  (45.6178 , 5)  
(89.2332 , 3)  (60.7562 , 6)  (60.3984 , 8)  (60.2873 , 5)  (55.0197 , 7)  (52.242 , 2)  (49.7409 , 1)  (49.2451 , 9)  (40.92 , 4)  
(92.9663 , 5)  (68.6426 , 6)  (56.5302 , 9)  (54.3385 , 1)  (53.7102 , 2)  (50.2442 , 7)  (43.5199 , 3)  (40.7583 , 8)  (34.6961 , 4)  
(88.9032 , 9)  (63.9391 , 2)  (59.2926 , 5)  (57.11 , 6)  (56.442 , 4)  (56.0312 , 7)  (48.3236 , 1)  (43.3991 , 8)  (35.1018 , 3)  
