 -------------------3183------------
(105.271 , 6)  (65.2518 , 2)  (59.8257 , 4)  (58.6334 , 9)  (51.9352 , 5)  (51.3586 , 7)  (44.7447 , 8)  (44.5418 , 1)  (38.8348 , 3)  
(95.9705 , 3)  (63.8401 , 7)  (55.673 , 4)  (52.8096 , 8)  (51.8858 , 6)  (50.9638 , 2)  (50.739 , 5)  (42.3736 , 1)  (35.9938 , 9)  
(104.846 , 7)  (57.6914 , 9)  (52.0772 , 2)  (50.1702 , 8)  (49.9052 , 6)  (49.7442 , 3)  (49.6717 , 4)  (47.9593 , 1)  (46.6639 , 5)  
(104.243 , 1)  (61.1305 , 5)  (60.6534 , 2)  (60.555 , 7)  (59.4433 , 6)  (56.2041 , 9)  (39.0527 , 3)  (37.0637 , 4)  (30.4785 , 8)  
(80.4843 , 2)  (73.9703 , 4)  (66.9321 , 6)  (62.7861 , 1)  (62.3187 , 5)  (58.4873 , 7)  (50.2687 , 9)  (35.7031 , 3)  (32.7572 , 8)  
(102.306 , 8)  (59.7297 , 6)  (59.1416 , 9)  (51.5669 , 5)  (50.6281 , 7)  (47.1072 , 2)  (44.3573 , 3)  (42.1106 , 1)  (40.5573 , 4)  
(87.936 , 4)  (65.4882 , 6)  (65.3052 , 9)  (60.3926 , 7)  (55.9363 , 2)  (50.368 , 3)  (49.7927 , 1)  (46.015 , 5)  (34.6753 , 8)  
(90.1757 , 9)  (65.1291 , 1)  (62.9157 , 7)  (60.1931 , 6)  (57.1133 , 2)  (51.2109 , 5)  (40.5295 , 3)  (38.5708 , 4)  (34.2539 , 8)  
(96.2065 , 5)  (62.456 , 9)  (62.2492 , 6)  (57.6312 , 1)  (53.9293 , 2)  (49.0061 , 8)  (45.4641 , 7)  (44.8383 , 3)  (30.4742 , 4)  
