 -------------------3927------------
(95.9805 , 5)  (72.3808 , 6)  (55.8489 , 7)  (53.2947 , 1)  (48.647 , 2)  (47.5528 , 9)  (45.7138 , 8)  (41.5169 , 3)  (37.277 , 4)  
(95.7572 , 4)  (66.1363 , 9)  (66.0559 , 6)  (62.4283 , 2)  (54.6548 , 7)  (52.3884 , 5)  (51.1433 , 1)  (40.5645 , 3)  (38.1753 , 8)  
(106.326 , 6)  (62.5522 , 5)  (54.5109 , 9)  (52.0775 , 8)  (51.664 , 7)  (46.5334 , 2)  (45.9425 , 1)  (43.373 , 4)  (37.4004 , 3)  
(100.614 , 1)  (70.5093 , 2)  (65.8869 , 6)  (64.8131 , 7)  (59.4995 , 5)  (55.0176 , 9)  (40.2358 , 3)  (28.7735 , 8)  (26.2488 , 4)  
(102.416 , 2)  (65.2164 , 9)  (63.6839 , 6)  (60.2644 , 7)  (51.2426 , 1)  (46.8585 , 3)  (45.9939 , 8)  (43.2468 , 4)  (39.9711 , 5)  
(103.597 , 7)  (60.9819 , 6)  (57.0461 , 1)  (56.1757 , 2)  (55.6539 , 9)  (53.2928 , 5)  (40.9793 , 8)  (40.5933 , 4)  (38.0079 , 3)  
(96.0436 , 9)  (73.5018 , 6)  (71.4749 , 7)  (61.2609 , 2)  (58.5321 , 1)  (42.723 , 5)  (41.7424 , 3)  (40.7452 , 8)  (31.3597 , 4)  
(96.1769 , 8)  (79.4542 , 6)  (74.7154 , 7)  (55.7559 , 2)  (54.7972 , 9)  (50.8495 , 3)  (44.6846 , 1)  (38.2587 , 4)  (32.2686 , 5)  
(91.8095 , 3)  (62.9669 , 7)  (61.8921 , 1)  (61.8551 , 6)  (61.683 , 2)  (52.9273 , 9)  (44.5448 , 5)  (42.2541 , 8)  (29.9313 , 4)  
