 -------------------1872------------
(107.982 , 4)  (63.9326 , 8)  (54.5608 , 2)  (53.4597 , 7)  (53.0188 , 5)  (46.2977 , 3)  (45.697 , 1)  (42.6543 , 6)  (32.1598 , 9)  
(105.872 , 6)  (55.2978 , 3)  (55.0916 , 4)  (53.3091 , 1)  (50.6758 , 7)  (50.2648 , 8)  (48.2282 , 9)  (46.6805 , 5)  (43.4651 , 2)  
(91.1687 , 9)  (77.3352 , 5)  (55.5401 , 7)  (54.4495 , 2)  (54.2743 , 6)  (53.4828 , 4)  (44.7368 , 1)  (41.1408 , 8)  (38.3129 , 3)  
(93.0757 , 3)  (64.7382 , 6)  (57.1615 , 7)  (57.0409 , 8)  (55.2801 , 2)  (51.3317 , 1)  (48.8417 , 9)  (45.7734 , 5)  (43.3256 , 4)  
(109.833 , 2)  (55.6847 , 7)  (52.5537 , 9)  (51.1842 , 5)  (51.0218 , 6)  (50.9216 , 1)  (47.6241 , 8)  (43.947 , 4)  (40.575 , 3)  
(98.8947 , 5)  (58.6242 , 3)  (53.6266 , 9)  (51.9457 , 2)  (49.151 , 1)  (47.558 , 6)  (46.4206 , 7)  (46.1412 , 8)  (42.9716 , 4)  
(103.282 , 1)  (64.9419 , 7)  (57.8304 , 6)  (56.4323 , 5)  (55.6524 , 2)  (52.7469 , 9)  (41.1896 , 3)  (37.3429 , 4)  (34.4754 , 8)  
(68.7924 , 7)  (67.6316 , 8)  (66.4721 , 9)  (62.0192 , 1)  (60.6722 , 6)  (60.2977 , 2)  (57.8061 , 5)  (49.6764 , 3)  (29.643 , 4)  
(78.0309 , 8)  (74.464 , 9)  (68.6732 , 2)  (61.8959 , 6)  (48.4504 , 7)  (47.3241 , 1)  (43.7556 , 3)  (42.1786 , 5)  (40.0133 , 4)  
