 -------------------4366------------
(100.188 , 9)  (59.8518 , 2)  (57.6082 , 7)  (55.4642 , 6)  (50.7013 , 4)  (48.0642 , 1)  (46.9096 , 8)  (46.4496 , 5)  (39.8079 , 3)  
(87.5449 , 7)  (61.2339 , 2)  (60.4306 , 8)  (59.5405 , 9)  (59.5403 , 4)  (51.0717 , 6)  (50.4536 , 1)  (47.4143 , 3)  (43.3777 , 5)  
(104.158 , 6)  (56.2085 , 8)  (54.384 , 3)  (54.1043 , 2)  (53.7939 , 4)  (49.5998 , 9)  (46.1518 , 1)  (45.2982 , 7)  (44.158 , 5)  
(80.4314 , 3)  (66.8368 , 8)  (64.5353 , 7)  (57.6883 , 6)  (55.1748 , 5)  (53.8416 , 1)  (51.5436 , 2)  (47.7999 , 9)  (46.3809 , 4)  
(97.7825 , 4)  (61.5237 , 9)  (56.8227 , 6)  (55.2732 , 2)  (53.7897 , 7)  (52.5976 , 1)  (51.0949 , 8)  (44.1246 , 5)  (44.0939 , 3)  
(87.4884 , 8)  (66.2515 , 6)  (65.6699 , 3)  (60.8097 , 7)  (52.3094 , 4)  (51.6049 , 2)  (44.8785 , 1)  (43.9346 , 9)  (35.7323 , 5)  
(72.6876 , 2)  (72.3956 , 1)  (65.2051 , 7)  (56.3312 , 6)  (53.0182 , 8)  (52.9948 , 5)  (51.8884 , 3)  (48.1191 , 9)  (41.6052 , 4)  
(100.87 , 5)  (65.6537 , 6)  (59.7319 , 7)  (50.6416 , 2)  (49.2987 , 1)  (49.1259 , 9)  (46.9391 , 8)  (46.6922 , 3)  (46.5648 , 4)  
(103.035 , 1)  (63.4609 , 7)  (58.342 , 9)  (56.2638 , 2)  (54.9087 , 6)  (54.477 , 5)  (41.8292 , 3)  (37.3547 , 4)  (35.8035 , 8)  
