 -------------------1150------------
(96.3797 , 2)  (58.9492 , 1)  (56.6669 , 8)  (54.6237 , 7)  (54.3549 , 6)  (50.6387 , 9)  (46.6781 , 4)  (44.2093 , 5)  (43.4003 , 3)  
(84.1912 , 4)  (63.8847 , 7)  (63.8347 , 6)  (58.6628 , 2)  (54.1647 , 8)  (53.5754 , 5)  (50.7504 , 9)  (45.1484 , 1)  (41.3877 , 3)  
(93.7692 , 8)  (59.2735 , 3)  (59.1018 , 6)  (55.943 , 9)  (55.0493 , 7)  (53.0426 , 5)  (44.9837 , 1)  (42.1111 , 4)  (41.6227 , 2)  
(97.0291 , 7)  (78.2351 , 2)  (58.9158 , 9)  (56.0561 , 4)  (55.1635 , 6)  (48.1913 , 5)  (47.3916 , 8)  (43.2914 , 1)  (37.8165 , 3)  
(101.521 , 6)  (60.6814 , 5)  (57.2254 , 2)  (55.76 , 1)  (54.6726 , 7)  (49.575 , 9)  (46.7344 , 4)  (38.4932 , 3)  (35.1387 , 8)  
(96.473 , 5)  (72.5572 , 2)  (55.043 , 9)  (53.3956 , 7)  (50.6486 , 1)  (50.046 , 4)  (48.5022 , 8)  (36.5252 , 6)  (33.616 , 3)  
(91.9499 , 9)  (70.4626 , 6)  (68.0202 , 7)  (50.5877 , 1)  (48.9382 , 2)  (47.4756 , 5)  (44.7605 , 4)  (44.6959 , 3)  (31.5697 , 8)  
(95.4508 , 1)  (73.2623 , 6)  (68.3283 , 7)  (66.6911 , 5)  (60.2353 , 2)  (47.759 , 9)  (36.6002 , 4)  (34.3751 , 8)  (34.2784 , 3)  
(91.5319 , 3)  (62.5999 , 6)  (59.0553 , 7)  (58.0943 , 8)  (55.4603 , 2)  (49.811 , 5)  (47.0606 , 9)  (45.8966 , 1)  (41.1504 , 4)  
