 -------------------3119------------
(104.116 , 4)  (61.9548 , 2)  (55.1045 , 6)  (53.9841 , 9)  (50.0994 , 1)  (47.4263 , 3)  (46.725 , 5)  (46.4416 , 8)  (45.9752 , 7)  
(90.9158 , 5)  (62.9208 , 6)  (60.577 , 8)  (60.0826 , 1)  (51.1891 , 7)  (50.8255 , 4)  (49.8478 , 3)  (47.0136 , 9)  (45.0686 , 2)  
(69.0024 , 2)  (66.5028 , 7)  (57.0538 , 3)  (55.2973 , 9)  (55.0883 , 5)  (54.0168 , 6)  (48.5023 , 1)  (47.6306 , 8)  (46.3253 , 4)  
(93.271 , 9)  (70.9603 , 6)  (60.2574 , 7)  (55.5018 , 5)  (53.6236 , 2)  (53.1251 , 1)  (44.6725 , 8)  (41.6944 , 4)  (40.3655 , 3)  
(103.342 , 8)  (57.5346 , 2)  (55.2491 , 5)  (52.0941 , 7)  (51.7978 , 9)  (49.3074 , 6)  (47.0328 , 3)  (45.4617 , 4)  (39.7473 , 1)  
(102.166 , 1)  (55.2381 , 7)  (54.2822 , 9)  (52.9516 , 2)  (51.9621 , 6)  (49.8387 , 3)  (49.6468 , 4)  (49.5839 , 5)  (40.9041 , 8)  
(82.1932 , 3)  (65.5345 , 7)  (59.7948 , 5)  (59.6152 , 6)  (58.4485 , 9)  (51.4018 , 1)  (46.2427 , 2)  (45.8454 , 8)  (38.0402 , 4)  
(80.9585 , 7)  (77.1119 , 6)  (60.6685 , 1)  (55.4215 , 8)  (54.1546 , 4)  (53.1144 , 3)  (52.9867 , 2)  (49.9023 , 5)  (32.7844 , 9)  
(97.1787 , 6)  (58.5862 , 1)  (56.9393 , 9)  (52.8083 , 8)  (51.1871 , 7)  (50.8666 , 5)  (48.8826 , 2)  (45.0231 , 4)  (37.8017 , 3)  
