 -------------------1324------------
(79.7274 , 9)  (76.0403 , 8)  (64.7577 , 5)  (63.5165 , 1)  (51.3761 , 7)  (48.2812 , 4)  (48.0483 , 2)  (47.735 , 3)  (47.7199 , 6)  
(103.677 , 1)  (55.9649 , 7)  (54.9794 , 6)  (53.0913 , 8)  (51.5735 , 3)  (50.0963 , 9)  (47.9898 , 5)  (46.9921 , 4)  (44.2749 , 2)  
(89.1595 , 3)  (65.9195 , 7)  (56.7856 , 9)  (55.7658 , 6)  (53.0953 , 1)  (53.0859 , 2)  (52.4772 , 5)  (51.5015 , 4)  (39.3168 , 8)  
(106.827 , 8)  (60.3548 , 7)  (57.0975 , 6)  (53.1289 , 1)  (52.1009 , 3)  (49.3566 , 4)  (44.4887 , 9)  (43.7918 , 5)  (41.1742 , 2)  
(101.624 , 5)  (59.3606 , 9)  (50.7245 , 8)  (50.4293 , 3)  (50.3344 , 1)  (49.3997 , 4)  (49.2532 , 2)  (46.4735 , 6)  (43.0574 , 7)  
(93.501 , 2)  (72.1494 , 3)  (62.7994 , 7)  (54.897 , 1)  (53.4314 , 8)  (51.2576 , 4)  (41.3335 , 5)  (40.4335 , 6)  (35.4243 , 9)  
(86.0652 , 4)  (61.7451 , 1)  (60.6123 , 5)  (56.6075 , 6)  (56.5027 , 8)  (49.9838 , 7)  (48.6325 , 2)  (44.7729 , 3)  (42.5309 , 9)  
(104.144 , 6)  (52.8499 , 7)  (52.5479 , 4)  (51.8059 , 5)  (49.0415 , 2)  (48.8161 , 1)  (48.7002 , 9)  (48.4887 , 8)  (47.0822 , 3)  
(98.0488 , 7)  (72.7502 , 2)  (64.7194 , 9)  (63.1547 , 1)  (53.273 , 6)  (46.0971 , 8)  (46.0695 , 5)  (41.2853 , 4)  (37.8507 , 3)  
