 -------------------1005------------
(104.056 , 1)  (59.0464 , 7)  (56.035 , 6)  (54.4698 , 2)  (52.8446 , 3)  (52.0958 , 5)  (50.3279 , 9)  (44.1339 , 4)  (35.5566 , 8)  
(99.3904 , 6)  (65.2488 , 5)  (65.1902 , 2)  (59.7405 , 9)  (56.2457 , 1)  (50.7035 , 8)  (49.3662 , 7)  (45.6472 , 4)  (35.5745 , 3)  
(100.019 , 9)  (57.9485 , 2)  (51.5552 , 5)  (51.1599 , 1)  (50.1215 , 6)  (49.7623 , 3)  (49.4568 , 4)  (48.3799 , 7)  (42.7993 , 8)  
(106.328 , 3)  (55.2712 , 7)  (55.2463 , 6)  (55.025 , 8)  (53.9522 , 1)  (48.8268 , 9)  (42.5262 , 2)  (42.2587 , 5)  (40.7276 , 4)  
(103.297 , 7)  (67.0032 , 9)  (66.0614 , 6)  (59.2895 , 1)  (52.898 , 2)  (48.1159 , 5)  (34.0047 , 4)  (32.4794 , 8)  (31.7374 , 3)  
(95.2527 , 2)  (60.8254 , 1)  (58.8865 , 7)  (53.9964 , 8)  (52.221 , 6)  (48.9611 , 9)  (47.3855 , 5)  (46.4139 , 3)  (43.3175 , 4)  
(91.9764 , 8)  (66.9132 , 6)  (59.8433 , 1)  (59.0859 , 7)  (57.709 , 2)  (54.74 , 9)  (45.7644 , 5)  (45.0804 , 3)  (27.0421 , 4)  
(80.6444 , 4)  (69.3188 , 6)  (62.8179 , 9)  (60.5377 , 7)  (50.5032 , 5)  (50.2117 , 2)  (48.1252 , 3)  (46.3986 , 1)  (39.7216 , 8)  
(91.8056 , 5)  (69.7987 , 6)  (69.0356 , 7)  (56.2524 , 1)  (55.1865 , 9)  (50.9599 , 3)  (48.4146 , 8)  (31.3293 , 4)  (30.9516 , 2)  
