 -------------------203------------
(90.1556 , 2)  (77.9026 , 8)  (58.8596 , 7)  (52.2342 , 3)  (50.529 , 5)  (49.3437 , 9)  (48.4906 , 1)  (44.2819 , 6)  (42.4598 , 4)  
(105.888 , 5)  (57.1924 , 8)  (55.0061 , 2)  (50.9182 , 1)  (50.6495 , 7)  (49.8189 , 9)  (49.1847 , 4)  (42.656 , 6)  (39.4546 , 3)  
(105.167 , 6)  (57.8455 , 5)  (51.2477 , 7)  (51.0283 , 9)  (50.8616 , 3)  (48.4886 , 4)  (47.9568 , 8)  (45.5764 , 2)  (38.7373 , 1)  
(91.9845 , 1)  (66.4614 , 8)  (55.9974 , 3)  (53.3119 , 7)  (51.3331 , 5)  (50.3426 , 6)  (50.3009 , 2)  (47.0655 , 9)  (41.5909 , 4)  
(95.9694 , 7)  (72.5391 , 9)  (66.0113 , 2)  (62.7607 , 6)  (57.4537 , 1)  (48.7924 , 5)  (34.9078 , 3)  (34.21 , 4)  (33.4403 , 8)  
(83.5751 , 4)  (66.1626 , 9)  (61.3231 , 1)  (59.1353 , 6)  (52.2186 , 3)  (50.6613 , 2)  (44.2096 , 5)  (43.0646 , 8)  (40.9188 , 7)  
(93.6157 , 9)  (65.0348 , 6)  (59.7028 , 5)  (55.0314 , 3)  (52.0361 , 2)  (46.0916 , 7)  (44.6391 , 8)  (43.9056 , 4)  (43.3295 , 1)  
(97.7928 , 3)  (59.7882 , 7)  (59.7544 , 5)  (59.0329 , 6)  (48.35 , 2)  (47.7737 , 8)  (47.3489 , 1)  (45.9134 , 4)  (44.0844 , 9)  
(101.012 , 8)  (64.9197 , 7)  (62.9909 , 6)  (56.697 , 2)  (56.0004 , 4)  (54.5691 , 5)  (40.791 , 9)  (36.7998 , 1)  (33.2354 , 3)  
