 -------------------4364------------
(100.506 , 9)  (57.2084 , 4)  (56.3827 , 2)  (54.2592 , 6)  (49.5068 , 8)  (48.1587 , 7)  (43.8176 , 5)  (43.7336 , 3)  (42.9323 , 1)  
(88.8398 , 7)  (60.6061 , 2)  (59.543 , 8)  (56.0272 , 4)  (55.5906 , 9)  (53.0771 , 1)  (49.5632 , 6)  (47.4156 , 3)  (44.5664 , 5)  
(104.156 , 6)  (56.4708 , 8)  (55.153 , 2)  (54.3053 , 9)  (51.9371 , 3)  (49.3589 , 4)  (46.7927 , 7)  (45.7884 , 1)  (41.3179 , 5)  
(83.9776 , 3)  (58.0435 , 6)  (57.7077 , 2)  (57.3031 , 1)  (57.0063 , 8)  (53.663 , 5)  (52.8576 , 9)  (51.3251 , 7)  (46.3622 , 4)  
(96.7089 , 4)  (68.5938 , 9)  (65.3519 , 6)  (59.7793 , 7)  (53.6384 , 2)  (47.6038 , 1)  (44.8587 , 8)  (43.6798 , 3)  (43.3755 , 5)  
(87.3885 , 8)  (65.4536 , 6)  (60.4468 , 3)  (59.7383 , 7)  (54.0735 , 2)  (52.0205 , 4)  (47.3442 , 9)  (42.0193 , 1)  (40.7283 , 5)  
(73.9483 , 2)  (73.4177 , 1)  (64.8629 , 7)  (55.6074 , 6)  (54.6257 , 9)  (53.2713 , 5)  (50.4093 , 3)  (47.9578 , 8)  (40.1211 , 4)  
(100.718 , 5)  (65.4751 , 6)  (60.1409 , 7)  (49.2427 , 3)  (49.2327 , 1)  (48.5168 , 2)  (47.7814 , 9)  (46.6658 , 8)  (46.283 , 4)  
(103.503 , 1)  (63.7626 , 7)  (54.8856 , 6)  (54.6897 , 2)  (53.9988 , 9)  (52.6287 , 5)  (42.0543 , 3)  (41.199 , 4)  (38.3871 , 8)  
