 -------------------913------------
(78.2444 , 5)  (74.6088 , 7)  (62.9375 , 9)  (55.8244 , 6)  (55.7605 , 1)  (49.3256 , 2)  (48.2956 , 4)  (45.5812 , 3)  (44.9127 , 8)  
(96.5049 , 4)  (60.0459 , 5)  (57.8597 , 6)  (57.2513 , 2)  (55.9756 , 7)  (54.4826 , 9)  (49.5351 , 1)  (41.5037 , 3)  (38.2555 , 8)  
(103.988 , 6)  (70.1063 , 9)  (62.9133 , 5)  (52.7071 , 1)  (46.793 , 2)  (44.8172 , 3)  (43.4853 , 7)  (41.7437 , 4)  (34.5946 , 8)  
(104.568 , 7)  (70.3825 , 5)  (63.4227 , 6)  (54.9499 , 2)  (51.6484 , 1)  (49.6116 , 9)  (39.5756 , 3)  (32.3384 , 4)  (31.7061 , 8)  
(101.742 , 1)  (71.08 , 6)  (65.4488 , 5)  (59.5512 , 2)  (51.5668 , 7)  (49.0873 , 9)  (40.7208 , 3)  (39.4027 , 4)  (29.7747 , 8)  
(96.5011 , 9)  (73.7748 , 6)  (58.4243 , 2)  (53.9811 , 4)  (52.583 , 1)  (52.0475 , 5)  (45.2801 , 7)  (42.0561 , 3)  (32.4907 , 8)  
(99.3421 , 3)  (66.2528 , 7)  (55.4981 , 6)  (53.8786 , 8)  (49.5548 , 2)  (49.0505 , 9)  (48.6763 , 1)  (42.759 , 5)  (42.7178 , 4)  
(95.5514 , 2)  (62.336 , 3)  (62.3259 , 6)  (53.6904 , 7)  (52.3256 , 8)  (49.5849 , 1)  (47.4437 , 9)  (47.2519 , 5)  (39.9325 , 4)  
(96.9058 , 8)  (64.432 , 9)  (63.3482 , 6)  (61.5979 , 2)  (54.3906 , 7)  (52.9459 , 1)  (51.2554 , 5)  (36.726 , 4)  (31.6723 , 3)  
