 -------------------918------------
(97.9418 , 5)  (60.1716 , 9)  (57.6958 , 8)  (52.7002 , 1)  (52.1902 , 6)  (47.9549 , 7)  (46.754 , 3)  (45.2018 , 2)  (40.6521 , 4)  
(93.1565 , 4)  (69.5616 , 5)  (58.7625 , 2)  (56.7373 , 7)  (56.7185 , 9)  (56.5686 , 6)  (51.3367 , 1)  (38.132 , 8)  (37.4927 , 3)  
(103.584 , 6)  (69.2769 , 9)  (61.3207 , 5)  (52.1632 , 1)  (46.0363 , 2)  (44.6196 , 7)  (43.1139 , 3)  (42.0061 , 4)  (39.5342 , 8)  
(107.285 , 7)  (62.8117 , 6)  (60.3448 , 5)  (54.5087 , 9)  (48.7989 , 2)  (47.923 , 1)  (39.5809 , 4)  (36.281 , 8)  (36.2515 , 3)  
(101.481 , 1)  (74.096 , 6)  (63.4168 , 5)  (61.408 , 2)  (51.1083 , 9)  (50.8694 , 7)  (44.3004 , 3)  (35.5087 , 4)  (27.3192 , 8)  
(99.1229 , 9)  (66.324 , 6)  (53.9984 , 2)  (50.3931 , 4)  (49.7397 , 5)  (48.4389 , 1)  (46.4369 , 7)  (44.9488 , 8)  (38.9631 , 3)  
(94.1149 , 3)  (64.5408 , 7)  (56.6192 , 9)  (55.4749 , 1)  (54.427 , 6)  (51.1771 , 8)  (50.2835 , 2)  (50.1795 , 5)  (41.5104 , 4)  
(100.455 , 2)  (62.2716 , 6)  (61.6718 , 7)  (58.032 , 3)  (48.0847 , 5)  (46.4541 , 8)  (46.3777 , 1)  (43.608 , 9)  (39.8234 , 4)  
(96.4877 , 8)  (67.509 , 6)  (60.3233 , 2)  (58.1567 , 7)  (54.9711 , 9)  (50.4915 , 5)  (48.5327 , 1)  (41.4713 , 4)  (37.9383 , 3)  
