 -------------------1228------------
(107.688 , 4)  (53.6348 , 2)  (52.1475 , 7)  (51.7633 , 6)  (50.6228 , 1)  (46.8951 , 3)  (46.358 , 8)  (44.1511 , 9)  (42.8267 , 5)  
(102.207 , 1)  (55.1128 , 6)  (53.2891 , 3)  (52.709 , 7)  (50.6014 , 2)  (49.1978 , 8)  (49.0542 , 9)  (48.6162 , 4)  (47.2662 , 5)  
(98.7193 , 5)  (66.8986 , 3)  (55.2572 , 1)  (54.4206 , 9)  (49.3239 , 7)  (45.4746 , 6)  (45.4426 , 2)  (43.0255 , 8)  (42.0817 , 4)  
(90.2254 , 9)  (68.1522 , 6)  (62.7661 , 4)  (55.5055 , 5)  (53.4095 , 7)  (53.2847 , 2)  (50.8151 , 1)  (49.0617 , 8)  (40.1169 , 3)  
(95.1208 , 2)  (67.7979 , 7)  (62.962 , 1)  (57.6287 , 6)  (55.1911 , 8)  (49.9476 , 3)  (49.3456 , 5)  (44.8372 , 9)  (33.7555 , 4)  
(101.246 , 8)  (61.7341 , 9)  (55.9323 , 7)  (54.3983 , 3)  (53.7872 , 1)  (50.2731 , 2)  (48.5776 , 6)  (44.6009 , 4)  (40.1224 , 5)  
(100.115 , 3)  (61.9438 , 6)  (58.3329 , 7)  (50.7881 , 5)  (49.3654 , 2)  (47.2226 , 1)  (45.5294 , 9)  (45.3132 , 8)  (36.4866 , 4)  
(91.7871 , 6)  (58.591 , 7)  (58.2129 , 1)  (56.0126 , 2)  (53.7792 , 5)  (50.6912 , 9)  (48.4996 , 4)  (47.0562 , 3)  (39.9027 , 8)  
(103.387 , 7)  (57.6829 , 1)  (54.8618 , 3)  (52.7714 , 2)  (52.7666 , 6)  (52.6672 , 9)  (46.1965 , 5)  (45.7373 , 4)  (43.8979 , 8)  
