 -------------------4429------------
(98.8552 , 3)  (62.3039 , 9)  (60.1013 , 7)  (52.5245 , 1)  (51.722 , 6)  (48.0653 , 5)  (46.1539 , 8)  (45.5108 , 2)  (44.4619 , 4)  
(104.33 , 8)  (54.9846 , 3)  (52.38 , 6)  (52.0986 , 1)  (52.0117 , 9)  (49.1104 , 7)  (49.0688 , 2)  (48.4436 , 4)  (43.0735 , 5)  
(83.7888 , 9)  (64.0591 , 3)  (58.7513 , 5)  (55.1222 , 2)  (50.6252 , 8)  (49.2685 , 4)  (48.4369 , 6)  (47.4477 , 7)  (43.8804 , 1)  
(105.618 , 6)  (55.0977 , 1)  (53.8067 , 9)  (53.7587 , 2)  (53.3418 , 7)  (51.4378 , 4)  (50.3075 , 5)  (48.423 , 3)  (40.0956 , 8)  
(94.4912 , 4)  (61.6834 , 6)  (59.5767 , 1)  (58.7834 , 9)  (55.8651 , 2)  (50.3943 , 7)  (48.4553 , 5)  (42.4494 , 3)  (39.1943 , 8)  
(101.452 , 1)  (68.009 , 7)  (62.2644 , 6)  (55.7649 , 5)  (51.7892 , 2)  (49.644 , 9)  (46.4705 , 4)  (38.7185 , 3)  (37.3513 , 8)  
(97.0565 , 5)  (64.4823 , 6)  (61.0149 , 9)  (59.9469 , 2)  (56.0031 , 7)  (49.2191 , 1)  (44.6986 , 8)  (39.5928 , 3)  (28.501 , 4)  
(86.5435 , 7)  (66.9317 , 2)  (59.037 , 6)  (58.985 , 9)  (50.525 , 1)  (50.024 , 3)  (47.7056 , 8)  (47.449 , 5)  (35.0766 , 4)  
(107.07 , 2)  (59.6097 , 7)  (59.1246 , 5)  (54.1745 , 6)  (50.576 , 9)  (49.2957 , 1)  (40.245 , 3)  (39.774 , 4)  (37.5812 , 8)  
