 -------------------4425------------
(98.6743 , 3)  (63.6485 , 7)  (60.3436 , 9)  (52.0923 , 6)  (51.0632 , 1)  (48.5087 , 5)  (46.7796 , 2)  (45.4127 , 8)  (42.3236 , 4)  
(104.418 , 8)  (57.3986 , 7)  (54.6382 , 6)  (52.8901 , 1)  (49.9244 , 3)  (49.9113 , 9)  (47.8646 , 2)  (45.7398 , 5)  (44.3365 , 4)  
(85.8266 , 9)  (63.1529 , 3)  (59.4464 , 5)  (50.866 , 8)  (50.6519 , 7)  (49.156 , 2)  (47.8832 , 6)  (47.4153 , 1)  (46.2571 , 4)  
(104.258 , 6)  (54.2012 , 5)  (53.9836 , 4)  (53.2906 , 1)  (52.9786 , 2)  (51.6209 , 3)  (50.0078 , 7)  (49.8181 , 9)  (41.0904 , 8)  
(94.72 , 4)  (61.5409 , 9)  (59.6728 , 6)  (57.785 , 1)  (56.7916 , 2)  (50.5043 , 7)  (48.6008 , 5)  (43.1688 , 3)  (39.5038 , 8)  
(100.578 , 1)  (68.7421 , 7)  (65.6268 , 6)  (56.5237 , 5)  (55.0445 , 9)  (54.7148 , 2)  (39.4357 , 4)  (38.9846 , 3)  (33.3084 , 8)  
(96.0706 , 5)  (65.502 , 6)  (59.7271 , 2)  (58.6634 , 9)  (56.3495 , 7)  (47.9127 , 1)  (43.2747 , 8)  (42.8806 , 3)  (30.7699 , 4)  
(82.9783 , 7)  (65.1266 , 2)  (62.5509 , 9)  (62.151 , 6)  (52.2192 , 1)  (51.151 , 3)  (50.6048 , 8)  (44.0903 , 5)  (30.1886 , 4)  
(106.073 , 2)  (58.5553 , 7)  (54.4825 , 5)  (52.2446 , 9)  (51.667 , 6)  (48.9863 , 3)  (46.8608 , 1)  (41.3449 , 4)  (40.4066 , 8)  
