 -------------------877------------
(89.1434 , 9)  (67.5069 , 7)  (58.9745 , 6)  (56.8956 , 2)  (48.1244 , 1)  (47.7121 , 4)  (46.4378 , 8)  (45.3793 , 3)  (43.8217 , 5)  
(97.8376 , 2)  (65.8443 , 8)  (60.5393 , 3)  (60.0713 , 6)  (53.6765 , 9)  (51.8207 , 4)  (47.7735 , 1)  (47.4879 , 5)  (36.7101 , 7)  
(101.101 , 8)  (62.7449 , 5)  (59.3555 , 2)  (58.7083 , 7)  (53.8527 , 6)  (53.3527 , 3)  (49.04 , 4)  (44.9194 , 9)  (38.9987 , 1)  
(98.7755 , 3)  (66.3996 , 8)  (59.0714 , 9)  (57.8454 , 5)  (54.8873 , 7)  (51.0385 , 6)  (45.1804 , 2)  (42.4961 , 4)  (41.6087 , 1)  
(106.935 , 6)  (55.4084 , 4)  (52.026 , 2)  (51.4256 , 1)  (50.4088 , 7)  (49.4023 , 5)  (49.1428 , 9)  (47.7655 , 3)  (47.5831 , 8)  
(84.2627 , 1)  (71.4959 , 6)  (57.4786 , 8)  (55.2976 , 5)  (53.6632 , 7)  (50.3688 , 2)  (49.9581 , 9)  (47.8268 , 4)  (43.8291 , 3)  
(100.511 , 7)  (63.5085 , 2)  (63.4584 , 1)  (57.5933 , 6)  (52.9751 , 9)  (46.9266 , 3)  (44.6643 , 5)  (39.6965 , 8)  (38.8531 , 4)  
(92.2944 , 4)  (75.3032 , 7)  (58.727 , 6)  (58.3086 , 5)  (54.6078 , 2)  (45.4123 , 1)  (42.8867 , 8)  (42.3793 , 9)  (38.2689 , 3)  
(98.0629 , 5)  (63.9552 , 8)  (54.6028 , 7)  (52.5119 , 1)  (51.1062 , 9)  (50.1297 , 6)  (49.3638 , 2)  (39.4672 , 3)  (38.0495 , 4)  
