 -------------------4612------------
(104.444 , 6)  (64.7746 , 4)  (53.3807 , 3)  (51.8931 , 1)  (51.8889 , 8)  (50.9889 , 7)  (47.9723 , 5)  (46.8362 , 2)  (45.8225 , 9)  
(85.1239 , 3)  (69.5234 , 5)  (63.2528 , 7)  (53.0617 , 6)  (51.2982 , 1)  (50.8356 , 2)  (50.1973 , 4)  (42.7476 , 8)  (42.23 , 9)  
(88.0017 , 7)  (78.5003 , 2)  (60.4746 , 6)  (52.8758 , 1)  (50.9357 , 8)  (47.5025 , 3)  (45.8326 , 9)  (40.5733 , 4)  (40.5005 , 5)  
(103.126 , 4)  (62.4624 , 9)  (61.8141 , 6)  (52.6287 , 2)  (50.8026 , 7)  (48.4505 , 1)  (46.31 , 5)  (43.0696 , 3)  (40.7248 , 8)  
(94.1885 , 1)  (63.2982 , 7)  (61.9498 , 5)  (61.2063 , 6)  (57.6893 , 2)  (56.0085 , 9)  (45.2037 , 4)  (40.7688 , 8)  (38.6818 , 3)  
(100.306 , 5)  (58.2858 , 9)  (55.761 , 3)  (54.6643 , 6)  (53.2187 , 7)  (52.0937 , 1)  (44.0597 , 4)  (38.9308 , 2)  (38.686 , 8)  
(97.28 , 8)  (67.5673 , 6)  (64.9748 , 2)  (61.1322 , 3)  (59.3674 , 9)  (55.3056 , 7)  (54.2634 , 1)  (43.8313 , 4)  (32.9601 , 5)  
(93.2864 , 2)  (65.0407 , 7)  (60.7086 , 6)  (57.4593 , 1)  (55.2923 , 3)  (54.8728 , 4)  (51.9063 , 5)  (49.0322 , 9)  (39.4355 , 8)  
(94.026 , 9)  (70.7459 , 7)  (59.679 , 6)  (54.4874 , 2)  (54.4307 , 1)  (50.3452 , 8)  (44.2655 , 3)  (43.7511 , 5)  (36.6394 , 4)  
