 -------------------3096------------
(105.359 , 4)  (57.5932 , 6)  (54.2674 , 2)  (51.0311 , 7)  (50.7284 , 9)  (50.5482 , 3)  (49.9024 , 1)  (48.8667 , 5)  (43.4998 , 8)  
(93.1493 , 5)  (61.9124 , 6)  (58.8261 , 8)  (56.6544 , 1)  (52.9784 , 4)  (51.9018 , 7)  (49.1885 , 3)  (47.5849 , 2)  (42.1601 , 9)  
(71.0198 , 2)  (67.6927 , 7)  (58.2584 , 3)  (56.4889 , 6)  (54.4108 , 9)  (51.0265 , 5)  (50.9934 , 4)  (48.4384 , 8)  (47.0375 , 1)  
(94.7852 , 9)  (69.9844 , 6)  (57.1518 , 7)  (53.8357 , 1)  (53.671 , 5)  (52.4785 , 2)  (46.3803 , 8)  (43.463 , 3)  (40.4424 , 4)  
(101.679 , 8)  (57.6498 , 5)  (53.808 , 7)  (52.156 , 9)  (50.2857 , 2)  (49.6879 , 3)  (49.2652 , 6)  (44.8624 , 4)  (38.826 , 1)  
(103.267 , 1)  (59.2147 , 7)  (51.7745 , 3)  (51.7499 , 4)  (51.3554 , 6)  (50.6149 , 2)  (48.7106 , 9)  (47.8969 , 5)  (44.7525 , 8)  
(78.8075 , 3)  (65.915 , 6)  (62.1532 , 7)  (59.1752 , 9)  (56.0536 , 5)  (52.7189 , 1)  (49.6717 , 2)  (46.6452 , 8)  (38.877 , 4)  
(75.991 , 7)  (75.5875 , 6)  (66.8683 , 4)  (65.6019 , 2)  (58.5758 , 1)  (53.4177 , 3)  (49.9143 , 8)  (46.3686 , 5)  (30.9917 , 9)  
(96.5167 , 6)  (59.1931 , 1)  (56.1966 , 9)  (53.2011 , 2)  (52.0568 , 5)  (51.448 , 8)  (48.3377 , 7)  (47.5471 , 4)  (36.5068 , 3)  
