 -------------------3370------------
(67.8235 , 2)  (64.0307 , 7)  (57.3379 , 8)  (56.4177 , 3)  (56.3189 , 5)  (56.188 , 1)  (50.441 , 4)  (43.9769 , 9)  (43.708 , 6)  
(101.692 , 1)  (69.6611 , 7)  (62.6201 , 2)  (54.2797 , 6)  (54.2326 , 5)  (53.5231 , 9)  (37.4428 , 8)  (36.202 , 3)  (32.9734 , 4)  
(75.2411 , 6)  (69.9248 , 5)  (63.0658 , 9)  (52.5099 , 2)  (51.5259 , 1)  (51.2262 , 8)  (43.8592 , 3)  (43.0758 , 7)  (42.6783 , 4)  
(101.639 , 5)  (72.7383 , 7)  (51.4247 , 1)  (50.7967 , 6)  (50.4646 , 8)  (49.9675 , 2)  (49.4261 , 3)  (47.6999 , 4)  (28.7447 , 9)  
(101.186 , 7)  (70.7782 , 6)  (60.913 , 1)  (60.8287 , 5)  (59.9207 , 9)  (56.7868 , 2)  (44.698 , 3)  (35.5254 , 4)  (28.7766 , 8)  
(97.0412 , 9)  (58.099 , 2)  (56.9417 , 7)  (54.0748 , 4)  (53.8713 , 3)  (48.969 , 6)  (47.9256 , 5)  (43.6934 , 1)  (40.6467 , 8)  
(97.2019 , 4)  (72.2313 , 2)  (64.754 , 6)  (61.4315 , 1)  (50.0771 , 7)  (48.0603 , 5)  (47.172 , 9)  (39.0257 , 8)  (34.8504 , 3)  
(82.9806 , 8)  (73.5062 , 9)  (71.8402 , 2)  (57.5681 , 6)  (56.8579 , 1)  (52.8579 , 7)  (47.1258 , 5)  (41.7943 , 3)  (28.4804 , 4)  
(100.56 , 3)  (58.6749 , 2)  (57.5751 , 7)  (55.3561 , 9)  (54.5361 , 6)  (52.0496 , 1)  (47.7907 , 8)  (45.3567 , 4)  (42.1963 , 5)  
