 -------------------1667------------
(103.499 , 8)  (56.9681 , 1)  (55.1763 , 7)  (53.0989 , 2)  (51.857 , 9)  (50.6153 , 4)  (47.6069 , 5)  (41.6238 , 6)  (39.0872 , 3)  
(105.966 , 7)  (64.2669 , 9)  (58.8411 , 6)  (53.8251 , 2)  (49.0158 , 1)  (46.3259 , 4)  (46.0609 , 5)  (42.2891 , 3)  (36.0416 , 8)  
(83.6704 , 6)  (79.5057 , 5)  (62.0465 , 7)  (59.3327 , 9)  (54.2972 , 8)  (50.6339 , 2)  (43.4931 , 1)  (40.7074 , 4)  (38.5132 , 3)  
(80.464 , 9)  (60.2267 , 7)  (58.6025 , 8)  (57.7166 , 6)  (57.5755 , 2)  (52.7757 , 5)  (50.068 , 1)  (48.1615 , 4)  (44.6875 , 3)  
(78.5718 , 4)  (75.6832 , 9)  (60.1393 , 7)  (55.5886 , 6)  (53.4223 , 2)  (52.4878 , 5)  (51.3796 , 1)  (44.4407 , 8)  (35.1096 , 3)  
(105.658 , 3)  (53.491 , 8)  (51.1124 , 5)  (50.8799 , 1)  (50.4254 , 7)  (49.9642 , 6)  (49.0764 , 9)  (48.4526 , 2)  (41.8429 , 4)  
(90.0366 , 2)  (71.5465 , 6)  (61.1472 , 1)  (61.0673 , 7)  (54.4405 , 9)  (46.1097 , 5)  (45.479 , 3)  (40.3665 , 8)  (36.3292 , 4)  
(75.0678 , 5)  (72.9591 , 7)  (64.818 , 9)  (58.8157 , 3)  (58.3726 , 6)  (57.7507 , 8)  (46.4146 , 2)  (42.8726 , 1)  (35.6615 , 4)  
(102.852 , 1)  (64.6906 , 7)  (59.969 , 6)  (57.0897 , 2)  (52.2791 , 5)  (49.078 , 9)  (43.55 , 4)  (42.0574 , 3)  (39.016 , 8)  
