 -------------------887------------
(99.7146 , 6)  (59.6175 , 5)  (54.1624 , 1)  (54.1045 , 4)  (54.0782 , 2)  (49.7454 , 9)  (49.1423 , 7)  (46.507 , 3)  (42.7973 , 8)  
(98.3725 , 3)  (61.6656 , 7)  (58.3873 , 6)  (57.6669 , 5)  (55.2763 , 2)  (51.2889 , 1)  (49.6119 , 9)  (41.9605 , 8)  (36.3359 , 4)  
(88.0493 , 8)  (62.9626 , 6)  (57.2262 , 2)  (56.471 , 9)  (56.0786 , 7)  (49.9149 , 4)  (49.1726 , 3)  (48.2559 , 1)  (48.2557 , 5)  
(96.839 , 2)  (83.6887 , 7)  (67.4956 , 6)  (57.5748 , 8)  (51.4791 , 5)  (50.6088 , 1)  (48.6449 , 9)  (34.9404 , 4)  (30.927 , 3)  
(103.376 , 1)  (65.4991 , 6)  (58.7926 , 5)  (57.7995 , 7)  (57.0824 , 2)  (53.6116 , 9)  (44.4717 , 3)  (39.2068 , 4)  (27.2821 , 8)  
(87.5239 , 4)  (78.0473 , 6)  (67.499 , 9)  (60.1596 , 2)  (57.2519 , 1)  (54.5871 , 7)  (50.5601 , 5)  (40.1648 , 8)  (28.9729 , 3)  
(86.93 , 9)  (66.6686 , 6)  (58.8401 , 7)  (58.6966 , 1)  (53.426 , 2)  (51.8496 , 5)  (45.6592 , 8)  (45.3533 , 4)  (44.3062 , 3)  
(94.1356 , 7)  (67.4091 , 6)  (65.0218 , 9)  (62.3708 , 2)  (61.5325 , 5)  (57.6243 , 1)  (36.048 , 3)  (34.5439 , 4)  (29.4877 , 8)  
(79.0892 , 5)  (72.9806 , 7)  (71.1961 , 3)  (68.2345 , 1)  (64.8329 , 6)  (61.3825 , 9)  (44.1846 , 8)  (36.0729 , 2)  (23.1604 , 4)  
