 -------------------78------------
(101.99 , 3)  (57.8284 , 2)  (55.7072 , 5)  (53.0264 , 6)  (52.6081 , 7)  (49.6562 , 4)  (47.652 , 9)  (43.7797 , 8)  (43.6445 , 1)  
(108.87 , 7)  (56.6284 , 4)  (51.7558 , 2)  (48.6017 , 8)  (48.5891 , 5)  (47.4879 , 1)  (45.5135 , 9)  (45.1714 , 3)  (43.7854 , 6)  
(104.545 , 5)  (57.0137 , 8)  (54.6325 , 3)  (51.5883 , 1)  (51.4317 , 7)  (50.1495 , 2)  (47.7057 , 9)  (47.0909 , 6)  (46.0613 , 4)  
(96.8042 , 6)  (59.5089 , 1)  (57.6743 , 8)  (55.9169 , 3)  (53.034 , 4)  (52.9582 , 7)  (50.2416 , 2)  (47.5838 , 5)  (42.7389 , 9)  
(104.98 , 1)  (56.5285 , 7)  (53.5937 , 3)  (53.1385 , 4)  (51.4453 , 6)  (47.6681 , 8)  (47.016 , 2)  (46.3158 , 9)  (45.233 , 5)  
(77.6971 , 4)  (71.0697 , 8)  (55.1251 , 3)  (54.4315 , 5)  (52.5853 , 7)  (52.5584 , 2)  (51.8648 , 1)  (49.0215 , 6)  (44.4571 , 9)  
(80.1224 , 9)  (73.9215 , 2)  (64.0842 , 6)  (59.9895 , 1)  (59.1092 , 7)  (55.8134 , 5)  (51.3489 , 4)  (46.3394 , 3)  (42.5801 , 8)  
(98.3773 , 8)  (58.6759 , 2)  (57.4787 , 9)  (52.8257 , 6)  (50.8971 , 7)  (50.4815 , 1)  (49.0667 , 3)  (45.609 , 5)  (44.6406 , 4)  
(105.359 , 2)  (57.5006 , 6)  (54.5577 , 9)  (53.8317 , 1)  (53.1612 , 5)  (49.0452 , 7)  (46.3265 , 3)  (46.1501 , 4)  (41.7842 , 8)  
