 -------------------264------------
(102.936 , 4)  (67.1032 , 9)  (54.1211 , 2)  (51.3478 , 6)  (49.4472 , 1)  (48.0329 , 8)  (48.0299 , 5)  (47.9619 , 7)  (47.4691 , 3)  
(97.7643 , 5)  (78.9071 , 8)  (61.0342 , 6)  (52.3583 , 7)  (50.6751 , 2)  (45.2569 , 4)  (41.3533 , 1)  (41.2924 , 9)  (39.0021 , 3)  
(98.8739 , 6)  (64.4288 , 5)  (59.5703 , 1)  (50.3564 , 2)  (50.2938 , 9)  (47.466 , 8)  (46.6448 , 4)  (45.5397 , 7)  (37.0622 , 3)  
(96.1971 , 8)  (60.7371 , 2)  (60.3536 , 1)  (52.1974 , 7)  (49.675 , 6)  (49.3303 , 9)  (48.8351 , 3)  (47.5612 , 5)  (47.3322 , 4)  
(101.461 , 2)  (60.1784 , 6)  (59.9016 , 3)  (59.0814 , 7)  (56.5049 , 9)  (46.2516 , 4)  (45.1563 , 8)  (40.6692 , 1)  (35.9218 , 5)  
(79.6138 , 3)  (64.1809 , 2)  (63.2079 , 8)  (62.4947 , 7)  (55.5317 , 6)  (53.7576 , 5)  (51.2567 , 4)  (44.9326 , 9)  (44.8804 , 1)  
(87.555 , 9)  (59.1002 , 7)  (55.6244 , 1)  (53.5418 , 6)  (51.3496 , 3)  (50.3703 , 2)  (49.603 , 5)  (48.4823 , 4)  (45.2986 , 8)  
(100.631 , 1)  (67.3685 , 6)  (56.1514 , 5)  (55.4587 , 7)  (53.1442 , 2)  (49.2864 , 8)  (47.0156 , 3)  (40.9707 , 9)  (40.6396 , 4)  
(79.0653 , 7)  (71.6706 , 2)  (58.7495 , 5)  (58.0521 , 4)  (54.7327 , 3)  (51.9881 , 9)  (49.7144 , 1)  (48.9683 , 6)  (31.3033 , 8)  
