 -------------------3939------------
(95.5898 , 4)  (64.4019 , 6)  (54.8072 , 1)  (54.6211 , 7)  (52.4416 , 5)  (50.7822 , 9)  (46.8274 , 8)  (42.7677 , 3)  (42.6956 , 2)  
(93.2067 , 3)  (67.6293 , 7)  (59.3185 , 2)  (59.1516 , 4)  (56.0048 , 5)  (49.7645 , 9)  (48.2363 , 6)  (40.2449 , 8)  (39.7397 , 1)  
(98.7837 , 5)  (65.4407 , 7)  (53.5458 , 6)  (52.239 , 8)  (51.0829 , 1)  (49.0317 , 3)  (44.99 , 2)  (37.1344 , 4)  (35.5904 , 9)  
(91.5594 , 7)  (70.8137 , 9)  (66.6807 , 6)  (64.3849 , 5)  (53.7628 , 1)  (45.0477 , 2)  (44.1435 , 3)  (33.1186 , 8)  (31 , 4)  
(96.3895 , 2)  (69.8161 , 9)  (60.4061 , 6)  (55.1701 , 7)  (52.1709 , 1)  (50.2689 , 8)  (44.4518 , 3)  (39.0066 , 5)  (33.5649 , 4)  
(103.082 , 1)  (64.0883 , 7)  (62.7196 , 6)  (60.9145 , 5)  (56.8243 , 9)  (54.3345 , 2)  (42.7899 , 4)  (38.2445 , 3)  (29.6644 , 8)  
(78.6512 , 7)  (78.4612 , 9)  (66.4197 , 1)  (58.3816 , 6)  (55.0661 , 8)  (54.5658 , 2)  (47.9487 , 3)  (40.539 , 5)  (20.3714 , 4)  
(102.348 , 6)  (60.2668 , 1)  (57.5051 , 7)  (55.7316 , 9)  (55.3204 , 5)  (51.1897 , 8)  (48.2518 , 3)  (39.9513 , 2)  (35.7886 , 4)  
(94.9142 , 8)  (64.6003 , 6)  (62.2567 , 9)  (59.4952 , 7)  (53.7951 , 2)  (47.896 , 3)  (46.931 , 1)  (43.3417 , 4)  (40.2469 , 5)  
