 -------------------657------------
(102.213 , 3)  (53.9831 , 7)  (53.5214 , 4)  (52.1945 , 5)  (47.8201 , 9)  (47.5764 , 6)  (46.6446 , 2)  (46.2798 , 8)  (43.1971 , 1)  
(89.6609 , 5)  (74.8814 , 7)  (60.5322 , 6)  (48.5697 , 3)  (48.0323 , 8)  (47.7005 , 1)  (46.3089 , 9)  (44.3466 , 4)  (43.9025 , 2)  
(95.9247 , 8)  (65.0143 , 6)  (63.0521 , 2)  (58.2295 , 7)  (55.6648 , 9)  (48.0066 , 1)  (43.7597 , 5)  (39.5306 , 4)  (37.8895 , 3)  
(89.6792 , 2)  (62.9006 , 3)  (60.9522 , 6)  (56.0591 , 7)  (54.5609 , 4)  (53.7583 , 1)  (50.9659 , 8)  (46.2199 , 5)  (41.2121 , 9)  
(96.5919 , 6)  (64.6003 , 9)  (63.4386 , 7)  (59.8621 , 2)  (56.4951 , 8)  (54.4131 , 5)  (50.6655 , 3)  (39.3915 , 1)  (34.0781 , 4)  
(104.142 , 1)  (60.8354 , 7)  (55.7542 , 2)  (51.7846 , 5)  (51.4146 , 9)  (50.6587 , 6)  (42.0655 , 3)  (41.3605 , 4)  (39.9092 , 8)  
(89.2695 , 7)  (76.3206 , 9)  (65.5158 , 6)  (59.0697 , 2)  (55.9433 , 1)  (55.3594 , 5)  (42.5263 , 8)  (33.8062 , 4)  (33.6734 , 3)  
(89.691 , 9)  (69.274 , 7)  (62.3553 , 2)  (60.7727 , 6)  (52.4512 , 1)  (48.3152 , 5)  (48.0361 , 3)  (45.0161 , 8)  (36.6922 , 4)  
(98.5293 , 4)  (62.2164 , 6)  (55.9661 , 1)  (55.075 , 2)  (53.1651 , 9)  (52.6805 , 5)  (48.9758 , 7)  (45.873 , 3)  (38.2577 , 8)  
