 -------------------1131------------
(96.5361 , 2)  (56.6933 , 7)  (56.087 , 1)  (54.0287 , 8)  (53.6879 , 9)  (51.2084 , 6)  (49.769 , 5)  (46.0127 , 4)  (37.3074 , 3)  
(84.3744 , 4)  (65.5534 , 6)  (65.4393 , 7)  (56.278 , 2)  (55.2172 , 1)  (53.7577 , 5)  (53.7164 , 8)  (50.1927 , 9)  (38.5086 , 3)  
(97.0813 , 8)  (59.8798 , 6)  (54.6384 , 7)  (53.5345 , 9)  (53.3234 , 5)  (51.5396 , 3)  (47.312 , 2)  (46.6293 , 1)  (44.737 , 4)  
(88.8384 , 7)  (68.7607 , 2)  (68.2434 , 4)  (57.8421 , 3)  (57.6338 , 8)  (53.0384 , 9)  (45.6029 , 6)  (44.9178 , 1)  (42.0572 , 5)  
(103.296 , 6)  (61.9134 , 5)  (53.8632 , 1)  (53.1252 , 2)  (51.0971 , 9)  (50.3686 , 7)  (46.501 , 3)  (45.0575 , 4)  (35.7778 , 8)  
(94.3376 , 5)  (67.105 , 2)  (56.4437 , 8)  (54.6371 , 1)  (53.8633 , 7)  (53.594 , 9)  (52.6864 , 4)  (40.636 , 6)  (31.6795 , 3)  
(90.0331 , 9)  (71.4133 , 6)  (65.7405 , 7)  (52.5906 , 1)  (51.4992 , 2)  (50.8871 , 3)  (45.4562 , 5)  (39.1451 , 4)  (37.426 , 8)  
(100.619 , 1)  (65.3514 , 7)  (59.6386 , 5)  (58.3404 , 6)  (50.8637 , 2)  (48.0262 , 9)  (43.9775 , 8)  (42.365 , 4)  (38.5667 , 3)  
(82.5727 , 3)  (68.1669 , 6)  (66.6258 , 7)  (63.3756 , 8)  (61.5928 , 2)  (51.1858 , 5)  (44.2951 , 9)  (40.1863 , 4)  (33.3849 , 1)  
