 -------------------3378------------
(75.4655 , 2)  (68.6658 , 7)  (60.5501 , 5)  (54.6658 , 8)  (52.1728 , 9)  (51.0903 , 6)  (47.7194 , 3)  (45.719 , 1)  (39.2627 , 4)  
(103.568 , 1)  (66.0728 , 7)  (54.0972 , 5)  (53.397 , 4)  (50.085 , 6)  (45.4663 , 9)  (44.3279 , 3)  (42.7021 , 2)  (42.3772 , 8)  
(73.7041 , 6)  (70.1917 , 5)  (55.102 , 9)  (53.9399 , 8)  (52.7544 , 1)  (51.4779 , 2)  (47.8201 , 4)  (44.3691 , 7)  (44.3554 , 3)  
(104.543 , 5)  (68.8006 , 7)  (57.4443 , 4)  (53.519 , 8)  (52.3795 , 1)  (49.2803 , 2)  (46.6168 , 6)  (39.2909 , 3)  (30.7058 , 9)  
(99.1359 , 7)  (72.0999 , 6)  (62.7431 , 1)  (62.1969 , 5)  (60.5482 , 9)  (59.5446 , 2)  (43.2338 , 3)  (34.713 , 4)  (27.7939 , 8)  
(95.4738 , 9)  (56.3494 , 2)  (51.6017 , 3)  (50.1789 , 4)  (49.9757 , 6)  (49.6307 , 7)  (48.8764 , 5)  (47.5186 , 1)  (43.9424 , 8)  
(95.5762 , 4)  (69.924 , 2)  (66.9132 , 6)  (60.9162 , 1)  (48.9032 , 7)  (48.383 , 9)  (47.2949 , 5)  (39.8136 , 8)  (34.2849 , 3)  
(91.0915 , 8)  (69.7476 , 9)  (69.1731 , 2)  (57.6349 , 6)  (55.8251 , 1)  (55.526 , 7)  (46.8462 , 5)  (38.413 , 3)  (28.7838 , 4)  
(101.654 , 3)  (56.995 , 7)  (56.7918 , 2)  (55.0092 , 9)  (54.7421 , 6)  (50.4594 , 1)  (49.1523 , 8)  (47.3589 , 4)  (43.0714 , 5)  
