 -------------------3916------------
(93.7666 , 5)  (72.6759 , 6)  (56.6671 , 7)  (53.271 , 1)  (52.1684 , 2)  (49.9559 , 8)  (49.4191 , 9)  (44.1772 , 4)  (37.9624 , 3)  
(100.574 , 4)  (62.2761 , 9)  (55.9047 , 7)  (55.5281 , 2)  (55.0396 , 6)  (53.1262 , 5)  (50.0786 , 1)  (42.0589 , 8)  (37.2799 , 3)  
(103.999 , 6)  (59.4131 , 5)  (56.975 , 9)  (52.5447 , 7)  (51.6595 , 8)  (46.929 , 2)  (44.2278 , 3)  (43.0955 , 1)  (42.2033 , 4)  
(99.8663 , 1)  (70.7914 , 6)  (68.9341 , 5)  (67.7378 , 2)  (59.1318 , 9)  (59.0275 , 7)  (41.9261 , 3)  (24.9806 , 8)  (21.5177 , 4)  
(103.283 , 2)  (65.5729 , 9)  (65.1225 , 6)  (60.316 , 7)  (51.1789 , 1)  (49.1574 , 8)  (42.4846 , 3)  (41.7344 , 4)  (37.585 , 5)  
(102.118 , 7)  (61.5461 , 6)  (61.0046 , 2)  (57.1379 , 1)  (55.6421 , 9)  (50.2461 , 3)  (46.633 , 5)  (42.0335 , 4)  (34.7795 , 8)  
(95.3841 , 9)  (69.6712 , 7)  (66.2545 , 6)  (61.4699 , 2)  (58.2336 , 1)  (47.2575 , 5)  (41.4388 , 3)  (39.8289 , 4)  (38.6719 , 8)  
(90.987 , 8)  (78.6685 , 6)  (74.2584 , 7)  (58.8679 , 9)  (57.641 , 2)  (54.8505 , 3)  (45.4862 , 1)  (37.2788 , 4)  (32.275 , 5)  
(82.4781 , 3)  (71.7173 , 7)  (63.8956 , 6)  (58.2312 , 2)  (55.6973 , 1)  (53.0187 , 8)  (51.3238 , 5)  (50.1437 , 9)  (38.4725 , 4)  
