 -------------------4186------------
(106.695 , 2)  (62.6756 , 7)  (56.1901 , 6)  (53.5987 , 9)  (53.3781 , 1)  (49.3575 , 8)  (47.4923 , 5)  (41.387 , 4)  (36.9805 , 3)  
(106.263 , 7)  (62.8664 , 1)  (54.9329 , 3)  (50.228 , 6)  (49.644 , 5)  (49.5235 , 2)  (46.9769 , 9)  (46.098 , 8)  (45.1803 , 4)  
(87.913 , 9)  (60.5304 , 7)  (55.3734 , 2)  (53.8831 , 6)  (52.1621 , 5)  (51.5819 , 4)  (51.178 , 1)  (42.783 , 8)  (40.6782 , 3)  
(94.104 , 6)  (64.1915 , 2)  (57.7449 , 9)  (57.2627 , 5)  (56.7158 , 4)  (53.1111 , 7)  (50.5332 , 1)  (44.237 , 3)  (31.9605 , 8)  
(103.474 , 1)  (61.909 , 7)  (56.5894 , 6)  (55.9752 , 5)  (53.5485 , 2)  (53.2033 , 9)  (48.952 , 4)  (43.4614 , 3)  (32.9163 , 8)  
(107.065 , 8)  (63.1312 , 2)  (53.9303 , 9)  (53.8624 , 4)  (53.1553 , 6)  (49.1701 , 7)  (45.4144 , 1)  (39.1622 , 5)  (38.7068 , 3)  
(83.5549 , 4)  (68.896 , 9)  (59.0575 , 2)  (57.566 , 6)  (56.5238 , 7)  (54.9554 , 1)  (51.1271 , 5)  (43.9913 , 3)  (41.8929 , 8)  
(102.193 , 5)  (63.4863 , 3)  (58.3603 , 6)  (55.9935 , 7)  (51.2964 , 2)  (51.0575 , 1)  (48.9242 , 9)  (47.342 , 8)  (35.3343 , 4)  
(75.8416 , 3)  (65.9985 , 9)  (60.379 , 8)  (57.7895 , 6)  (56.6778 , 1)  (54.0946 , 7)  (52.7018 , 2)  (41.247 , 5)  (40.824 , 4)  
