 -------------------4616------------
(104.629 , 6)  (65.0697 , 4)  (52.079 , 8)  (50.9866 , 1)  (50.5368 , 7)  (50.4118 , 3)  (48.1098 , 2)  (47.7276 , 9)  (45.4092 , 5)  
(80.2228 , 3)  (71.2973 , 5)  (65.1542 , 7)  (52.5294 , 6)  (52.2072 , 2)  (50.9418 , 1)  (47.335 , 8)  (47.2475 , 4)  (40.3513 , 9)  
(88.0806 , 7)  (74.7564 , 2)  (58.8148 , 6)  (54.1939 , 1)  (50.7739 , 8)  (50.4564 , 3)  (46.4438 , 9)  (42.1795 , 5)  (42.1269 , 4)  
(103.556 , 4)  (60.6132 , 9)  (58.7585 , 6)  (51.1994 , 2)  (50.6209 , 7)  (49.4264 , 1)  (45.5039 , 5)  (45.1085 , 3)  (43.19 , 8)  
(94.3954 , 1)  (62.9167 , 6)  (62.8113 , 7)  (62.3484 , 5)  (59.3549 , 2)  (57.2862 , 9)  (45.3385 , 4)  (38.8803 , 3)  (38.0596 , 8)  
(97.9101 , 5)  (63.3026 , 9)  (58.8562 , 6)  (57.5226 , 3)  (53.7297 , 7)  (53.5394 , 1)  (39.4254 , 2)  (39.1715 , 8)  (36.6306 , 4)  
(96.3223 , 8)  (72.9998 , 3)  (65.0101 , 6)  (61.4143 , 9)  (60.7543 , 2)  (50.1525 , 1)  (48.1703 , 7)  (45.6641 , 4)  (28.2472 , 5)  
(89.5987 , 2)  (68.3575 , 3)  (64.7268 , 7)  (63.8491 , 6)  (54.5107 , 1)  (52.5434 , 9)  (49.361 , 5)  (49.1065 , 4)  (39.2065 , 8)  
(93.0425 , 9)  (67.0172 , 7)  (61.8767 , 2)  (59.7286 , 6)  (57.0163 , 1)  (46.6534 , 8)  (45.0083 , 5)  (44.7183 , 3)  (34.4201 , 4)  
