 -------------------1132------------
(96.1244 , 2)  (58.518 , 1)  (56.6222 , 8)  (54.2827 , 6)  (53.2129 , 7)  (52.7512 , 9)  (45.5552 , 4)  (45.3654 , 5)  (42.9601 , 3)  
(84.5071 , 4)  (64.9758 , 6)  (63.2523 , 7)  (62.2419 , 2)  (53.8515 , 1)  (53.4401 , 9)  (52.5261 , 5)  (47.7533 , 8)  (38.8296 , 3)  
(95.7382 , 8)  (60.2039 , 6)  (58.3701 , 7)  (55.0692 , 3)  (54.9982 , 5)  (54.3011 , 9)  (47.0093 , 1)  (42.9475 , 4)  (42.3763 , 2)  
(94.8991 , 7)  (77.629 , 2)  (62.8 , 4)  (58.3129 , 9)  (57.7039 , 6)  (55.1182 , 5)  (42.7447 , 1)  (42.2736 , 8)  (37.6993 , 3)  
(102.815 , 6)  (61.7189 , 5)  (53.9642 , 1)  (53.5672 , 2)  (51.1549 , 7)  (48.7169 , 9)  (45.5278 , 4)  (43.8053 , 3)  (34.6213 , 8)  
(91.9657 , 5)  (68.9109 , 2)  (60.388 , 8)  (55.6421 , 9)  (53.8257 , 7)  (49.8997 , 1)  (49.8117 , 4)  (41.9423 , 6)  (30.5634 , 3)  
(90.3689 , 9)  (65.9107 , 7)  (64.6868 , 6)  (57.5746 , 2)  (53.4133 , 1)  (51.3344 , 3)  (43.8626 , 5)  (43.5585 , 4)  (36.7409 , 8)  
(99.5453 , 1)  (66.2178 , 7)  (60.4516 , 5)  (59.9125 , 6)  (53.0122 , 2)  (47.2678 , 9)  (40.323 , 3)  (39.9942 , 8)  (37.6612 , 4)  
(84.802 , 3)  (68.0066 , 6)  (67.1396 , 8)  (64.5533 , 7)  (59.1853 , 2)  (48.5341 , 5)  (41.0535 , 9)  (40.1636 , 4)  (37.733 , 1)  
