 -------------------3925------------
(97.0259 , 5)  (79.1351 , 6)  (57.896 , 7)  (54.3565 , 1)  (51.6961 , 2)  (49.7021 , 9)  (45.9468 , 8)  (35.3573 , 4)  (35.1884 , 3)  
(98.6058 , 4)  (64.5092 , 9)  (59.4276 , 6)  (57.3056 , 2)  (55.4432 , 7)  (51.9546 , 1)  (51.2361 , 5)  (40.3643 , 8)  (39.5608 , 3)  
(105.288 , 6)  (62.8616 , 5)  (58.638 , 9)  (51.0196 , 7)  (50.7788 , 2)  (44.9437 , 8)  (44.1759 , 1)  (42.8434 , 4)  (38.4648 , 3)  
(102.008 , 1)  (68.277 , 6)  (65.0724 , 2)  (63.637 , 5)  (61.2541 , 7)  (56.7 , 9)  (40.167 , 3)  (30.2653 , 4)  (23.8363 , 8)  
(102.576 , 2)  (69.4164 , 9)  (69.3432 , 6)  (63.7465 , 7)  (50.8141 , 1)  (49.4807 , 3)  (46.9075 , 8)  (35.5409 , 5)  (34.0732 , 4)  
(105.465 , 7)  (65.3164 , 6)  (57.8264 , 5)  (55.1902 , 1)  (52.9346 , 9)  (51.3269 , 2)  (42.8807 , 8)  (38.0805 , 4)  (33.6799 , 3)  
(93.7934 , 9)  (64.7931 , 2)  (61.9956 , 6)  (58.502 , 7)  (55.8856 , 1)  (49.8808 , 5)  (44.3544 , 4)  (44.1209 , 8)  (43.4015 , 3)  
(92.197 , 8)  (71.3678 , 6)  (67.9869 , 7)  (60.8624 , 2)  (60.3847 , 3)  (48.7187 , 9)  (46.1463 , 1)  (41.8465 , 4)  (34.1472 , 5)  
(82.0203 , 3)  (68.9236 , 7)  (63.4213 , 2)  (61.8369 , 6)  (56.2847 , 1)  (52.7135 , 5)  (51.3995 , 8)  (48.4052 , 9)  (39.8227 , 4)  
