 -------------------1504------------
(95.6905 , 6)  (65.4199 , 4)  (58.113 , 2)  (51.8059 , 7)  (51.7053 , 3)  (49.2838 , 5)  (48.0854 , 1)  (46.7021 , 8)  (41.9222 , 9)  
(99.5512 , 9)  (64.946 , 7)  (61.9554 , 6)  (54.3449 , 3)  (53.3873 , 2)  (51.02 , 4)  (44.4275 , 1)  (41.7854 , 5)  (39.9331 , 8)  
(82.9068 , 8)  (68.8113 , 2)  (66.8583 , 6)  (59.6256 , 1)  (54.1111 , 7)  (52.9722 , 9)  (41.1352 , 4)  (40.639 , 3)  (39.0925 , 5)  
(95.346 , 5)  (63.0022 , 6)  (54.5332 , 8)  (53.1286 , 7)  (50.7316 , 3)  (47.7293 , 1)  (45.1839 , 9)  (44.1449 , 2)  (39.4907 , 4)  
(103.706 , 1)  (60.3927 , 7)  (56.8116 , 2)  (55.5435 , 5)  (53.9027 , 6)  (50.757 , 9)  (45.8976 , 4)  (40.5657 , 3)  (34.6942 , 8)  
(91.4507 , 4)  (80.3648 , 6)  (61.0631 , 9)  (54.2007 , 7)  (52.8742 , 2)  (50.9641 , 3)  (46.8098 , 1)  (44.0845 , 5)  (37.287 , 8)  
(97.3765 , 3)  (67.2353 , 5)  (63.4059 , 6)  (61.2589 , 7)  (48.8694 , 1)  (47.0694 , 2)  (46.8134 , 4)  (40.9652 , 9)  (33.6333 , 8)  
(101.549 , 2)  (62.3537 , 7)  (56.8142 , 9)  (55.3521 , 3)  (53.0733 , 5)  (51.0442 , 6)  (49.6464 , 1)  (46.5756 , 8)  (42.2099 , 4)  
(85.219 , 7)  (75.3961 , 2)  (60.2762 , 6)  (57.8762 , 4)  (53.5137 , 9)  (53.0194 , 1)  (50.2239 , 3)  (44.4509 , 5)  (38.1548 , 8)  
