 -------------------4441------------
(100.525 , 3)  (62.1161 , 7)  (56.7872 , 9)  (51.4434 , 1)  (51.0592 , 6)  (48.7359 , 4)  (48.6591 , 5)  (45.6181 , 8)  (44.6473 , 2)  
(103.443 , 8)  (55.1548 , 4)  (55.0007 , 3)  (54.0437 , 1)  (51.9691 , 9)  (50.7066 , 2)  (49.211 , 6)  (48.0424 , 5)  (43.5595 , 7)  
(84.8913 , 9)  (70.3905 , 3)  (58.9975 , 5)  (54.2428 , 8)  (47.8715 , 1)  (47.7115 , 2)  (45.9576 , 4)  (44.849 , 6)  (43.0009 , 7)  
(105.273 , 6)  (57.6156 , 9)  (54.2801 , 3)  (53.7829 , 1)  (51.3471 , 7)  (48.6801 , 2)  (46.7306 , 4)  (45.9626 , 5)  (45.8259 , 8)  
(101.425 , 4)  (61.0899 , 6)  (58.9118 , 2)  (57.4895 , 9)  (57.0276 , 1)  (47.3008 , 7)  (44.2848 , 3)  (44.0846 , 5)  (39.1719 , 8)  
(100.83 , 1)  (69.2722 , 7)  (64.6166 , 6)  (56.5439 , 5)  (51.9741 , 9)  (51.3122 , 2)  (41.4914 , 4)  (40.8189 , 3)  (35.8639 , 8)  
(96.3132 , 5)  (66.2785 , 6)  (60.7378 , 9)  (60.5596 , 2)  (53.8783 , 7)  (47.6442 , 1)  (43.1098 , 3)  (42.9742 , 8)  (28.7068 , 4)  
(90.5978 , 7)  (61.3994 , 2)  (58.6834 , 9)  (58.5896 , 6)  (49.4764 , 1)  (48.3622 , 8)  (47.958 , 3)  (46.2138 , 5)  (37.2246 , 4)  
(105.855 , 2)  (58.4039 , 7)  (55.8731 , 5)  (53.2768 , 9)  (52.4094 , 6)  (49.2813 , 1)  (45.4855 , 3)  (40.3939 , 4)  (39.8041 , 8)  
