 -------------------1329------------
(82.1681 , 9)  (69.4981 , 8)  (67.7413 , 5)  (60.9339 , 1)  (53.15 , 7)  (52.5713 , 2)  (48.0009 , 3)  (47.2573 , 6)  (45.2186 , 4)  
(103.402 , 1)  (58.4859 , 7)  (57.4451 , 6)  (52.6243 , 8)  (51.3964 , 3)  (49.9234 , 4)  (45.9975 , 2)  (45.131 , 9)  (45.1055 , 5)  
(87.4386 , 3)  (63.5424 , 7)  (58.2338 , 9)  (56.1144 , 6)  (55.4913 , 5)  (55.0379 , 4)  (53.4867 , 1)  (52.8177 , 2)  (37.8462 , 8)  
(107.034 , 8)  (61.4825 , 7)  (55.0603 , 1)  (54.6864 , 6)  (52.8379 , 5)  (52.5668 , 4)  (45.4455 , 3)  (43.0854 , 2)  (37.6743 , 9)  
(102.498 , 5)  (58.4792 , 8)  (56.5895 , 7)  (51.3297 , 2)  (50.9223 , 4)  (50.359 , 9)  (48.7943 , 6)  (48.1122 , 1)  (43.0793 , 3)  
(86.5965 , 2)  (75.6474 , 3)  (67.4539 , 7)  (54.0807 , 1)  (53.3437 , 4)  (52.2413 , 8)  (44.745 , 5)  (41.5753 , 6)  (34.3209 , 9)  
(90.949 , 4)  (64.3562 , 6)  (56.273 , 9)  (54.5182 , 1)  (53.0368 , 2)  (52.9842 , 8)  (51.368 , 7)  (49.621 , 5)  (39.5358 , 3)  
(104.715 , 6)  (56.3401 , 7)  (51.973 , 5)  (50.8721 , 2)  (50.5835 , 1)  (50.256 , 8)  (48.7201 , 4)  (47.0877 , 9)  (44.4506 , 3)  
(98.0378 , 7)  (69.8903 , 2)  (61.9821 , 1)  (56.8743 , 9)  (50.6929 , 6)  (48.297 , 8)  (47.3904 , 4)  (44.4406 , 3)  (41.1674 , 5)  
