 -------------------643------------
(99.7694 , 8)  (66.5214 , 7)  (55.2853 , 9)  (52.4272 , 1)  (52.2034 , 2)  (51.4113 , 6)  (50.4347 , 4)  (48.6436 , 5)  (46.6944 , 3)  
(92.176 , 3)  (66.8663 , 8)  (61.4519 , 6)  (54.2425 , 5)  (53.9534 , 9)  (49.7622 , 7)  (49.5234 , 2)  (45.0213 , 1)  (43.8009 , 4)  
(108.199 , 7)  (54.5079 , 3)  (54.3645 , 8)  (53.618 , 4)  (49.8787 , 6)  (48.5138 , 1)  (46.2526 , 5)  (44.8943 , 2)  (41.5932 , 9)  
(101.423 , 5)  (66.4787 , 6)  (57.3985 , 8)  (56.5898 , 7)  (51.0155 , 1)  (49.929 , 9)  (49.4706 , 2)  (47.2723 , 4)  (31.9942 , 3)  
(74.0083 , 4)  (69.1422 , 2)  (68.7489 , 9)  (54.0615 , 1)  (52.2549 , 6)  (51.1565 , 7)  (49.3009 , 5)  (43.3058 , 3)  (34.6849 , 8)  
(99.3044 , 9)  (59.8778 , 6)  (57.6266 , 2)  (51.7291 , 7)  (50.9728 , 1)  (49.2895 , 8)  (48.3799 , 3)  (42.1355 , 4)  (41.4319 , 5)  
(100.624 , 2)  (68.9646 , 6)  (61.3136 , 9)  (58.2818 , 1)  (57.6489 , 3)  (57.2585 , 7)  (46.2584 , 5)  (42.5422 , 8)  (24.4094 , 4)  
(85.6722 , 1)  (80.2985 , 2)  (75.8141 , 9)  (57.2606 , 5)  (52.4254 , 7)  (47.8826 , 6)  (38.5887 , 8)  (31.6768 , 3)  (24.7434 , 4)  
(105.275 , 6)  (55.0005 , 5)  (52.2431 , 9)  (50.9182 , 7)  (50.2766 , 2)  (50.059 , 4)  (48.6776 , 1)  (46.4995 , 3)  (38.7607 , 8)  
