 -------------------5048------------
(86.032 , 2)  (71.7045 , 6)  (60.8635 , 5)  (57.1206 , 4)  (53.371 , 7)  (51.6462 , 3)  (50.2153 , 1)  (43.6819 , 8)  (38.3177 , 9)  
(89.6251 , 7)  (87.4509 , 2)  (56.9215 , 1)  (54.818 , 6)  (51.293 , 8)  (50.481 , 9)  (50.4712 , 5)  (37.6093 , 4)  (33.3724 , 3)  
(99.8235 , 4)  (65.5356 , 6)  (63.0178 , 5)  (59.8924 , 2)  (58.8655 , 7)  (52.8918 , 9)  (45.2839 , 1)  (39.9413 , 8)  (37.5425 , 3)  
(88.0878 , 8)  (66.5071 , 2)  (63.4015 , 6)  (62.5883 , 7)  (54.9152 , 3)  (47.245 , 5)  (46.6149 , 9)  (45.7268 , 1)  (42.4258 , 4)  
(84.9021 , 3)  (78.2141 , 7)  (64.071 , 6)  (61.2914 , 9)  (59.0144 , 5)  (51.665 , 1)  (51.3106 , 2)  (37.7988 , 4)  (28.6234 , 8)  
(98.8849 , 1)  (67.4256 , 6)  (62.9068 , 7)  (59.3305 , 9)  (57.8363 , 5)  (55.113 , 2)  (44.3837 , 3)  (37.4841 , 8)  (31.5764 , 4)  
(82.6787 , 5)  (75.2528 , 6)  (63.2068 , 1)  (61.573 , 9)  (61.5045 , 2)  (58.4959 , 7)  (49.2924 , 3)  (41.5477 , 8)  (27.5229 , 4)  
(97.4543 , 9)  (64.0983 , 6)  (63.2946 , 2)  (53.5702 , 1)  (52.2529 , 7)  (52.1628 , 5)  (45.9103 , 3)  (39.7203 , 4)  (37.1953 , 8)  
(102.557 , 6)  (72.9477 , 5)  (58.326 , 1)  (57.6324 , 9)  (48.7228 , 7)  (44.7193 , 2)  (43.3593 , 3)  (36.7963 , 8)  (28.8078 , 4)  
