 -------------------409------------
(82.1353 , 8)  (63.2332 , 5)  (58.7302 , 6)  (58.042 , 2)  (55.7636 , 9)  (54.5259 , 1)  (47.9192 , 3)  (47.8548 , 7)  (42.3061 , 4)  
(101.71 , 5)  (63.9733 , 6)  (59.0318 , 4)  (56.9661 , 3)  (53.5818 , 2)  (48.9185 , 7)  (48.544 , 1)  (44.9033 , 9)  (38.91 , 8)  
(93.7178 , 4)  (63.3251 , 6)  (55.7458 , 9)  (55.1638 , 1)  (54.651 , 2)  (52.1174 , 7)  (51.4516 , 8)  (45.9898 , 3)  (43.0465 , 5)  
(95.7234 , 1)  (59.2641 , 2)  (57.3147 , 3)  (56.3018 , 6)  (53.4274 , 8)  (51.5638 , 7)  (47.7995 , 4)  (46.3013 , 5)  (38.7612 , 9)  
(80.0564 , 3)  (69.2634 , 1)  (57.1379 , 2)  (56.1565 , 7)  (55.8986 , 9)  (54.0453 , 5)  (52.5545 , 6)  (51.1618 , 8)  (40.3671 , 4)  
(101.774 , 9)  (61.6396 , 6)  (57.3318 , 2)  (50.9804 , 7)  (50.1723 , 8)  (48.3633 , 4)  (45.7311 , 1)  (44.4715 , 5)  (42.479 , 3)  
(102.752 , 7)  (63.4849 , 2)  (59.7829 , 1)  (59.4765 , 6)  (52.9596 , 9)  (48.4614 , 3)  (45.1306 , 5)  (39.2438 , 4)  (36.9996 , 8)  
(99.9061 , 6)  (59.9299 , 5)  (57.3817 , 9)  (52.2906 , 7)  (50.3715 , 1)  (50.2571 , 4)  (49.5712 , 8)  (43.9684 , 2)  (34.6038 , 3)  
(100.586 , 2)  (64.9959 , 9)  (59.7672 , 1)  (57.9289 , 6)  (55.3399 , 7)  (53.8555 , 5)  (42.9722 , 3)  (42.179 , 4)  (35.1699 , 8)  
