 -------------------846------------
(99.3066 , 7)  (64.3137 , 9)  (58.9708 , 2)  (55.4175 , 6)  (53.0467 , 1)  (49.4676 , 5)  (44.8862 , 4)  (44.7937 , 3)  (35.826 , 8)  
(99.1679 , 5)  (63.382 , 8)  (54.7578 , 7)  (53.143 , 2)  (50.0648 , 1)  (49.8762 , 9)  (49.8196 , 6)  (47.6064 , 4)  (47.5443 , 3)  
(103.443 , 3)  (60.135 , 2)  (52.8885 , 9)  (51.8246 , 4)  (51.0042 , 1)  (48.8737 , 6)  (47.8618 , 7)  (44.4137 , 5)  (40.5445 , 8)  
(100.151 , 9)  (65.0081 , 6)  (60.4385 , 1)  (57.1932 , 2)  (55.0865 , 7)  (50.8848 , 5)  (48.6611 , 3)  (34.4458 , 4)  (29.4695 , 8)  
(95.4536 , 1)  (68.8531 , 2)  (64.6334 , 6)  (62.9393 , 5)  (52.2573 , 7)  (49.1353 , 9)  (45.6186 , 4)  (34.523 , 3)  (32.772 , 8)  
(100.953 , 2)  (70.3118 , 6)  (58.6488 , 9)  (49.6379 , 7)  (47.7379 , 1)  (47.4673 , 5)  (46.3003 , 8)  (42.7675 , 3)  (38.0839 , 4)  
(93.9739 , 4)  (79.4622 , 6)  (65.3722 , 7)  (55.6794 , 5)  (50.9449 , 1)  (50.4418 , 9)  (49.2432 , 2)  (44.2037 , 8)  (36.5848 , 3)  
(106.077 , 6)  (58.2332 , 5)  (57.2539 , 1)  (53.9244 , 7)  (53.4028 , 9)  (47.7214 , 2)  (46.305 , 4)  (45.9507 , 3)  (39.2291 , 8)  
(94.8108 , 8)  (72.2236 , 2)  (64.0353 , 6)  (59.4608 , 9)  (52.4737 , 1)  (50.8344 , 7)  (47.5317 , 5)  (42.5798 , 3)  (38.73 , 4)  
