 -------------------3930------------
(98.3434 , 5)  (71.6812 , 6)  (54.8231 , 7)  (54.3305 , 1)  (51.7308 , 2)  (50.7334 , 9)  (41.4785 , 8)  (40.5493 , 3)  (36.6622 , 4)  
(97.8604 , 4)  (65.3059 , 9)  (65.1976 , 6)  (59.7031 , 2)  (53.6791 , 1)  (53.4964 , 7)  (49.2146 , 5)  (40.9294 , 3)  (34.3224 , 8)  
(104.618 , 6)  (63.4018 , 5)  (58.3611 , 9)  (50.6588 , 7)  (50.3038 , 2)  (44.5881 , 8)  (44.3667 , 4)  (44.314 , 1)  (40.6673 , 3)  
(99.4788 , 1)  (69.364 , 5)  (69.0498 , 2)  (67.601 , 6)  (63.8306 , 7)  (56.439 , 9)  (40.6763 , 3)  (26.2302 , 8)  (23.8752 , 4)  
(102.679 , 2)  (68.3034 , 9)  (68.1653 , 6)  (62.7991 , 7)  (50.6219 , 1)  (50.4759 , 3)  (44.8142 , 8)  (37.5968 , 5)  (36.7041 , 4)  
(104.926 , 7)  (68.645 , 6)  (60.6667 , 9)  (59.5076 , 5)  (56.9511 , 1)  (56.8767 , 2)  (36.1104 , 8)  (31.4534 , 4)  (28.9564 , 3)  
(94.4649 , 9)  (65.4684 , 2)  (61.6705 , 6)  (59.0812 , 7)  (55.6573 , 1)  (48.3617 , 5)  (44.4739 , 8)  (43.8473 , 3)  (43.5213 , 4)  
(92.6589 , 8)  (75.3328 , 6)  (73.2489 , 7)  (57.0802 , 3)  (57.0466 , 2)  (50.8219 , 9)  (43.9086 , 4)  (43.2183 , 1)  (33.632 , 5)  
(81.1914 , 3)  (68.6073 , 7)  (64.506 , 2)  (63.2222 , 6)  (58.1587 , 1)  (50.1689 , 8)  (49.569 , 9)  (48.6205 , 5)  (36.305 , 4)  
