 -------------------4611------------
(105.947 , 6)  (60.3464 , 4)  (52.7412 , 7)  (51.3525 , 8)  (50.8289 , 3)  (48.7813 , 2)  (48.7794 , 1)  (48.4686 , 5)  (45.8993 , 9)  
(81.8711 , 3)  (68.6892 , 5)  (63.7122 , 7)  (52.3658 , 2)  (51.1084 , 6)  (50.8866 , 4)  (50.5326 , 1)  (46.0192 , 8)  (39.2819 , 9)  
(87.9956 , 7)  (77.5998 , 2)  (62.2768 , 6)  (52.5149 , 1)  (51.8458 , 8)  (49.0233 , 3)  (43.6816 , 9)  (41.0343 , 4)  (39.402 , 5)  
(103.331 , 4)  (65.4295 , 9)  (62.6195 , 6)  (58.7963 , 2)  (53.0952 , 7)  (49.2069 , 1)  (46.78 , 5)  (39.6697 , 8)  (37.4113 , 3)  
(96.8997 , 1)  (60.6212 , 6)  (60.2279 , 7)  (56.1602 , 5)  (52.4533 , 2)  (52.0845 , 9)  (47.9164 , 3)  (46.5508 , 4)  (43.083 , 8)  
(98.4907 , 5)  (60.2333 , 9)  (59.6776 , 3)  (58.5699 , 6)  (53.6188 , 1)  (51.9238 , 7)  (42.6391 , 8)  (41.0765 , 2)  (35.0259 , 4)  
(99.2032 , 8)  (72.277 , 3)  (62.2635 , 6)  (60.3992 , 2)  (56.6736 , 9)  (51.1746 , 1)  (50.7408 , 7)  (48.3903 , 4)  (27.8574 , 5)  
(94.6795 , 2)  (65.1732 , 7)  (63.0597 , 6)  (58.1984 , 3)  (55.3126 , 5)  (55.0397 , 1)  (53.6244 , 4)  (49.9936 , 9)  (37.4681 , 8)  
(93.1093 , 9)  (69.9751 , 7)  (61.9933 , 6)  (59.3269 , 2)  (55.1718 , 1)  (46.4366 , 8)  (44.303 , 3)  (44.0707 , 5)  (35.07 , 4)  
