 -------------------4362------------
(99.8535 , 9)  (56.6018 , 4)  (55.8792 , 2)  (54.9069 , 6)  (54.196 , 7)  (48.1459 , 1)  (46.8286 , 5)  (45.3034 , 3)  (44.6184 , 8)  
(87.5759 , 7)  (63.2716 , 8)  (62.5678 , 9)  (59.6443 , 2)  (58.1187 , 4)  (51.148 , 6)  (48.5254 , 1)  (45.6097 , 3)  (42.6445 , 5)  
(103.912 , 6)  (55.902 , 4)  (54.894 , 8)  (54.7498 , 2)  (53.3352 , 3)  (47.2754 , 9)  (47.2669 , 7)  (46.0236 , 1)  (44.6084 , 5)  
(71.5957 , 3)  (62.9385 , 6)  (61.8099 , 2)  (59.2549 , 8)  (55.4805 , 9)  (55.4592 , 1)  (53.7916 , 5)  (52.3683 , 7)  (49.4535 , 4)  
(97.4456 , 4)  (68.9228 , 6)  (68.5613 , 9)  (61.3407 , 7)  (55.0688 , 2)  (47.6934 , 1)  (44.3885 , 8)  (42.5389 , 5)  (40.541 , 3)  
(87.7009 , 8)  (61.2072 , 2)  (61.0424 , 7)  (58.8526 , 6)  (55.869 , 3)  (54.4497 , 4)  (46.4893 , 9)  (43.8494 , 1)  (41.6384 , 5)  
(74.4239 , 2)  (72.806 , 1)  (67.406 , 7)  (56.3343 , 6)  (55.9258 , 5)  (52.1682 , 9)  (50.7303 , 3)  (44.1681 , 8)  (39.8528 , 4)  
(102.063 , 5)  (62.3631 , 6)  (58.2557 , 7)  (51.3746 , 2)  (51.1491 , 9)  (50.2907 , 4)  (50.052 , 1)  (42.6714 , 3)  (42.499 , 8)  
(102.964 , 1)  (61.2027 , 7)  (58.7861 , 2)  (56.2374 , 9)  (55.6849 , 6)  (55.5419 , 5)  (42.8156 , 4)  (42.5688 , 3)  (30.6391 , 8)  
