 -------------------4546------------
(98.3026 , 9)  (61.7993 , 7)  (56.3458 , 2)  (53.3164 , 6)  (51.8617 , 4)  (49.2997 , 1)  (48.2048 , 8)  (43.0029 , 3)  (42.8351 , 5)  
(103.36 , 1)  (58.5777 , 2)  (54.1581 , 8)  (52.5059 , 6)  (50.4894 , 5)  (49.3041 , 4)  (46.5296 , 7)  (44.9038 , 3)  (40.9563 , 9)  
(93.6493 , 8)  (86.4361 , 5)  (59.9395 , 7)  (55.0144 , 6)  (51.9985 , 2)  (47.3842 , 1)  (43.5633 , 4)  (40.9803 , 9)  (40.7389 , 3)  
(105.908 , 7)  (56.7452 , 6)  (53.6727 , 9)  (51.6661 , 1)  (48.8643 , 2)  (48.6397 , 5)  (47.9894 , 4)  (47.0358 , 3)  (45.1981 , 8)  
(95.5685 , 2)  (71.9597 , 1)  (57.6656 , 8)  (55.9773 , 3)  (51.2454 , 6)  (50.5176 , 9)  (50.1268 , 7)  (41.2663 , 5)  (39.76 , 4)  
(107.105 , 6)  (58.0827 , 5)  (51.9805 , 7)  (50.5551 , 9)  (50.1052 , 1)  (49.9107 , 2)  (47.9395 , 8)  (47.9336 , 3)  (42.7769 , 4)  
(104.867 , 3)  (58.6023 , 6)  (55.4932 , 7)  (51.5431 , 2)  (49.2353 , 9)  (46.8109 , 1)  (45.5284 , 5)  (41.7888 , 4)  (34.4157 , 8)  
(105.052 , 4)  (62.6362 , 6)  (57.2685 , 7)  (53.4462 , 2)  (51.7665 , 5)  (51.7616 , 1)  (47.4246 , 8)  (47.2491 , 9)  (39.6121 , 3)  
(98.6799 , 5)  (73.196 , 9)  (54.9536 , 7)  (54.2887 , 2)  (52.6144 , 6)  (49.4354 , 3)  (46.7801 , 8)  (46.6872 , 1)  (35.5539 , 4)  
