 -------------------4574------------
(102.538 , 5)  (60.5203 , 9)  (53.9985 , 3)  (51.9871 , 7)  (51.5579 , 2)  (48.502 , 6)  (46.8867 , 4)  (45.2317 , 1)  (43.4268 , 8)  
(97.8706 , 2)  (57.5985 , 7)  (56.35 , 3)  (55.2175 , 5)  (50.4993 , 4)  (50.2702 , 8)  (48.9067 , 9)  (47.9034 , 1)  (42.3373 , 6)  
(91.81 , 4)  (66.2669 , 7)  (60.5935 , 9)  (57.4899 , 1)  (54.6373 , 3)  (53.7168 , 6)  (50.1348 , 2)  (45.7451 , 8)  (42.9778 , 5)  
(93.9749 , 8)  (58.3685 , 7)  (55.2433 , 1)  (54.7753 , 5)  (53.0983 , 2)  (51.8086 , 6)  (46.3295 , 9)  (45.9981 , 4)  (44.1244 , 3)  
(98.6855 , 1)  (57.1098 , 7)  (55.785 , 6)  (55.4923 , 2)  (51.6392 , 3)  (50.8865 , 9)  (49.7205 , 8)  (48.5866 , 5)  (42.2708 , 4)  
(105.215 , 3)  (56.7624 , 7)  (53.9809 , 6)  (50.2917 , 5)  (46.9601 , 9)  (46.5205 , 2)  (46.4313 , 4)  (45.8297 , 1)  (40.5598 , 8)  
(99.3449 , 9)  (61.5832 , 6)  (58.1089 , 2)  (51.2137 , 7)  (50.9455 , 1)  (48.1487 , 5)  (47.3748 , 4)  (41.1047 , 8)  (38.0676 , 3)  
(95.8786 , 6)  (65.3903 , 5)  (57.2956 , 2)  (55.161 , 9)  (53.0941 , 7)  (48.9384 , 1)  (42.5362 , 3)  (41.2783 , 8)  (34.3682 , 4)  
(106.654 , 7)  (61.9903 , 6)  (52.907 , 5)  (51.2223 , 1)  (50.3641 , 9)  (47.9697 , 2)  (45.1156 , 8)  (43.1584 , 4)  (35.6134 , 3)  
