 -------------------1140------------
(96.0283 , 2)  (57.8277 , 8)  (57.7438 , 1)  (53.3594 , 7)  (52.5049 , 6)  (48.855 , 9)  (46.8837 , 5)  (46.8632 , 4)  (40.1889 , 3)  
(86.0505 , 4)  (62.7936 , 7)  (61.4011 , 6)  (55.191 , 2)  (54.2909 , 5)  (53.2806 , 9)  (47.9443 , 1)  (46.1646 , 8)  (42.6832 , 3)  
(93.3481 , 8)  (57.5771 , 6)  (56.237 , 7)  (55.6198 , 9)  (54.7195 , 5)  (49.9025 , 3)  (49.2008 , 2)  (48.6384 , 4)  (43.8978 , 1)  
(94.1234 , 7)  (73.8596 , 2)  (67.5323 , 9)  (57.7015 , 4)  (56.9736 , 6)  (45.5903 , 5)  (43.9774 , 3)  (43.2021 , 8)  (42.4831 , 1)  
(101.283 , 6)  (67.8343 , 5)  (57.1167 , 1)  (55.1594 , 7)  (51.5784 , 2)  (48.2697 , 9)  (46.4451 , 4)  (42.0162 , 3)  (33.5691 , 8)  
(96.9278 , 5)  (69.7791 , 2)  (57.5464 , 7)  (53.5734 , 1)  (52.8459 , 8)  (51.0972 , 4)  (49.9125 , 9)  (39.2922 , 6)  (27.8986 , 3)  
(88.469 , 9)  (67.8636 , 7)  (66.6761 , 6)  (54.7659 , 1)  (53.0539 , 2)  (49.2506 , 3)  (45.6885 , 5)  (43.8941 , 4)  (40.6146 , 8)  
(100.766 , 1)  (62.885 , 6)  (62.5819 , 7)  (60.2171 , 5)  (49.7328 , 2)  (47.93 , 9)  (43.1356 , 8)  (41.4044 , 4)  (39.6607 , 3)  
(82.2029 , 3)  (69.7897 , 6)  (67.3632 , 7)  (63.5877 , 8)  (61.4905 , 2)  (50.0081 , 5)  (42.4019 , 9)  (38.4323 , 4)  (34.396 , 1)  
