 -------------------1069------------
(98.4196 , 2)  (64.4853 , 1)  (58.6376 , 3)  (57.2513 , 6)  (56.7361 , 9)  (48.8522 , 7)  (42.7691 , 8)  (42.1352 , 5)  (41.6308 , 4)  
(73.1645 , 3)  (69.9672 , 7)  (58.3295 , 2)  (57.0707 , 6)  (56.4812 , 5)  (53.6096 , 9)  (52.4562 , 8)  (46.6657 , 1)  (38.3744 , 4)  
(102.508 , 1)  (61.3968 , 7)  (57.7495 , 6)  (53.5206 , 5)  (52.8808 , 2)  (50.5508 , 9)  (44.3369 , 4)  (43.2185 , 3)  (38.5621 , 8)  
(84.4368 , 4)  (70.0441 , 2)  (63.2348 , 7)  (61.4475 , 8)  (59.3657 , 6)  (57.4248 , 5)  (54.1181 , 1)  (41.9101 , 3)  (35.4458 , 9)  
(96.8393 , 7)  (62.5331 , 2)  (60.8088 , 9)  (55.3589 , 6)  (52.9336 , 5)  (49.6675 , 1)  (45.8444 , 8)  (33.0138 , 3)  (31.5324 , 4)  
(100.409 , 5)  (58.0343 , 6)  (57.2937 , 7)  (53.3523 , 9)  (53.1851 , 3)  (50.797 , 2)  (46.3417 , 1)  (44.5626 , 8)  (32.9446 , 4)  
(78.7184 , 8)  (70.3295 , 1)  (69.3898 , 6)  (64.8176 , 7)  (64.8087 , 9)  (55.102 , 3)  (54.1705 , 2)  (44.9316 , 5)  (18.8167 , 4)  
(100.867 , 9)  (66.2726 , 6)  (57.8288 , 2)  (54.257 , 1)  (52.6345 , 5)  (47.8806 , 7)  (39.7851 , 8)  (37.9533 , 4)  (36.4833 , 3)  
(93.8136 , 6)  (59.9645 , 2)  (58.7804 , 1)  (57.2952 , 5)  (56.7153 , 7)  (52.3438 , 9)  (44.4723 , 8)  (39.8813 , 3)  (39.3817 , 4)  
