 -------------------835------------
(97.799 , 7)  (62.8841 , 9)  (55.6475 , 2)  (55.1348 , 6)  (54.8258 , 1)  (46.9256 , 3)  (46.9253 , 5)  (45.4175 , 4)  (39.6647 , 8)  
(100.149 , 5)  (64.8437 , 8)  (56.4007 , 7)  (53.7825 , 2)  (53.3937 , 6)  (51.8896 , 9)  (49.0917 , 1)  (43.7588 , 3)  (42.8166 , 4)  
(104.845 , 3)  (55.6995 , 2)  (53.5152 , 7)  (51.6943 , 1)  (50.4647 , 6)  (50.1262 , 4)  (46.3797 , 9)  (44.899 , 8)  (42.9198 , 5)  
(99.0532 , 9)  (58.914 , 6)  (56.9028 , 1)  (53.2366 , 2)  (49.9622 , 5)  (49.5132 , 7)  (46.8207 , 3)  (46.6444 , 4)  (36.408 , 8)  
(95.3944 , 1)  (65.1102 , 2)  (61.4276 , 5)  (61.3593 , 6)  (52.2312 , 7)  (47.4102 , 8)  (47.1988 , 9)  (45.5785 , 4)  (33.6658 , 3)  
(100.72 , 2)  (71.1068 , 6)  (57.779 , 9)  (53.4891 , 7)  (47.3749 , 8)  (45.7762 , 5)  (45.1763 , 4)  (44.5306 , 1)  (37.4271 , 3)  
(92.4418 , 4)  (80.1299 , 6)  (63.9385 , 7)  (56.2518 , 5)  (55.9832 , 9)  (52.0992 , 1)  (50.3684 , 2)  (39.6955 , 8)  (30.7765 , 3)  
(107.025 , 6)  (57.1854 , 5)  (56.1272 , 9)  (54.8337 , 1)  (54.0613 , 7)  (50.2028 , 2)  (44.7384 , 4)  (41.2765 , 3)  (37.8436 , 8)  
(95.5938 , 8)  (73.722 , 2)  (69.4554 , 6)  (58.5141 , 9)  (53.2131 , 7)  (50.7287 , 1)  (44.8227 , 5)  (40.4205 , 3)  (38.3263 , 4)  
