 -------------------1075------------
(98.5482 , 2)  (63.5863 , 3)  (63.215 , 1)  (59.589 , 6)  (55.024 , 7)  (46.989 , 9)  (45.0831 , 8)  (43.4519 , 5)  (43.0415 , 4)  
(75.8974 , 3)  (70.9368 , 7)  (58.577 , 2)  (57.9133 , 8)  (57.2031 , 6)  (51.9463 , 5)  (51.3007 , 9)  (46.6752 , 1)  (38.6781 , 4)  
(101.729 , 1)  (65.7001 , 7)  (60.5374 , 6)  (54.453 , 5)  (53.8762 , 9)  (53.316 , 2)  (42.1567 , 4)  (40.6685 , 3)  (36.4937 , 8)  
(87.7028 , 4)  (67.5381 , 2)  (62.2826 , 7)  (61.5284 , 8)  (58.741 , 5)  (56.9582 , 1)  (55.8257 , 6)  (41.4532 , 3)  (36.3416 , 9)  
(97.8521 , 7)  (61.6201 , 2)  (60.5776 , 9)  (53.432 , 6)  (52.8464 , 5)  (49.2251 , 1)  (47.2542 , 8)  (33.0708 , 4)  (32.0622 , 3)  
(98.6902 , 5)  (60.3066 , 7)  (60.2257 , 6)  (52.6472 , 3)  (52.3489 , 2)  (52.281 , 9)  (48.3302 , 1)  (42.3475 , 8)  (32.6888 , 4)  
(82.3243 , 8)  (71.0162 , 1)  (67.8332 , 7)  (65.0945 , 6)  (62.0916 , 9)  (53.3214 , 2)  (52.303 , 3)  (43.6748 , 5)  (22.3932 , 4)  
(101.249 , 9)  (65.6358 , 6)  (58.5973 , 2)  (54.5035 , 1)  (52.4767 , 5)  (47.4798 , 7)  (39.0918 , 4)  (38.9828 , 8)  (35.2993 , 3)  
(94.7288 , 6)  (60.0286 , 2)  (58.4069 , 5)  (57.3354 , 1)  (55.7065 , 7)  (53.0707 , 9)  (41.5576 , 3)  (41.3546 , 8)  (40.7445 , 4)  
