 -------------------1000------------
(102.593 , 1)  (58.3178 , 6)  (57.8562 , 2)  (54.6684 , 9)  (54.475 , 5)  (54.4596 , 7)  (51.0898 , 3)  (44.7174 , 4)  (29.4136 , 8)  
(98.2872 , 6)  (70.8322 , 5)  (65.1368 , 2)  (61.9185 , 9)  (56.6975 , 1)  (53.595 , 7)  (49.0747 , 8)  (41.2535 , 4)  (33.7682 , 3)  
(103.437 , 9)  (62.0227 , 2)  (51.1428 , 6)  (50.6793 , 7)  (50.0034 , 5)  (49.6808 , 1)  (47.3883 , 4)  (45.539 , 3)  (35.0474 , 8)  
(105.814 , 3)  (61.3792 , 7)  (59.815 , 6)  (52.2142 , 8)  (51.563 , 1)  (45.6832 , 9)  (45.5959 , 2)  (43.5077 , 5)  (38.8311 , 4)  
(103.716 , 7)  (66.7557 , 6)  (66.3038 , 9)  (57.798 , 1)  (53.1615 , 2)  (49.9506 , 5)  (32.638 , 4)  (31.2814 , 3)  (29.9725 , 8)  
(95.2795 , 2)  (63.2362 , 7)  (55.8718 , 6)  (55.7935 , 1)  (54.5235 , 8)  (49.9573 , 9)  (49.3692 , 5)  (40.8239 , 4)  (40.1712 , 3)  
(89.2356 , 8)  (74.3637 , 6)  (60.6959 , 9)  (59.734 , 1)  (58.259 , 7)  (57.8989 , 2)  (48.3559 , 3)  (46.0654 , 5)  (20.0987 , 4)  
(73.2567 , 4)  (71.8298 , 6)  (66.7163 , 9)  (59.871 , 7)  (56.3008 , 5)  (50.1939 , 1)  (49.0228 , 2)  (44.633 , 8)  (42.2291 , 3)  
(89.4371 , 5)  (70.4921 , 7)  (70.1063 , 6)  (59.1172 , 1)  (54.9779 , 9)  (54.7263 , 3)  (46.8811 , 8)  (32.4461 , 2)  (28.3264 , 4)  
