 -------------------3346------------
(67.7803 , 2)  (64.0662 , 7)  (57.5205 , 5)  (57.0019 , 8)  (56.7468 , 3)  (50.9702 , 1)  (50.5934 , 4)  (49.044 , 6)  (42.9683 , 9)  
(104.257 , 1)  (66.1355 , 7)  (51.9132 , 5)  (50.5723 , 6)  (49.707 , 2)  (49.0888 , 4)  (46.0219 , 9)  (42.4444 , 8)  (41.4107 , 3)  
(73.4834 , 6)  (70.1899 , 5)  (55.178 , 9)  (54.914 , 8)  (53.3287 , 1)  (50.9886 , 3)  (50.6567 , 4)  (44.3725 , 2)  (43.5479 , 7)  
(103.725 , 5)  (73.0801 , 7)  (53.4696 , 4)  (52.2806 , 8)  (51.6754 , 1)  (48.3243 , 6)  (47.6699 , 2)  (45.8742 , 3)  (27.0162 , 9)  
(102.11 , 7)  (70.9104 , 6)  (62.104 , 1)  (60.2727 , 5)  (58.7055 , 9)  (56.0044 , 2)  (43.8816 , 3)  (38.068 , 4)  (29.8602 , 8)  
(98.8403 , 9)  (53.9122 , 7)  (53.8261 , 2)  (51.9227 , 3)  (51.3637 , 6)  (49.6319 , 4)  (46.9992 , 1)  (45.0905 , 5)  (39.4683 , 8)  
(94.1871 , 4)  (70.3892 , 2)  (66.3645 , 6)  (64.005 , 1)  (50.5841 , 9)  (47.1184 , 5)  (47.046 , 7)  (40.218 , 8)  (35.2578 , 3)  
(92.0234 , 8)  (71.6972 , 9)  (64.6696 , 2)  (57.5933 , 1)  (55.8116 , 6)  (54.3028 , 7)  (45.5466 , 5)  (40.914 , 3)  (29.0214 , 4)  
(100.66 , 3)  (62.2741 , 7)  (56.432 , 6)  (55.952 , 2)  (53.6318 , 9)  (49.5839 , 8)  (48.4229 , 1)  (47.1453 , 4)  (44.1514 , 5)  
