 -------------------1637------------
(105.062 , 8)  (61.0801 , 1)  (54.9339 , 2)  (50.2772 , 4)  (49.3724 , 9)  (49.3211 , 7)  (43.6354 , 5)  (43.1406 , 3)  (42.3739 , 6)  
(105.987 , 7)  (64.7602 , 9)  (61.7157 , 6)  (52.7331 , 2)  (52.4828 , 1)  (47.04 , 5)  (43.0196 , 4)  (37.6388 , 8)  (37.3864 , 3)  
(89.2972 , 6)  (74.7597 , 5)  (58.4373 , 7)  (55.0947 , 9)  (52.0057 , 8)  (48.8342 , 2)  (47.6939 , 1)  (46.8561 , 4)  (40.4812 , 3)  
(79.3292 , 9)  (62.3236 , 7)  (60.4929 , 6)  (56.6901 , 8)  (52.8328 , 2)  (52.0427 , 1)  (48.7539 , 5)  (44.3807 , 4)  (42.2848 , 3)  
(77.7379 , 4)  (72.3516 , 9)  (57.981 , 7)  (56.349 , 2)  (55.5618 , 1)  (54.6473 , 5)  (52.8039 , 6)  (42.4921 , 8)  (33.2132 , 3)  
(106.08 , 3)  (53.4275 , 8)  (52.833 , 7)  (51.3013 , 6)  (50.0676 , 9)  (48.915 , 1)  (48.7206 , 2)  (47.5376 , 5)  (41.2668 , 4)  
(88.9336 , 2)  (73.1565 , 6)  (60.4134 , 1)  (59.4126 , 7)  (56.5963 , 9)  (47.9187 , 3)  (45.3653 , 5)  (41.4122 , 8)  (33.3962 , 4)  
(78.0998 , 5)  (75.8725 , 7)  (62.2544 , 9)  (60.2971 , 6)  (56.2413 , 8)  (53.9075 , 3)  (42.0427 , 1)  (41.4645 , 2)  (39.2742 , 4)  
(103.359 , 1)  (64.396 , 7)  (57.101 , 6)  (55.1122 , 2)  (54.6971 , 5)  (50.0156 , 9)  (43.4684 , 4)  (40.7046 , 3)  (38.4967 , 8)  
