 -------------------282------------
(102.529 , 4)  (68.6456 , 9)  (56.1834 , 2)  (50.6598 , 6)  (49.9601 , 1)  (48.1687 , 8)  (47.5079 , 3)  (47.4056 , 7)  (46.7966 , 5)  
(96.0734 , 5)  (78.6564 , 8)  (59.7995 , 6)  (50.0428 , 7)  (47.4656 , 4)  (46.185 , 2)  (43.8368 , 1)  (43.2797 , 3)  (41.6108 , 9)  
(99.6449 , 6)  (61.4714 , 5)  (59.4942 , 1)  (49.6587 , 4)  (48.2908 , 2)  (47.1384 , 7)  (47.0029 , 8)  (46.5608 , 9)  (38.4518 , 3)  
(97.9806 , 8)  (57.9121 , 2)  (56.2837 , 1)  (55.416 , 6)  (53.5836 , 3)  (51.0426 , 7)  (50.6464 , 9)  (45.3181 , 5)  (44.8911 , 4)  
(98.0445 , 2)  (72.6664 , 3)  (61.4514 , 7)  (58.6619 , 6)  (57.7343 , 9)  (52.5983 , 4)  (45.4981 , 8)  (36.3753 , 1)  (31.8556 , 5)  
(83.7787 , 3)  (64.9781 , 2)  (60.6431 , 4)  (59.5514 , 7)  (58.9201 , 8)  (56.1632 , 5)  (53.7812 , 6)  (47.4104 , 1)  (40.2818 , 9)  
(86.0061 , 9)  (59.4281 , 7)  (57.3271 , 1)  (54.591 , 6)  (50.4357 , 3)  (49.6389 , 5)  (49.2961 , 8)  (49.2255 , 4)  (47.4376 , 2)  
(99.5807 , 1)  (73.0644 , 6)  (59.151 , 5)  (57.8154 , 7)  (53.5159 , 2)  (44.6488 , 8)  (43.6431 , 3)  (40.372 , 9)  (40.1451 , 4)  
(80.8521 , 7)  (71.7284 , 2)  (59.7762 , 4)  (58.0118 , 5)  (56.8348 , 3)  (50.5 , 1)  (50.1111 , 9)  (47.4906 , 6)  (30.8008 , 8)  
