 -------------------1318------------
(83.0088 , 9)  (72.9142 , 5)  (69.3266 , 8)  (61.0095 , 1)  (52.5994 , 2)  (51.484 , 7)  (46.1793 , 6)  (44.6611 , 3)  (43.7566 , 4)  
(103.556 , 1)  (57.2274 , 6)  (55.0984 , 7)  (54.5877 , 4)  (50.9187 , 3)  (49.9769 , 8)  (47.3716 , 9)  (46.5561 , 5)  (44.9639 , 2)  
(91.9666 , 3)  (63.1141 , 7)  (58.9503 , 9)  (54.9688 , 1)  (54.9315 , 6)  (54.7679 , 4)  (49.6285 , 2)  (49.4439 , 5)  (37.5605 , 8)  
(107.486 , 8)  (55.3932 , 7)  (55.0432 , 6)  (52.1297 , 1)  (51.4817 , 3)  (49.4308 , 4)  (45.3451 , 9)  (42.8406 , 2)  (42.0746 , 5)  
(101.357 , 5)  (59.0595 , 8)  (54.0482 , 7)  (52.7299 , 2)  (50.6771 , 9)  (50.3376 , 6)  (48.7931 , 4)  (48.1255 , 1)  (43.2862 , 3)  
(86.6524 , 2)  (75.3151 , 3)  (68.772 , 7)  (54.5069 , 4)  (54.2588 , 1)  (51.1842 , 8)  (45.0963 , 5)  (40.2271 , 6)  (35.4646 , 9)  
(90.471 , 4)  (59.5423 , 6)  (56.4845 , 9)  (55.1623 , 8)  (54.2684 , 1)  (50.7159 , 7)  (48.5737 , 2)  (46.7572 , 5)  (45.3293 , 3)  
(103.557 , 6)  (56.1307 , 7)  (52.6054 , 5)  (52.2577 , 4)  (50.285 , 8)  (48.7059 , 2)  (48.3893 , 1)  (46.2218 , 3)  (45.8166 , 9)  
(97.1422 , 7)  (68.7855 , 2)  (63.6835 , 1)  (61.0849 , 9)  (54.3831 , 6)  (48.4756 , 5)  (44.6586 , 8)  (43.4339 , 4)  (39.5422 , 3)  
