 -------------------1129------------
(93.2352 , 2)  (58.27 , 1)  (57.7303 , 6)  (55.6981 , 9)  (54.5774 , 7)  (52.2132 , 8)  (50.9983 , 5)  (37.8704 , 4)  (37.4908 , 3)  
(83.6738 , 4)  (65.9224 , 7)  (61.9651 , 6)  (52.8774 , 8)  (52.7807 , 9)  (51.4385 , 5)  (50.9893 , 2)  (50.8002 , 1)  (39.6867 , 3)  
(92.2543 , 8)  (56.411 , 6)  (56.0493 , 9)  (55.583 , 7)  (51.4673 , 5)  (51.3826 , 3)  (50.1678 , 2)  (48.1134 , 4)  (45.6006 , 1)  
(93.3533 , 7)  (78.163 , 2)  (62.5609 , 4)  (61.4351 , 9)  (57.0928 , 6)  (55.2837 , 5)  (42.6315 , 1)  (40.5878 , 8)  (37.5783 , 3)  
(103.668 , 6)  (63.4846 , 5)  (54.2091 , 1)  (54.0149 , 7)  (50.8418 , 2)  (48.4701 , 9)  (47.7332 , 4)  (44.6215 , 3)  (35.6981 , 8)  
(93.4382 , 5)  (67.5005 , 2)  (59.3728 , 7)  (55.5147 , 8)  (53.5962 , 1)  (52.1541 , 4)  (49.3789 , 9)  (41.0216 , 6)  (31.9744 , 3)  
(87.5119 , 9)  (69.8387 , 7)  (65.3402 , 6)  (52.605 , 3)  (52.2149 , 2)  (49.8867 , 1)  (49.5061 , 4)  (45.8844 , 5)  (40.7122 , 8)  
(99.7745 , 1)  (65.9599 , 7)  (62.4873 , 5)  (62.3833 , 6)  (51.5899 , 2)  (48.7004 , 9)  (40.1949 , 8)  (38.4373 , 3)  (37.8599 , 4)  
(90.3923 , 3)  (67.2861 , 7)  (66.6377 , 6)  (61.0268 , 8)  (55.3464 , 2)  (49.5185 , 5)  (42.1764 , 9)  (39.5166 , 4)  (36.4199 , 1)  
