 -------------------4581------------
(102.692 , 5)  (56.0469 , 9)  (55.2041 , 2)  (54.7257 , 7)  (53.6797 , 3)  (51.5057 , 6)  (47.1175 , 1)  (43.4239 , 4)  (38.1609 , 8)  
(100.155 , 2)  (57.7557 , 3)  (52.8977 , 5)  (52.8789 , 4)  (52.3622 , 7)  (52.0456 , 9)  (47.9562 , 8)  (45.939 , 1)  (43.899 , 6)  
(94.6944 , 4)  (66.1285 , 7)  (59.1121 , 1)  (56.8333 , 9)  (56.7858 , 3)  (50.4884 , 6)  (48.8203 , 2)  (46.9369 , 8)  (41.9082 , 5)  
(93.6519 , 8)  (58.0244 , 2)  (55.5181 , 7)  (54.1401 , 5)  (53.0908 , 6)  (53.0332 , 1)  (51.3817 , 4)  (47.2468 , 3)  (42.156 , 9)  
(93.8209 , 1)  (61.9535 , 7)  (60.4237 , 2)  (60.0595 , 6)  (57.3847 , 5)  (53.1994 , 9)  (46.6331 , 8)  (39.9343 , 4)  (36.0564 , 3)  
(105.89 , 3)  (52.2319 , 6)  (51.0522 , 7)  (49.7509 , 5)  (49.2297 , 9)  (48.0403 , 4)  (47.6224 , 1)  (46.95 , 2)  (39.3326 , 8)  
(99.869 , 9)  (61.085 , 6)  (55.946 , 2)  (51.3932 , 5)  (51.0499 , 7)  (49.4308 , 1)  (47.8207 , 4)  (43.7393 , 8)  (34.9883 , 3)  
(94.7976 , 6)  (71.71 , 5)  (63.4798 , 2)  (57.5924 , 9)  (49.9286 , 1)  (48.0431 , 7)  (43.0086 , 3)  (35.8619 , 8)  (32.893 , 4)  
(105.401 , 7)  (68.4151 , 6)  (58.5416 , 9)  (55.7237 , 1)  (55.4342 , 5)  (44.6203 , 2)  (41.5964 , 8)  (35.8958 , 3)  (35.7958 , 4)  
