 -------------------3195------------
(105.354 , 6)  (64.9793 , 4)  (59.8067 , 2)  (51.8291 , 3)  (48.6969 , 8)  (48.4033 , 5)  (48.1892 , 7)  (45.0278 , 9)  (42.9785 , 1)  
(94.4944 , 3)  (64.0265 , 7)  (55.0149 , 4)  (54.5329 , 8)  (53.6602 , 5)  (52.8053 , 6)  (50.7229 , 2)  (44.3626 , 1)  (36.1047 , 9)  
(106.661 , 7)  (56.2878 , 9)  (52.3451 , 6)  (50.4752 , 8)  (49.867 , 3)  (48.7909 , 1)  (47.5476 , 4)  (47.5183 , 2)  (44.2997 , 5)  
(104.039 , 1)  (60.7104 , 5)  (60.6518 , 2)  (60.6361 , 7)  (58.581 , 6)  (55.5711 , 9)  (40.3631 , 3)  (38.3059 , 4)  (29.4519 , 8)  
(77.214 , 2)  (75.7756 , 4)  (68.8011 , 6)  (64.7416 , 1)  (59.2936 , 7)  (58.933 , 5)  (49.4533 , 9)  (38.1409 , 3)  (32.8762 , 8)  
(103.206 , 8)  (57.6033 , 6)  (56.6313 , 9)  (52.8118 , 5)  (49.5734 , 7)  (46.9181 , 2)  (43.7996 , 1)  (43.7993 , 3)  (40.6179 , 4)  
(87.4639 , 4)  (66.107 , 9)  (65.5492 , 6)  (61.2251 , 7)  (54.7019 , 2)  (51.7815 , 3)  (51.6679 , 1)  (47.0551 , 5)  (30.8412 , 8)  
(93.2755 , 9)  (61.0845 , 6)  (59.7086 , 1)  (56.0066 , 7)  (54.4308 , 2)  (48.2392 , 5)  (46.2994 , 3)  (42.1151 , 4)  (38.8801 , 8)  
(96.4869 , 5)  (67.1317 , 9)  (64.8647 , 6)  (56.4359 , 2)  (55.7602 , 1)  (49.736 , 7)  (44.7272 , 8)  (41.2834 , 3)  (27.403 , 4)  
