 -------------------3929------------
(96.8728 , 5)  (77.2962 , 6)  (57.1503 , 7)  (54.1888 , 1)  (51.2178 , 2)  (45.2926 , 9)  (44.419 , 8)  (38.4087 , 3)  (38.0265 , 4)  
(98.4235 , 4)  (65.2309 , 6)  (62.9496 , 9)  (61.2974 , 2)  (53.7221 , 7)  (52.0666 , 1)  (50.5304 , 5)  (39.5947 , 3)  (35.5151 , 8)  
(105.895 , 6)  (59.658 , 9)  (59.3847 , 5)  (54.9224 , 8)  (50.6494 , 2)  (49.8674 , 7)  (45.1034 , 1)  (37.5069 , 4)  (35.2798 , 3)  
(99.9216 , 1)  (69.4474 , 6)  (69.023 , 5)  (65.504 , 2)  (62.2503 , 7)  (57.2351 , 9)  (43.0159 , 3)  (26.3469 , 8)  (23.9855 , 4)  
(101.694 , 2)  (66.7074 , 6)  (63.6318 , 9)  (59.7165 , 7)  (50.6947 , 1)  (50.5205 , 3)  (45.5121 , 8)  (42.955 , 4)  (40.0771 , 5)  
(104.601 , 7)  (67.4497 , 6)  (61.1844 , 9)  (58.3742 , 5)  (58.0908 , 2)  (55.9181 , 1)  (35.2425 , 8)  (31.8055 , 4)  (30.3848 , 3)  
(95.7402 , 9)  (67.6391 , 2)  (61.4231 , 6)  (57.9487 , 1)  (57.6679 , 7)  (46.9329 , 5)  (45.7349 , 3)  (43.1203 , 8)  (37.3109 , 4)  
(93.4418 , 8)  (78.3774 , 6)  (75.6975 , 7)  (61.2166 , 2)  (53.9648 , 3)  (51.4889 , 9)  (42.4504 , 1)  (40.649 , 4)  (34.3728 , 5)  
(84.7083 , 3)  (66.1768 , 7)  (65.63 , 2)  (62.7109 , 6)  (59.8636 , 1)  (51.1039 , 9)  (47.9182 , 8)  (45.3928 , 5)  (33.0803 , 4)  
