 -------------------334------------
(105.313 , 3)  (56.1629 , 7)  (55.8436 , 6)  (52.2754 , 8)  (50.2055 , 1)  (49.2598 , 5)  (46.5654 , 9)  (46.388 , 4)  (45.8815 , 2)  
(100.192 , 7)  (64.8966 , 9)  (56.4811 , 2)  (56.4203 , 6)  (53.1801 , 1)  (49.7086 , 5)  (47.7474 , 3)  (46.6323 , 4)  (46.2721 , 8)  
(90.5116 , 2)  (63.6583 , 6)  (58.3772 , 1)  (58.2094 , 9)  (55.9499 , 8)  (51.4947 , 5)  (49.8051 , 7)  (47.9681 , 3)  (41.8789 , 4)  
(105.717 , 6)  (59.3591 , 7)  (55.4561 , 9)  (53.4957 , 8)  (53.1833 , 2)  (50.2621 , 5)  (46.3965 , 1)  (45.0618 , 3)  (40.7978 , 4)  
(94.7751 , 4)  (76.6 , 9)  (59.5847 , 7)  (54.9139 , 2)  (53.3426 , 6)  (47.3896 , 5)  (44.2445 , 1)  (43.9229 , 3)  (37.0412 , 8)  
(97.8183 , 1)  (60.71 , 6)  (55.1319 , 2)  (53.5895 , 7)  (50.9852 , 4)  (50.514 , 8)  (49.7049 , 9)  (48.7917 , 5)  (45.9482 , 3)  
(91.8401 , 5)  (66.0631 , 7)  (63.9504 , 6)  (59.2346 , 2)  (55.1295 , 8)  (53.3909 , 1)  (49.0974 , 3)  (46.7509 , 9)  (31.975 , 4)  
(102.859 , 9)  (65.5166 , 6)  (58.5448 , 7)  (56.2772 , 2)  (48.6274 , 1)  (47.2213 , 3)  (40.9419 , 5)  (36.7117 , 4)  (36.0811 , 8)  
(103.096 , 8)  (65.6053 , 7)  (60.273 , 6)  (59.7677 , 2)  (50.0491 , 5)  (46.0363 , 4)  (44.7155 , 3)  (41.7362 , 9)  (37.9068 , 1)  
