 -------------------1200------------
(89.5307 , 3)  (60.6191 , 2)  (59.9315 , 7)  (59.4031 , 5)  (55.0324 , 8)  (52.1767 , 6)  (47.9271 , 1)  (47.7531 , 4)  (40.7803 , 9)  
(107.926 , 7)  (53.5189 , 6)  (51.1507 , 1)  (49.8798 , 2)  (49.6333 , 5)  (46.3474 , 9)  (45.8918 , 4)  (44.3748 , 3)  (41.679 , 8)  
(103.224 , 1)  (59.1958 , 3)  (57.0942 , 7)  (51.312 , 6)  (49.2203 , 2)  (48.2698 , 5)  (47.0889 , 8)  (46.4985 , 9)  (39.7822 , 4)  
(99.9711 , 8)  (64.2148 , 7)  (63.4931 , 6)  (54.1381 , 9)  (50.964 , 2)  (47.5196 , 1)  (46.4374 , 3)  (42.7284 , 4)  (41.5156 , 5)  
(96.0692 , 5)  (60.1352 , 9)  (59.0652 , 6)  (54.865 , 8)  (52.7205 , 7)  (48.3332 , 2)  (48.3275 , 3)  (48.2794 , 1)  (35.1403 , 4)  
(89.7119 , 6)  (73.9966 , 5)  (54.5766 , 7)  (53.9818 , 9)  (53.6632 , 2)  (49.3373 , 1)  (46.4622 , 3)  (43.0604 , 8)  (40.3588 , 4)  
(78.8821 , 4)  (77.9565 , 6)  (67.1529 , 7)  (64.8776 , 9)  (61.8715 , 1)  (61.1768 , 5)  (48.3013 , 2)  (35.4429 , 8)  (28.5534 , 3)  
(88.2215 , 2)  (61.1644 , 3)  (59.9448 , 5)  (59.1532 , 1)  (54.4809 , 9)  (52.2509 , 6)  (51.5352 , 7)  (51.0934 , 4)  (43.5576 , 8)  
(97.7826 , 9)  (61.3773 , 6)  (59.2101 , 7)  (52.8992 , 2)  (51.2021 , 5)  (47.4683 , 1)  (45.4264 , 4)  (44.1675 , 8)  (39.1861 , 3)  
