 -------------------4608------------
(107.234 , 6)  (58.539 , 4)  (56.0549 , 7)  (49.7394 , 5)  (48.8382 , 1)  (47.5986 , 9)  (47.1132 , 8)  (47.1106 , 3)  (47.0408 , 2)  
(81.8139 , 3)  (71.986 , 5)  (59.4368 , 7)  (52.3734 , 2)  (51.789 , 4)  (51.4257 , 6)  (49.2102 , 1)  (45.2007 , 8)  (44.7745 , 9)  
(88.9516 , 7)  (74.4158 , 2)  (58.9421 , 6)  (53.8453 , 1)  (52.7049 , 8)  (50.3183 , 3)  (44.9547 , 9)  (42.0263 , 4)  (40.3473 , 5)  
(104.266 , 4)  (63.2237 , 9)  (60.8791 , 6)  (53.9416 , 2)  (52.9914 , 7)  (47.1816 , 5)  (47.0673 , 1)  (40.1374 , 3)  (36.9238 , 8)  
(96.2118 , 1)  (61.5054 , 7)  (61.4143 , 6)  (55.9112 , 5)  (53.2902 , 9)  (51.4796 , 2)  (48.9157 , 3)  (45.8419 , 4)  (43.485 , 8)  
(99.8489 , 5)  (63.1065 , 9)  (56.363 , 3)  (55.88 , 6)  (54.316 , 1)  (50.8606 , 7)  (43.0536 , 2)  (42.2785 , 8)  (35.1748 , 4)  
(93.6969 , 8)  (78.2858 , 3)  (66.6469 , 6)  (64.7866 , 2)  (58.3715 , 9)  (48.6423 , 1)  (48.5004 , 7)  (44.4777 , 4)  (26.5118 , 5)  
(93.874 , 2)  (68.2281 , 7)  (62.4126 , 6)  (56.6845 , 1)  (56.161 , 3)  (55.3821 , 4)  (51.1304 , 5)  (46.6826 , 9)  (40.0917 , 8)  
(93.3463 , 9)  (69.0102 , 7)  (60.6508 , 2)  (59.8719 , 6)  (58.6494 , 1)  (45.9812 , 5)  (43.9477 , 3)  (42.8245 , 8)  (33.3483 , 4)  
