 -------------------4361------------
(98.0681 , 9)  (61.098 , 7)  (59.391 , 2)  (57.8342 , 4)  (54.7572 , 6)  (49.8703 , 1)  (43.8478 , 5)  (43.3088 , 3)  (41.9084 , 8)  
(85.0345 , 7)  (63.0256 , 2)  (61.9606 , 8)  (60.7862 , 4)  (57.0688 , 1)  (51.0952 , 3)  (50.5469 , 9)  (43.9543 , 5)  (42.5419 , 6)  
(104.011 , 6)  (55.963 , 8)  (54.6687 , 2)  (53.92 , 3)  (52.577 , 9)  (48.5527 , 4)  (47.572 , 7)  (46.2493 , 1)  (42.0942 , 5)  
(81.3761 , 3)  (65.9927 , 8)  (61.5839 , 6)  (61.2368 , 7)  (55.9086 , 1)  (53.1418 , 9)  (51.2525 , 5)  (48.1612 , 2)  (43.0678 , 4)  
(98.689 , 4)  (66.6517 , 6)  (66.4953 , 9)  (59.084 , 7)  (54.5299 , 2)  (48.305 , 1)  (44.6025 , 8)  (41.4241 , 5)  (40.9736 , 3)  
(85.9916 , 8)  (67.3031 , 6)  (63.5961 , 3)  (59.059 , 7)  (53.9441 , 2)  (51.6007 , 4)  (45.6883 , 9)  (44.3184 , 1)  (40.4298 , 5)  
(71.3258 , 2)  (69.3583 , 1)  (64.324 , 7)  (61.4473 , 6)  (61.3248 , 5)  (56.9398 , 3)  (47.7173 , 8)  (45.8964 , 9)  (39.7176 , 4)  
(102.349 , 5)  (64.1676 , 6)  (59.0941 , 7)  (52.1695 , 9)  (51.1951 , 1)  (50.7211 , 2)  (48.5634 , 4)  (43.9228 , 8)  (40.4892 , 3)  
(102.257 , 1)  (65.5046 , 7)  (59.7794 , 9)  (58.7343 , 5)  (57.7533 , 6)  (57.2482 , 2)  (38.1882 , 3)  (36.9243 , 4)  (32.3669 , 8)  
