 -------------------1002------------
(102.648 , 1)  (62.2954 , 7)  (60.4657 , 2)  (58.3892 , 6)  (53.6785 , 5)  (51.5338 , 9)  (42.4899 , 4)  (39.1786 , 3)  (34.1384 , 8)  
(97.1889 , 6)  (70.1704 , 5)  (65.9859 , 2)  (63.1342 , 9)  (56.0843 , 1)  (49.2014 , 7)  (48.6387 , 8)  (43.894 , 4)  (35.1621 , 3)  
(102.185 , 9)  (56.6089 , 2)  (51.1652 , 7)  (51.1147 , 6)  (50.8528 , 5)  (49.7129 , 3)  (48.6854 , 4)  (48.4806 , 1)  (35.4297 , 8)  
(105.356 , 3)  (59.7095 , 6)  (55.9585 , 7)  (55.4883 , 8)  (52.0255 , 1)  (51.1347 , 9)  (44.9947 , 5)  (42.676 , 2)  (40.0315 , 4)  
(103.923 , 7)  (63.9112 , 6)  (63.0651 , 9)  (56.1646 , 1)  (50.7483 , 2)  (45.5252 , 5)  (39.161 , 4)  (39.1166 , 3)  (32.5802 , 8)  
(97.7221 , 2)  (62.7324 , 7)  (57.4289 , 6)  (55.0289 , 9)  (53.7002 , 8)  (51.0418 , 1)  (46.32 , 5)  (43.4389 , 4)  (36.1602 , 3)  
(92.3484 , 8)  (75.263 , 6)  (63.9994 , 7)  (60.0595 , 2)  (59.2817 , 9)  (58.7714 , 1)  (42.8511 , 3)  (39.8847 , 5)  (20.7237 , 4)  
(74.9046 , 4)  (71.3869 , 6)  (67.38 , 9)  (60.5281 , 7)  (58.3842 , 5)  (48.2545 , 1)  (47.0799 , 2)  (43.5808 , 3)  (42.5247 , 8)  
(95.8836 , 5)  (65.9653 , 6)  (63.7881 , 7)  (54.1751 , 9)  (51.6038 , 1)  (49.6142 , 3)  (40.8048 , 8)  (40.6122 , 2)  (32.9106 , 4)  
