 -------------------3165------------
(103.362 , 6)  (63.8626 , 4)  (59.5603 , 2)  (54.4068 , 9)  (51.6951 , 8)  (50.1341 , 7)  (49.269 , 5)  (45.8606 , 1)  (44.2009 , 3)  
(93.0401 , 3)  (60.5995 , 7)  (58.357 , 5)  (55.0426 , 2)  (53.122 , 4)  (51.5745 , 6)  (50.9403 , 8)  (42.2354 , 1)  (38.376 , 9)  
(105.135 , 7)  (55.7021 , 9)  (51.4994 , 6)  (51.3654 , 2)  (50.5662 , 3)  (49.2903 , 8)  (48.9695 , 4)  (48.2318 , 1)  (45.7737 , 5)  
(105.172 , 1)  (61.9918 , 7)  (60.4769 , 6)  (59.1655 , 5)  (57.6949 , 9)  (51.829 , 2)  (40.427 , 4)  (37.4418 , 3)  (32.634 , 8)  
(80.4496 , 2)  (77.5249 , 4)  (65.6021 , 6)  (65.5308 , 1)  (57.891 , 5)  (54.3702 , 7)  (49.669 , 9)  (38.3534 , 3)  (32.0476 , 8)  
(103.427 , 8)  (59.3214 , 6)  (58.2867 , 9)  (51.5817 , 5)  (49.702 , 7)  (48.3834 , 2)  (42.6948 , 1)  (42.283 , 3)  (39.2686 , 4)  
(84.0655 , 4)  (66.4665 , 6)  (66.0556 , 9)  (60.2276 , 7)  (54.867 , 1)  (52.9117 , 2)  (48.4331 , 3)  (44.8017 , 5)  (35.4524 , 8)  
(93.6539 , 9)  (62.9923 , 6)  (60.1564 , 7)  (59.0535 , 1)  (54.4059 , 2)  (48.7367 , 5)  (44.7298 , 3)  (39.5862 , 4)  (37.0297 , 8)  
(96.5759 , 5)  (62.7766 , 6)  (59.6089 , 9)  (57.4008 , 2)  (55.4373 , 1)  (52.1253 , 8)  (47.6061 , 7)  (41.1498 , 3)  (31.2457 , 4)  
