 -------------------4561------------
(96.3758 , 9)  (58.9089 , 4)  (57.1799 , 7)  (52.3583 , 6)  (50.0492 , 8)  (48.6426 , 2)  (48.3241 , 3)  (45.7697 , 1)  (45.1064 , 5)  
(102.246 , 1)  (58.6127 , 8)  (57.1095 , 6)  (52.1112 , 2)  (49.0902 , 7)  (48.3892 , 3)  (47.452 , 5)  (44.9104 , 9)  (43.6637 , 4)  
(93.5601 , 8)  (83.5783 , 5)  (59.9479 , 2)  (57.786 , 7)  (54.2733 , 6)  (47.646 , 1)  (42.361 , 4)  (41.8573 , 9)  (32.3094 , 3)  
(106.233 , 7)  (60.0923 , 6)  (55.8773 , 9)  (53.1834 , 2)  (52.9483 , 1)  (52.5511 , 5)  (47.1789 , 4)  (42.7856 , 3)  (34.4852 , 8)  
(96.0539 , 2)  (68.7371 , 1)  (58.4226 , 7)  (56.4749 , 8)  (55.0694 , 6)  (48.2092 , 9)  (45.6546 , 3)  (43.235 , 5)  (36.7218 , 4)  
(107.269 , 6)  (59.8109 , 7)  (55.6776 , 5)  (53.3473 , 3)  (50.0561 , 9)  (48.778 , 1)  (48.2319 , 8)  (44.3417 , 4)  (44.1269 , 2)  
(103.91 , 3)  (59.653 , 6)  (56.4167 , 9)  (52.2626 , 5)  (52.0513 , 7)  (51.0816 , 1)  (49.5582 , 2)  (40.036 , 4)  (36.9864 , 8)  
(102.307 , 4)  (67.2098 , 6)  (56.6716 , 5)  (55.9754 , 7)  (54.3827 , 2)  (52.4034 , 1)  (49.2181 , 9)  (44.4943 , 8)  (34.6857 , 3)  
(99.1701 , 5)  (67.4088 , 9)  (58.373 , 7)  (55.4392 , 6)  (51.9176 , 2)  (48.2311 , 3)  (47.5136 , 8)  (47.0351 , 1)  (39.9503 , 4)  
