 -------------------1062------------
(99.4198 , 2)  (64.3975 , 1)  (63.2419 , 3)  (58.2227 , 6)  (54.8263 , 9)  (48.1771 , 7)  (42.8617 , 5)  (41.5606 , 8)  (40.1643 , 4)  
(72.9881 , 3)  (72.2506 , 7)  (59.8052 , 2)  (55.6389 , 6)  (54.1966 , 5)  (52.2438 , 9)  (47.7495 , 8)  (46.5652 , 1)  (39.4397 , 4)  
(101.695 , 1)  (62.3105 , 6)  (60.6714 , 7)  (56.4251 , 5)  (54.6137 , 9)  (53.713 , 2)  (43.1865 , 4)  (41.1213 , 3)  (34.9696 , 8)  
(88.7318 , 4)  (65.2375 , 2)  (62.3304 , 8)  (62.2133 , 7)  (60.9548 , 5)  (56.6407 , 1)  (55.9015 , 6)  (39.3223 , 3)  (37.1303 , 9)  
(97.1946 , 7)  (60.5959 , 2)  (59.1314 , 9)  (58.1069 , 6)  (54.9636 , 5)  (50.7849 , 1)  (48.3508 , 8)  (33.9253 , 4)  (32.0563 , 3)  
(98.2643 , 5)  (62.9951 , 6)  (58.5127 , 7)  (56.5497 , 9)  (53.8355 , 2)  (49.3963 , 3)  (48.1227 , 1)  (44.6647 , 8)  (28.5292 , 4)  
(75.616 , 8)  (75.0769 , 1)  (71.5835 , 7)  (65.9818 , 6)  (63.2789 , 9)  (54.7107 , 3)  (52.1121 , 2)  (44.7599 , 5)  (20.0473 , 4)  
(101.192 , 9)  (65.7078 , 6)  (56.6043 , 2)  (54.1892 , 1)  (50.7096 , 5)  (49.2173 , 7)  (41.8784 , 4)  (40.4742 , 8)  (35.6012 , 3)  
(92.8433 , 6)  (62.7353 , 2)  (60.6699 , 1)  (58.1464 , 7)  (56.3195 , 5)  (47.7327 , 9)  (44.4234 , 8)  (42.5389 , 4)  (38.8657 , 3)  
