 -------------------4446------------
(99.12 , 3)  (61.6823 , 7)  (60.6438 , 9)  (52.656 , 6)  (51.1068 , 1)  (48.1332 , 2)  (47.0794 , 4)  (45.1534 , 5)  (41.3428 , 8)  
(104.634 , 8)  (56.4724 , 3)  (52.518 , 6)  (51.5518 , 4)  (50.5768 , 7)  (50.2313 , 1)  (49.3166 , 9)  (46.286 , 5)  (44.6313 , 2)  
(84.2158 , 9)  (69.0977 , 3)  (59.6304 , 5)  (55.4466 , 8)  (48.0098 , 1)  (47.9259 , 2)  (47.1418 , 4)  (44.111 , 7)  (43.3826 , 6)  
(105.512 , 6)  (56.9453 , 9)  (55.8964 , 1)  (54.2086 , 3)  (52.712 , 7)  (47.6842 , 5)  (46.0838 , 8)  (45.6715 , 2)  (44.2035 , 4)  
(100.226 , 4)  (59.0482 , 6)  (58.7104 , 1)  (56.2112 , 2)  (52.0655 , 9)  (48.687 , 7)  (45.5171 , 3)  (44.8405 , 8)  (44.3508 , 5)  
(103.178 , 1)  (63.9128 , 7)  (58.9348 , 6)  (52.5845 , 5)  (48.9198 , 3)  (47.4421 , 9)  (46.8978 , 2)  (44.1505 , 8)  (43.7284 , 4)  
(97.8196 , 5)  (59.6737 , 9)  (58.9067 , 7)  (58.315 , 6)  (57.3385 , 2)  (48.2945 , 8)  (48.2532 , 1)  (43.0619 , 3)  (34.8336 , 4)  
(92.5318 , 7)  (54.8338 , 6)  (53.668 , 9)  (52.8085 , 2)  (51.4944 , 8)  (50.281 , 1)  (50.0714 , 3)  (45.864 , 5)  (43.3716 , 4)  
(106.876 , 2)  (60.2366 , 7)  (53.5952 , 5)  (50.7682 , 6)  (49.9536 , 9)  (45.7287 , 1)  (44.2616 , 4)  (43.9705 , 3)  (42.5947 , 8)  
