 -------------------3920------------
(96.2275 , 5)  (70.8659 , 6)  (58.1663 , 7)  (51.7558 , 1)  (49.7285 , 9)  (49.5438 , 3)  (49.1962 , 2)  (43.2802 , 8)  (31.3369 , 4)  
(99.1457 , 4)  (63.7524 , 9)  (59.138 , 2)  (58.4719 , 6)  (54.1764 , 7)  (52.9908 , 5)  (52.1535 , 1)  (39.9731 , 8)  (37.4293 , 3)  
(107.075 , 6)  (61.2108 , 5)  (60.0844 , 9)  (51.3815 , 2)  (49.4723 , 7)  (46.1462 , 8)  (45.3245 , 1)  (37.4237 , 4)  (35.414 , 3)  
(101.544 , 1)  (67.7324 , 6)  (65.5601 , 2)  (62.7958 , 5)  (61.4153 , 7)  (57.9531 , 9)  (39.0813 , 3)  (29.1887 , 4)  (25.6841 , 8)  
(102.687 , 2)  (65.8377 , 9)  (64.7855 , 6)  (61.1722 , 7)  (50.2617 , 1)  (49.9935 , 8)  (42.2471 , 3)  (42.0082 , 4)  (38.71 , 5)  
(105.007 , 7)  (66.0983 , 6)  (59.2499 , 9)  (56.6779 , 2)  (55.8493 , 1)  (55.6094 , 5)  (37.3435 , 8)  (36.9583 , 4)  (33.1465 , 3)  
(93.4002 , 9)  (66.5399 , 2)  (62.898 , 6)  (56.7879 , 7)  (56.071 , 1)  (48.2722 , 5)  (46.9157 , 3)  (42.3558 , 8)  (40.9824 , 4)  
(93.1282 , 8)  (77.5337 , 6)  (74.8296 , 7)  (56.6109 , 2)  (54.8531 , 9)  (54.1425 , 3)  (45.096 , 1)  (41.217 , 4)  (31.7926 , 5)  
(85.808 , 3)  (66.0627 , 7)  (64.621 , 6)  (63.5488 , 2)  (59.8313 , 1)  (50.8422 , 9)  (48.3205 , 5)  (45.1385 , 8)  (32.9193 , 4)  
