 -------------------841------------
(96.5024 , 7)  (64.2937 , 9)  (63.26 , 2)  (57.238 , 1)  (56.4326 , 6)  (48.4899 , 5)  (44.2121 , 4)  (42.9878 , 3)  (37.2672 , 8)  
(99.6206 , 5)  (65.9098 , 8)  (53.7113 , 7)  (53.4523 , 2)  (53.3765 , 6)  (52.9388 , 1)  (50.3123 , 9)  (44.1451 , 3)  (42.1848 , 4)  
(93.6232 , 3)  (70.3744 , 2)  (54.5792 , 9)  (54.2612 , 7)  (53.74 , 1)  (53.7163 , 5)  (52.8349 , 6)  (50.5195 , 4)  (28.0008 , 8)  
(99.2168 , 9)  (62.6116 , 6)  (56.0216 , 1)  (52.6503 , 5)  (51.1601 , 2)  (50.0529 , 7)  (46.1015 , 3)  (44.8887 , 4)  (36.6076 , 8)  
(95.947 , 1)  (68.5884 , 2)  (63.9409 , 6)  (62.1841 , 5)  (52.5453 , 7)  (51.2747 , 9)  (42.2927 , 4)  (35.272 , 8)  (33.7967 , 3)  
(102.956 , 2)  (67.5482 , 6)  (56.1409 , 9)  (51.7233 , 1)  (46.9648 , 7)  (46.0273 , 3)  (46.0207 , 5)  (45.9634 , 8)  (37.8754 , 4)  
(94.9787 , 4)  (78.8758 , 6)  (65.3073 , 7)  (55.8325 , 5)  (55.6939 , 9)  (55.3048 , 2)  (50.3327 , 1)  (41.2143 , 8)  (29.3339 , 3)  
(106.673 , 6)  (55.5609 , 5)  (55.3561 , 7)  (54.3255 , 1)  (52.4944 , 9)  (46.661 , 2)  (45.0154 , 4)  (43.5504 , 3)  (42.2079 , 8)  
(92.8221 , 8)  (73.5939 , 2)  (64.5519 , 6)  (61.4186 , 9)  (51.5916 , 7)  (51.1452 , 1)  (46.2536 , 5)  (42.8387 , 3)  (37.9351 , 4)  
