 -------------------1128------------
(94.8954 , 2)  (59.925 , 8)  (55.5328 , 1)  (53.1439 , 7)  (51.735 , 6)  (49.4693 , 4)  (48.9966 , 9)  (46.6526 , 5)  (43.1016 , 3)  
(83.4023 , 4)  (65.8475 , 7)  (61.8242 , 6)  (54.286 , 9)  (51.6685 , 2)  (51.5417 , 8)  (50.803 , 1)  (49.879 , 5)  (39.7836 , 3)  
(94.3614 , 8)  (60.1586 , 6)  (55.8884 , 9)  (55.41 , 7)  (54.4026 , 3)  (54.2245 , 5)  (47.0385 , 2)  (43.97 , 1)  (42.3762 , 4)  
(93.8363 , 7)  (76.5106 , 2)  (62.2909 , 4)  (60.0547 , 9)  (56.8438 , 6)  (54.7531 , 5)  (42.6877 , 8)  (41.4794 , 1)  (39.3982 , 3)  
(102.811 , 6)  (65.0311 , 5)  (60.2122 , 2)  (55.2438 , 1)  (55.0679 , 9)  (49.1441 , 7)  (37.9799 , 4)  (37.6425 , 3)  (32.2141 , 8)  
(95.7613 , 5)  (73.1644 , 2)  (55.5099 , 9)  (54.4827 , 4)  (54.4722 , 8)  (54.0331 , 1)  (50.4346 , 7)  (36.4528 , 6)  (28.1016 , 3)  
(89.6243 , 9)  (65.824 , 7)  (65.3016 , 6)  (55.6098 , 2)  (54.6661 , 1)  (51.3076 , 3)  (43.5328 , 5)  (41.5471 , 4)  (39.6012 , 8)  
(100.486 , 1)  (65.3607 , 7)  (56.2939 , 5)  (56.1566 , 6)  (49.337 , 2)  (48.701 , 9)  (45.7249 , 3)  (40.7619 , 8)  (39.0328 , 4)  
(89.4856 , 3)  (66.7569 , 7)  (64.7346 , 6)  (61.8414 , 8)  (55.6237 , 2)  (51.4588 , 5)  (42.1105 , 9)  (41.2714 , 4)  (35.577 , 1)  
