 -------------------1136------------
(93.9529 , 2)  (57.887 , 1)  (54.1145 , 7)  (53.7573 , 8)  (53.1959 , 6)  (53.0776 , 9)  (47.4909 , 5)  (46.369 , 4)  (42.6596 , 3)  
(88.2368 , 4)  (66.8523 , 6)  (60.9249 , 7)  (53.8727 , 5)  (52.8779 , 2)  (52.4706 , 1)  (51.8341 , 9)  (48.6353 , 8)  (40.3275 , 3)  
(95.0301 , 8)  (59.8164 , 6)  (57.3957 , 7)  (56.1646 , 9)  (51.6145 , 5)  (48.1432 , 2)  (47.4389 , 1)  (47.3244 , 3)  (46.1861 , 4)  
(96.0341 , 7)  (76.4254 , 2)  (63.9566 , 9)  (56.7498 , 6)  (55.6255 , 4)  (50.3551 , 5)  (49.8924 , 8)  (42.8131 , 1)  (36.1553 , 3)  
(103.557 , 6)  (64.5323 , 5)  (57.6508 , 2)  (56.1858 , 1)  (55.4108 , 9)  (48.8824 , 7)  (38.9953 , 4)  (37.3703 , 3)  (31.0453 , 8)  
(93.3878 , 5)  (68.2948 , 2)  (60.0149 , 7)  (53.4131 , 1)  (52.1679 , 9)  (51.6746 , 4)  (48.4629 , 8)  (45.2061 , 6)  (31.7588 , 3)  
(91.5958 , 9)  (67.603 , 6)  (64.512 , 7)  (52.2363 , 2)  (50.3004 , 1)  (49.2825 , 3)  (47.5115 , 5)  (41.8299 , 4)  (38.3107 , 8)  
(100.504 , 1)  (59.8057 , 7)  (56.2609 , 5)  (55.5166 , 6)  (52.7329 , 3)  (49.3699 , 2)  (46.1701 , 9)  (41.3767 , 8)  (36.6574 , 4)  
(89.3368 , 3)  (64.8738 , 7)  (64.7556 , 6)  (62.9645 , 8)  (59.122 , 2)  (49.7239 , 5)  (42.3271 , 9)  (41.7892 , 4)  (35.3565 , 1)  
