 -------------------650------------
(101.605 , 3)  (56.4112 , 7)  (51.693 , 4)  (51.6671 , 5)  (48.9556 , 8)  (47.6185 , 6)  (46.8212 , 2)  (45.5789 , 9)  (45.1869 , 1)  
(86.7105 , 5)  (72.8494 , 7)  (62.4507 , 6)  (51.7465 , 3)  (50.7688 , 8)  (48.0477 , 1)  (47.2508 , 9)  (44.6758 , 4)  (44.252 , 2)  
(102.606 , 8)  (57.1697 , 1)  (54.9011 , 2)  (54.4475 , 6)  (54.3161 , 9)  (48.2913 , 7)  (45.4269 , 5)  (45.3387 , 4)  (40.0713 , 3)  
(94.7669 , 2)  (62.1226 , 6)  (60.6569 , 3)  (53.7295 , 1)  (52.7654 , 4)  (52.7134 , 7)  (52.6787 , 8)  (46.919 , 5)  (38.407 , 9)  
(97.7813 , 6)  (61.831 , 7)  (60.3772 , 9)  (58.7355 , 2)  (55.6377 , 5)  (55.3168 , 8)  (49.9078 , 3)  (37.4823 , 4)  (37.1255 , 1)  
(103.655 , 1)  (62.885 , 7)  (58.8776 , 2)  (54.8514 , 9)  (53.7167 , 5)  (50.3592 , 6)  (39.1583 , 3)  (37.557 , 4)  (36.906 , 8)  
(90.2963 , 7)  (76.4044 , 9)  (67.9074 , 6)  (58.4331 , 2)  (56.9311 , 1)  (56.3173 , 5)  (40.2064 , 8)  (36.3878 , 3)  (29.2295 , 4)  
(90.7792 , 9)  (77.6819 , 7)  (61.7215 , 2)  (60.6363 , 6)  (55.6692 , 1)  (50.1424 , 5)  (47.397 , 3)  (37.793 , 8)  (34.5404 , 4)  
(102.736 , 4)  (62.7587 , 6)  (54.1647 , 9)  (53.489 , 7)  (51.4558 , 1)  (50.6655 , 5)  (49.9289 , 2)  (48.9536 , 3)  (34.8602 , 8)  
