 -------------------1322------------
(81.9142 , 9)  (71.2895 , 8)  (67.9137 , 5)  (62.5342 , 1)  (50.589 , 2)  (49.7727 , 7)  (48.3821 , 3)  (47.2781 , 6)  (46.5218 , 4)  
(103.911 , 1)  (57.311 , 6)  (53.4153 , 7)  (52.4155 , 8)  (51.2382 , 4)  (51.0168 , 3)  (47.6784 , 9)  (46.5582 , 5)  (44.4794 , 2)  
(91.1084 , 3)  (64.5592 , 7)  (57.992 , 9)  (54.6945 , 6)  (54.5373 , 1)  (53.9914 , 4)  (49.9801 , 2)  (48.0543 , 5)  (40.1706 , 8)  
(107.228 , 8)  (58.0609 , 7)  (53.8631 , 6)  (52.8403 , 1)  (51.4545 , 4)  (51.1712 , 3)  (44.2887 , 2)  (44.1552 , 5)  (42.8201 , 9)  
(101.532 , 5)  (61.7333 , 9)  (52.0806 , 2)  (50.8722 , 1)  (50.1035 , 3)  (48.3092 , 6)  (47.2642 , 4)  (46.998 , 8)  (44.9985 , 7)  
(94.1003 , 2)  (71.0032 , 3)  (62.5281 , 7)  (55.5393 , 8)  (53.488 , 1)  (52.2035 , 4)  (41.5508 , 6)  (40.5929 , 5)  (35.599 , 9)  
(89.2219 , 4)  (63.8866 , 6)  (59.8749 , 9)  (54.9017 , 1)  (53.1449 , 2)  (51.8353 , 8)  (48.8055 , 7)  (46.6839 , 5)  (41.7297 , 3)  
(104.77 , 6)  (52.5477 , 7)  (51.9223 , 4)  (51.2561 , 2)  (51.2518 , 5)  (50.184 , 1)  (50.1084 , 8)  (46.7886 , 9)  (46.3264 , 3)  
(97.5107 , 7)  (71.5828 , 2)  (63.9012 , 1)  (63.8217 , 9)  (53.9606 , 6)  (47.0446 , 8)  (45.7295 , 5)  (40.9987 , 4)  (39.2368 , 3)  
