 -------------------4996------------
(96.0235 , 5)  (69.0159 , 6)  (63.8196 , 2)  (60.9273 , 9)  (56.0561 , 7)  (48.4993 , 1)  (41.4792 , 3)  (33.8277 , 8)  (32.4104 , 4)  
(84.7607 , 2)  (79.0562 , 9)  (68.9033 , 6)  (63.3876 , 7)  (52.4258 , 3)  (46.2141 , 8)  (44.4612 , 4)  (39.7808 , 1)  (39.0922 , 5)  
(81.4227 , 4)  (66.7116 , 2)  (65.6295 , 6)  (63.1159 , 1)  (59.6842 , 9)  (57.2108 , 5)  (50.6047 , 7)  (41.8256 , 3)  (26.1831 , 8)  
(79.5338 , 8)  (73.0206 , 6)  (67.575 , 9)  (66.225 , 2)  (59.8833 , 1)  (54.7048 , 7)  (53.684 , 5)  (40.1972 , 3)  (21.3648 , 4)  
(106.683 , 7)  (75.4536 , 6)  (57.6787 , 9)  (57.2861 , 1)  (55.2275 , 5)  (55.0787 , 2)  (33.692 , 8)  (33.0911 , 3)  (26.1885 , 4)  
(95.8112 , 9)  (75.8733 , 6)  (69.7359 , 7)  (59.0918 , 2)  (56.4713 , 1)  (46.3697 , 3)  (45.8014 , 5)  (31.3404 , 8)  (29.2593 , 4)  
(104.024 , 6)  (72.9702 , 5)  (61.3164 , 9)  (51.4585 , 2)  (51.0348 , 7)  (50.2565 , 3)  (39.1284 , 1)  (38.4164 , 4)  (38.0803 , 8)  
(89.6535 , 3)  (73.3455 , 6)  (67.0922 , 9)  (62.2653 , 1)  (57.1965 , 5)  (56.4105 , 7)  (55.6193 , 2)  (23.9448 , 8)  (21.37 , 4)  
(98.7456 , 1)  (75.6198 , 6)  (70.743 , 9)  (65.5441 , 7)  (65.3379 , 5)  (63.5572 , 2)  (41.6249 , 3)  (19.0632 , 8)  (10.425 , 4)  
