 -------------------191------------
(94.2307 , 2)  (74.4222 , 8)  (61.9632 , 7)  (50.6847 , 3)  (50.5193 , 5)  (50.071 , 9)  (46.8452 , 1)  (44.792 , 4)  (41.2157 , 6)  
(105.842 , 5)  (58.8303 , 8)  (55.081 , 2)  (50.9304 , 4)  (49.7471 , 7)  (49.5613 , 1)  (49.0143 , 9)  (43.0905 , 6)  (37.78 , 3)  
(106.063 , 6)  (57.8918 , 5)  (51.646 , 4)  (49.9025 , 7)  (49.6401 , 3)  (48.7871 , 9)  (48.534 , 2)  (47.5632 , 8)  (38.9341 , 1)  
(94.7715 , 1)  (67.1144 , 8)  (55.1948 , 2)  (52.4137 , 7)  (49.6797 , 5)  (49.6712 , 9)  (49.6392 , 3)  (48.2944 , 6)  (42.4778 , 4)  
(100.171 , 7)  (67.0064 , 9)  (61.01 , 6)  (59.2492 , 1)  (55.8003 , 2)  (45.7652 , 5)  (39.3935 , 3)  (38.8325 , 8)  (33.2934 , 4)  
(76.4744 , 4)  (72.4441 , 9)  (64.422 , 1)  (59.6685 , 6)  (50.9781 , 2)  (48.8992 , 3)  (45.9645 , 5)  (39.868 , 8)  (38.1468 , 7)  
(88.8135 , 9)  (63.198 , 5)  (59.7652 , 6)  (56.3881 , 3)  (51.7067 , 2)  (51.1455 , 4)  (48.3196 , 8)  (46.6413 , 1)  (44.2391 , 7)  
(100.948 , 3)  (62.6632 , 6)  (61.3507 , 7)  (56.6668 , 5)  (48.199 , 8)  (47.8749 , 1)  (45.7806 , 2)  (42.1163 , 4)  (41.5727 , 9)  
(103.299 , 8)  (60.6065 , 7)  (56.8833 , 2)  (54.6509 , 4)  (54.178 , 6)  (49.362 , 5)  (46.0216 , 1)  (37.3586 , 9)  (36.3319 , 3)  
