 -------------------1133------------
(94.0194 , 2)  (58.4769 , 1)  (55.0418 , 8)  (54.9622 , 7)  (54.7844 , 6)  (51.7714 , 9)  (51.2058 , 5)  (44.0255 , 4)  (40.746 , 3)  
(85.8262 , 4)  (66.0765 , 6)  (61.8095 , 2)  (60.1013 , 7)  (56.3191 , 1)  (55.346 , 5)  (53.7311 , 9)  (43.7974 , 8)  (37.4961 , 3)  
(93.4052 , 8)  (59.2605 , 6)  (58.0311 , 7)  (53.579 , 5)  (53.341 , 9)  (49.2157 , 3)  (48.8928 , 4)  (48.4571 , 2)  (45.3442 , 1)  
(91.9784 , 7)  (76.5381 , 2)  (68.56 , 4)  (63.1335 , 9)  (54.906 , 6)  (51.2517 , 5)  (43.1636 , 3)  (41.703 , 8)  (39.3271 , 1)  
(104.972 , 6)  (60.0119 , 5)  (54.1677 , 1)  (50.4703 , 7)  (49.1094 , 9)  (48.6778 , 3)  (48.4752 , 2)  (45.6402 , 4)  (35.4981 , 8)  
(93.2254 , 5)  (63.5494 , 7)  (62.4335 , 2)  (52.1904 , 1)  (51.5144 , 4)  (50.8436 , 8)  (48.9133 , 6)  (40.9287 , 9)  (34.917 , 3)  
(89.2541 , 9)  (64.0512 , 7)  (63.7051 , 6)  (54.045 , 2)  (51.0211 , 3)  (50.2676 , 4)  (48.2028 , 1)  (47.8417 , 5)  (39.4176 , 8)  
(100.888 , 1)  (60.5021 , 7)  (57.7305 , 6)  (56.9545 , 5)  (50.8853 , 2)  (48.0279 , 3)  (45.4445 , 9)  (41.0369 , 8)  (40.9672 , 4)  
(91.9864 , 3)  (65.8055 , 7)  (63.4971 , 6)  (57.1244 , 8)  (55.6987 , 2)  (51.1042 , 5)  (44.4195 , 9)  (42.1302 , 4)  (36.2751 , 1)  
