 -------------------3347------------
(75.6259 , 2)  (61.3908 , 7)  (60.7291 , 5)  (53.8541 , 8)  (53.1585 , 3)  (51.198 , 1)  (47.6447 , 4)  (46.1799 , 9)  (44.7456 , 6)  
(104.039 , 1)  (67.1427 , 7)  (51.9416 , 5)  (50.8303 , 6)  (50.1254 , 2)  (49.4032 , 4)  (45.9521 , 9)  (42.488 , 8)  (40.6495 , 3)  
(72.8134 , 6)  (69.8425 , 5)  (58.3259 , 9)  (53.6916 , 8)  (51.7977 , 1)  (49.786 , 3)  (48.6917 , 4)  (46.2373 , 2)  (44.5231 , 7)  
(103.549 , 5)  (69.1878 , 7)  (56.8633 , 4)  (53.1575 , 1)  (52.085 , 8)  (51.6745 , 2)  (46.7951 , 6)  (43.6519 , 3)  (29.3355 , 9)  
(103.913 , 7)  (68.3755 , 6)  (58.7418 , 1)  (58.5366 , 9)  (57.8214 , 5)  (50.9384 , 2)  (45.4689 , 3)  (38.4652 , 4)  (32.5896 , 8)  
(96.3974 , 9)  (55.4995 , 2)  (54.634 , 6)  (54.5534 , 7)  (52.2233 , 3)  (48.0893 , 1)  (47.7233 , 4)  (47.0172 , 5)  (40.2383 , 8)  
(93.7812 , 4)  (71.9644 , 2)  (66.1087 , 6)  (62.9861 , 1)  (52.9999 , 9)  (46.1654 , 7)  (45.0485 , 5)  (40.4315 , 8)  (29.7503 , 3)  
(92.2211 , 8)  (71.9523 , 9)  (64.8113 , 2)  (57.3619 , 1)  (55.849 , 6)  (54.3485 , 7)  (45.0836 , 5)  (40.8655 , 3)  (29.7907 , 4)  
(100.354 , 3)  (61.0764 , 7)  (56.3364 , 2)  (55.2215 , 6)  (53.5932 , 9)  (50.6136 , 8)  (48.8754 , 1)  (48.5311 , 4)  (44.2823 , 5)  
