 -------------------724------------
(105.067 , 2)  (60.1475 , 7)  (55.5588 , 9)  (53.5559 , 6)  (48.4811 , 8)  (46.4374 , 4)  (43.6712 , 1)  (43.6299 , 5)  (41.5486 , 3)  
(103.845 , 9)  (59.1827 , 6)  (56.4979 , 2)  (49.4087 , 7)  (48.162 , 1)  (46.2598 , 8)  (44.3189 , 4)  (42.6745 , 5)  (41.2797 , 3)  
(79.7108 , 8)  (75.2416 , 3)  (63.2081 , 9)  (58.7682 , 7)  (56.072 , 6)  (51.267 , 4)  (46.6461 , 5)  (45.3354 , 1)  (44.889 , 2)  
(101.198 , 4)  (65.1224 , 2)  (58.8294 , 6)  (57.8174 , 5)  (55.9179 , 1)  (54.9033 , 7)  (50.1973 , 8)  (46.2943 , 3)  (31.5786 , 9)  
(101.971 , 6)  (64.7992 , 5)  (59.6943 , 4)  (58.7071 , 2)  (56.2441 , 7)  (47.5739 , 3)  (41.5011 , 1)  (40.877 , 9)  (40.514 , 8)  
(94.5973 , 7)  (60.2981 , 6)  (59.6158 , 2)  (54.1045 , 3)  (53.7792 , 4)  (51.5157 , 5)  (48.225 , 8)  (46.8276 , 1)  (39.9071 , 9)  
(100.748 , 3)  (61.3734 , 6)  (56.6806 , 9)  (52.6584 , 1)  (52.3165 , 7)  (51.9622 , 2)  (41.1396 , 8)  (38.2593 , 5)  (37.0658 , 4)  
(89.8196 , 5)  (72.6425 , 7)  (67.7441 , 6)  (57.8646 , 2)  (55.7973 , 3)  (54.754 , 8)  (48.9477 , 1)  (44.169 , 9)  (32.0724 , 4)  
(98.6721 , 1)  (65.9666 , 2)  (62.6215 , 9)  (59.6614 , 7)  (56.1345 , 5)  (54.4918 , 6)  (36.1619 , 3)  (36.1219 , 8)  (30.3385 , 4)  
