 -------------------287------------
(103.669 , 4)  (61.0961 , 9)  (54.9953 , 6)  (51.3463 , 2)  (51.0542 , 7)  (50.3183 , 1)  (50.1658 , 8)  (49.27 , 3)  (43.8254 , 5)  
(96.4268 , 5)  (80.1548 , 8)  (58.8506 , 6)  (53.4346 , 7)  (51.0751 , 2)  (43.1132 , 1)  (42.8952 , 9)  (40.6797 , 4)  (38.8126 , 3)  
(99.7304 , 6)  (67.4472 , 5)  (57.1675 , 1)  (53.8393 , 2)  (50.7374 , 9)  (49.0608 , 7)  (46.0105 , 8)  (43.952 , 4)  (31.7037 , 3)  
(94.3788 , 8)  (58.9349 , 1)  (58.7606 , 2)  (58.3602 , 9)  (52.1514 , 5)  (51.7663 , 7)  (51.7557 , 6)  (47.535 , 3)  (45.3894 , 4)  
(97.1482 , 2)  (74.1235 , 3)  (63.3005 , 7)  (57.6709 , 6)  (57.6579 , 4)  (54.6034 , 9)  (44.8456 , 8)  (36.8656 , 1)  (29.0138 , 5)  
(83.4057 , 3)  (63.2803 , 2)  (61.7561 , 7)  (59.6383 , 4)  (59.1488 , 8)  (56.0702 , 5)  (55.1997 , 6)  (46.946 , 1)  (41.5777 , 9)  
(84.4311 , 9)  (59.4495 , 1)  (59.3827 , 7)  (52.4472 , 6)  (51.6787 , 3)  (50.8917 , 5)  (50.2433 , 4)  (47.8193 , 8)  (47.7571 , 2)  
(98.878 , 1)  (72.2583 , 6)  (60.1439 , 2)  (57.1214 , 5)  (53.8899 , 7)  (46.8441 , 4)  (44.072 , 8)  (42.8755 , 9)  (39.4149 , 3)  
(82.4359 , 7)  (70.025 , 2)  (59.6712 , 4)  (59.556 , 5)  (53.0552 , 3)  (49.412 , 1)  (48.145 , 9)  (47.2751 , 6)  (34.2996 , 8)  
