 -------------------4428------------
(97.9738 , 3)  (66.4222 , 7)  (55.3732 , 9)  (54.9619 , 6)  (49.8675 , 1)  (49.7645 , 8)  (49.6095 , 5)  (43.7679 , 4)  (43.636 , 2)  
(104.273 , 8)  (57.3871 , 3)  (54.9187 , 7)  (53.3886 , 6)  (49.5379 , 9)  (48.4638 , 1)  (48.3424 , 4)  (45.3196 , 2)  (44.9042 , 5)  
(85.035 , 9)  (70.3038 , 3)  (59.8046 , 5)  (50.619 , 8)  (49.4523 , 2)  (49.3266 , 1)  (47.6925 , 6)  (43.0766 , 7)  (43.0461 , 4)  
(105.887 , 6)  (56.7375 , 9)  (54.6887 , 3)  (52.5269 , 7)  (52.3572 , 1)  (49.5117 , 2)  (48.059 , 4)  (47.2033 , 5)  (42.391 , 8)  
(101.897 , 4)  (62.1411 , 2)  (60.6209 , 6)  (57.6012 , 1)  (55.1394 , 9)  (45.82 , 5)  (45.6215 , 7)  (45.0677 , 3)  (38.1565 , 8)  
(100.444 , 1)  (68.1344 , 7)  (65.9418 , 6)  (56.5838 , 5)  (50.987 , 9)  (49.3506 , 2)  (44.6673 , 3)  (40.5271 , 4)  (36.1971 , 8)  
(96.4435 , 5)  (65.2002 , 6)  (59.6877 , 2)  (59.2345 , 9)  (54.9918 , 7)  (47.6963 , 1)  (46.5536 , 8)  (41.8602 , 3)  (29.1808 , 4)  
(89.4883 , 7)  (62.9743 , 6)  (60.662 , 9)  (58.7947 , 2)  (52.0458 , 1)  (50.3795 , 3)  (49.4664 , 8)  (41.1633 , 5)  (31.733 , 4)  
(105.951 , 2)  (59.2661 , 7)  (54.8667 , 5)  (51.6757 , 9)  (51.5092 , 6)  (51.4597 , 3)  (48.1372 , 1)  (40.9436 , 4)  (38.9162 , 8)  
