 -------------------664------------
(102.22 , 3)  (56.283 , 7)  (51.2964 , 4)  (50.6447 , 5)  (48.7245 , 2)  (47.3875 , 8)  (47.2231 , 6)  (46.2508 , 9)  (44.8169 , 1)  
(94.7221 , 5)  (68.8707 , 7)  (57.7708 , 6)  (55.0207 , 9)  (51.6435 , 2)  (47.2706 , 1)  (46.3361 , 3)  (44.2518 , 4)  (43.3905 , 8)  
(103.008 , 8)  (57.8459 , 1)  (55.6552 , 6)  (54.6746 , 2)  (54.5696 , 9)  (47.146 , 7)  (45.9945 , 4)  (44.1446 , 5)  (41.2246 , 3)  
(93.7685 , 2)  (64.4522 , 6)  (57.2149 , 3)  (54.1473 , 7)  (53.0234 , 1)  (49.8727 , 5)  (49.1852 , 4)  (46.7156 , 8)  (46.1245 , 9)  
(99.9054 , 6)  (61.8363 , 2)  (59.7843 , 7)  (59.3485 , 5)  (52.5704 , 8)  (52.3178 , 9)  (48.1215 , 4)  (42.9378 , 3)  (36.6702 , 1)  
(104.273 , 1)  (64.6377 , 7)  (53.9474 , 2)  (51.6665 , 5)  (49.5137 , 6)  (47.292 , 9)  (44.6509 , 8)  (41.5694 , 3)  (41.1008 , 4)  
(88.7708 , 7)  (79.0389 , 9)  (67.918 , 6)  (56.9224 , 2)  (56.4744 , 1)  (53.5416 , 5)  (41.8333 , 8)  (36.1597 , 3)  (27.7534 , 4)  
(90.969 , 9)  (78.5282 , 7)  (60.5405 , 2)  (59.8729 , 6)  (51.762 , 1)  (50.6997 , 5)  (48.5469 , 3)  (37.1376 , 8)  (35.4902 , 4)  
(102.454 , 4)  (62.9329 , 6)  (53.61 , 7)  (53.4457 , 1)  (51.7719 , 5)  (51.457 , 3)  (51.2727 , 9)  (50.4403 , 2)  (33.8039 , 8)  
