 -------------------3917------------
(96.4845 , 5)  (81.8641 , 6)  (59.9361 , 7)  (52.5511 , 1)  (47.8131 , 8)  (46.1905 , 2)  (43.5758 , 9)  (39.8354 , 3)  (37.7265 , 4)  
(98.7089 , 4)  (64.7597 , 9)  (64.0644 , 6)  (61.4499 , 2)  (53.1443 , 1)  (53.0894 , 7)  (50.9228 , 5)  (39.4412 , 3)  (35.5266 , 8)  
(106.333 , 6)  (60.8343 , 5)  (60.6719 , 9)  (51.0886 , 2)  (50.0026 , 7)  (49.1644 , 8)  (45.0394 , 1)  (37.8461 , 4)  (36.1453 , 3)  
(99.2919 , 1)  (70.4541 , 6)  (68.2692 , 5)  (68.0809 , 2)  (62.2249 , 7)  (57.6702 , 9)  (42.4157 , 3)  (25.1842 , 8)  (21.6056 , 4)  
(100.645 , 2)  (68.3188 , 6)  (65.8156 , 9)  (60.9117 , 7)  (52.2424 , 3)  (50.8689 , 1)  (44.6886 , 8)  (41.258 , 4)  (39.2936 , 5)  
(106.134 , 7)  (68.7521 , 6)  (58.9067 , 9)  (58.0837 , 5)  (56.4491 , 1)  (54.0014 , 2)  (36.779 , 8)  (32.4982 , 4)  (30.343 , 3)  
(95.1538 , 9)  (76.9725 , 6)  (76.7004 , 7)  (62.6489 , 2)  (59.5509 , 1)  (43.1761 , 5)  (41.4525 , 3)  (33.2619 , 8)  (28.105 , 4)  
(93.1194 , 8)  (78.527 , 6)  (76.5375 , 7)  (59.7509 , 2)  (54.7292 , 3)  (51.61 , 9)  (41.9251 , 1)  (39.689 , 4)  (34.2096 , 5)  
(83.2072 , 3)  (69.2217 , 7)  (62.9189 , 2)  (62.72 , 6)  (58.2384 , 1)  (48.9474 , 8)  (48.8956 , 9)  (48.5238 , 5)  (35.0717 , 4)  
