 -------------------4605------------
(106.088 , 6)  (60.9322 , 4)  (52.5521 , 7)  (50.4549 , 2)  (49.7691 , 1)  (48.986 , 3)  (47.6578 , 9)  (47.51 , 8)  (47.0078 , 5)  
(85.0056 , 3)  (69.3844 , 5)  (60.6913 , 7)  (52.8118 , 6)  (52.6317 , 2)  (52.3212 , 4)  (50.4732 , 1)  (43.1054 , 9)  (41.2221 , 8)  
(90.1226 , 7)  (77.7157 , 2)  (57.3253 , 6)  (56.7084 , 8)  (53.4708 , 3)  (50.7811 , 4)  (49.2229 , 1)  (42.221 , 9)  (37.5394 , 5)  
(104.818 , 4)  (62.7136 , 9)  (61.8145 , 6)  (54.0409 , 2)  (52.0383 , 7)  (46.7801 , 1)  (45.9317 , 5)  (40.7023 , 8)  (39.3092 , 3)  
(95.0367 , 1)  (64.2482 , 6)  (61.5654 , 7)  (53.313 , 5)  (50.9101 , 9)  (50.356 , 2)  (47.827 , 3)  (46.6567 , 4)  (46.3664 , 8)  
(101.062 , 5)  (59.5795 , 9)  (56.9119 , 3)  (56.9029 , 6)  (53.5092 , 1)  (49.1631 , 7)  (44.4345 , 2)  (43.9085 , 8)  (37.8337 , 4)  
(100.139 , 8)  (68.2707 , 3)  (62.4669 , 6)  (60.4276 , 2)  (58.1879 , 9)  (50.7592 , 1)  (49.9402 , 7)  (48.1491 , 4)  (29.1822 , 5)  
(92.5748 , 2)  (64.57 , 3)  (63.9737 , 6)  (63.471 , 7)  (55.4195 , 1)  (53.8504 , 9)  (50.7357 , 5)  (46.0341 , 4)  (40.844 , 8)  
(95.0387 , 9)  (68.2611 , 7)  (59.715 , 6)  (57.8893 , 2)  (57.6917 , 1)  (47.6884 , 8)  (43.899 , 5)  (43.699 , 3)  (33.852 , 4)  
