 -------------------3933------------
(97.3087 , 5)  (79.5509 , 6)  (56.9715 , 7)  (54.9574 , 1)  (46.9474 , 2)  (46.0258 , 8)  (42.6867 , 9)  (38.5225 , 4)  (37.8589 , 3)  
(95.2276 , 4)  (67.419 , 6)  (62.8275 , 9)  (58.6916 , 7)  (57.4552 , 2)  (51.668 , 5)  (48.3699 , 1)  (42.1796 , 3)  (39.2166 , 8)  
(104.901 , 6)  (63.9884 , 5)  (55.9042 , 9)  (53.7791 , 7)  (47.4094 , 2)  (45.6597 , 8)  (45.6206 , 1)  (43.3716 , 4)  (40.9396 , 3)  
(100.196 , 1)  (69.4111 , 6)  (69.032 , 5)  (67.787 , 2)  (59.4899 , 9)  (57.6024 , 7)  (40.931 , 3)  (24.364 , 8)  (22.9575 , 4)  
(102.828 , 2)  (66.7267 , 9)  (65.2289 , 6)  (59.402 , 7)  (50.8175 , 1)  (45.3972 , 3)  (44.7267 , 8)  (41.5113 , 5)  (40.9305 , 4)  
(104.232 , 7)  (59.8068 , 6)  (57.2073 , 1)  (54.2629 , 2)  (53.3104 , 9)  (53.2682 , 5)  (42.4852 , 8)  (42.0156 , 4)  (38.2272 , 3)  
(95.0707 , 9)  (71.9738 , 7)  (68.1517 , 6)  (60.5299 , 2)  (60.0175 , 1)  (44.5441 , 5)  (42.3446 , 3)  (39.6028 , 8)  (37.0919 , 4)  
(93.9392 , 8)  (72.3387 , 6)  (72.1177 , 7)  (56.0738 , 2)  (55.2983 , 3)  (49.9173 , 9)  (47.0853 , 4)  (44.4534 , 1)  (33.3371 , 5)  
(89.9665 , 3)  (64.5662 , 7)  (62.3668 , 2)  (61.1335 , 1)  (60.1692 , 6)  (52.3471 , 9)  (47.4681 , 5)  (43.608 , 8)  (31.1545 , 4)  
