 -------------------4556------------
(99.5273 , 9)  (57.2621 , 7)  (54.03 , 4)  (53.7141 , 2)  (51.6192 , 6)  (50.6742 , 1)  (46.5783 , 8)  (45.8511 , 3)  (43.0561 , 5)  
(103.316 , 1)  (56.9432 , 8)  (52.9259 , 2)  (52.6031 , 6)  (49.4706 , 4)  (48.8659 , 5)  (48.2539 , 3)  (47.8961 , 7)  (40.359 , 9)  
(96.0954 , 8)  (83.0269 , 5)  (60.3427 , 7)  (56.4171 , 6)  (56.2582 , 2)  (45.8103 , 1)  (43.8712 , 4)  (40.6277 , 9)  (39.4494 , 3)  
(105.208 , 7)  (57.6686 , 6)  (55.2322 , 9)  (53.2634 , 1)  (49.7576 , 5)  (48.8429 , 2)  (46.6038 , 4)  (45.9758 , 3)  (45.9092 , 8)  
(96.2554 , 2)  (68.4087 , 1)  (58.5421 , 7)  (56.191 , 8)  (55.8952 , 6)  (46.9867 , 9)  (43.7577 , 3)  (43.3211 , 5)  (37.901 , 4)  
(106.85 , 6)  (62.064 , 5)  (55.3604 , 7)  (49.3416 , 1)  (49.1206 , 9)  (48.4313 , 4)  (47.9846 , 2)  (46.0682 , 8)  (44.914 , 3)  
(104.465 , 3)  (59.1686 , 7)  (57.9952 , 6)  (51.5227 , 9)  (50.0035 , 2)  (48.4524 , 1)  (47.46 , 5)  (39.0669 , 4)  (36.5077 , 8)  
(101.626 , 4)  (68.6999 , 6)  (57.051 , 2)  (56.7191 , 5)  (53.1811 , 7)  (53.1489 , 9)  (52.8718 , 1)  (40.9924 , 8)  (33.8492 , 3)  
(99.1343 , 5)  (70.796 , 9)  (55.5145 , 7)  (54.1263 , 2)  (52.8375 , 6)  (50.044 , 3)  (46.7141 , 8)  (45.9527 , 1)  (38.0295 , 4)  
