 -------------------271------------
(103.642 , 4)  (64.7796 , 9)  (53.4874 , 6)  (51.8212 , 2)  (50.2231 , 7)  (49.6373 , 3)  (48.205 , 8)  (47.4428 , 1)  (43.853 , 5)  
(94.5825 , 5)  (81.3065 , 8)  (59.6765 , 6)  (52.22 , 2)  (50.167 , 7)  (43.03 , 1)  (42.9625 , 9)  (42.5105 , 4)  (41.6163 , 3)  
(98.9582 , 6)  (60.3386 , 5)  (58.1923 , 1)  (53.1794 , 9)  (51.9054 , 8)  (49.0552 , 7)  (47.0662 , 2)  (45.688 , 4)  (36.3777 , 3)  
(95.5035 , 8)  (63.502 , 2)  (61.6343 , 1)  (59.3282 , 7)  (56.0004 , 9)  (49.5232 , 5)  (49.4809 , 6)  (43.5423 , 4)  (42.7415 , 3)  
(99.2089 , 2)  (73.6093 , 3)  (61.1585 , 6)  (59.1515 , 7)  (53.8128 , 9)  (50.3268 , 4)  (45.1537 , 8)  (36.0188 , 1)  (35.2402 , 5)  
(77.2669 , 3)  (64.9123 , 2)  (61.298 , 7)  (57.1525 , 5)  (54.5859 , 6)  (54.1818 , 8)  (51.5333 , 4)  (46.4543 , 1)  (45.8901 , 9)  
(90.0485 , 9)  (58.0633 , 1)  (54.025 , 7)  (53.7754 , 6)  (53.2263 , 2)  (49.5015 , 3)  (48.0364 , 5)  (45.3927 , 4)  (44.0487 , 8)  
(100.501 , 1)  (69.6021 , 6)  (59.2591 , 5)  (55.786 , 7)  (55.6358 , 2)  (46.6789 , 8)  (42.9172 , 9)  (42.026 , 4)  (38.9414 , 3)  
(79.8938 , 7)  (71.509 , 2)  (60.4093 , 5)  (59.3948 , 4)  (55.3877 , 3)  (51.1939 , 9)  (50.1673 , 1)  (49.5098 , 6)  (30.5764 , 8)  
