 -------------------1227------------
(108.535 , 4)  (52.3646 , 2)  (52.0098 , 8)  (50.3891 , 6)  (50.1398 , 1)  (49.5313 , 7)  (47.0837 , 3)  (43.0327 , 5)  (40.7237 , 9)  
(102.417 , 1)  (55.2386 , 6)  (53.1062 , 7)  (52.5409 , 3)  (52.3128 , 4)  (51.5547 , 2)  (50.239 , 8)  (47.6837 , 5)  (43.2374 , 9)  
(98.2033 , 5)  (67.5436 , 3)  (55.6586 , 9)  (55.5424 , 1)  (50.3662 , 6)  (49.3992 , 7)  (44.6073 , 2)  (42.8925 , 8)  (39.3481 , 4)  
(94.9362 , 9)  (63.8662 , 6)  (55.4367 , 4)  (55.3511 , 5)  (54.4273 , 2)  (53.9438 , 7)  (50.5052 , 1)  (47.5961 , 8)  (37.8312 , 3)  
(95.9535 , 2)  (66.9897 , 7)  (64.2228 , 1)  (58.5084 , 6)  (54.5457 , 8)  (50.1651 , 5)  (47.8968 , 3)  (43.1591 , 9)  (35.2751 , 4)  
(101.181 , 8)  (64.6115 , 9)  (54.2243 , 1)  (54.1765 , 7)  (52.1012 , 3)  (51.3446 , 2)  (48.0939 , 6)  (43.4508 , 4)  (40.8756 , 5)  
(103.496 , 3)  (64.1299 , 7)  (62.3759 , 6)  (48.5704 , 2)  (47.0909 , 5)  (44.1148 , 9)  (42.9971 , 8)  (40.2073 , 1)  (37.3752 , 4)  
(91.5552 , 6)  (58.8197 , 7)  (57.6093 , 2)  (57.4375 , 1)  (53.3555 , 9)  (51.9337 , 5)  (48.2661 , 4)  (44.1664 , 3)  (36.8751 , 8)  
(104.165 , 7)  (56.4511 , 1)  (56.018 , 9)  (54.6344 , 6)  (53.5227 , 3)  (53.3335 , 2)  (46.5607 , 5)  (43.9708 , 4)  (40.5881 , 8)  
