 -------------------3134------------
(104.797 , 1)  (65.38 , 7)  (49.9309 , 5)  (49.1828 , 4)  (48.8684 , 6)  (46.9401 , 2)  (46.2824 , 8)  (45.5916 , 9)  (45.248 , 3)  
(100.481 , 4)  (65.5232 , 9)  (54.5535 , 6)  (54.1057 , 3)  (52.0791 , 1)  (49.9952 , 5)  (48.2427 , 2)  (44.7057 , 8)  (43.3857 , 7)  
(97.7692 , 5)  (61.1121 , 8)  (58.7494 , 6)  (54.4551 , 9)  (49.2802 , 2)  (48.3861 , 7)  (44.8094 , 1)  (43.1131 , 4)  (42.7207 , 3)  
(105.469 , 6)  (63.131 , 5)  (58.7832 , 2)  (58.2132 , 7)  (53.638 , 4)  (51.1222 , 9)  (45.9596 , 1)  (43.2241 , 3)  (40.0782 , 8)  
(101.721 , 7)  (57.5052 , 6)  (56.8077 , 9)  (54.9473 , 1)  (53.3293 , 2)  (50.25 , 3)  (46.7349 , 5)  (43.7053 , 8)  (43.4704 , 4)  
(105.423 , 8)  (61.723 , 2)  (56.6995 , 9)  (55.5893 , 5)  (50.4989 , 1)  (49.591 , 6)  (49.371 , 4)  (46.754 , 7)  (36.2575 , 3)  
(88.8532 , 7)  (70.0007 , 9)  (65.0242 , 6)  (56.8003 , 2)  (53.0579 , 5)  (47.8492 , 1)  (47.4642 , 3)  (42.653 , 8)  (30.9109 , 4)  
(98.214 , 3)  (59.4343 , 7)  (56.5202 , 6)  (51.8749 , 5)  (51.4712 , 9)  (50.5005 , 8)  (49.9436 , 2)  (49.3415 , 1)  (45.0652 , 4)  
(95.7422 , 2)  (64.2806 , 7)  (59.6923 , 6)  (56.9893 , 3)  (56.0594 , 8)  (46.6745 , 4)  (44.2883 , 9)  (43.2335 , 1)  (35.4097 , 5)  
