 -------------------4359------------
(99.3481 , 9)  (57.08 , 4)  (56.5875 , 2)  (56.3823 , 7)  (54.1369 , 6)  (49.3101 , 8)  (47.3895 , 1)  (46.1705 , 3)  (42.5091 , 5)  
(88.8166 , 7)  (62.6684 , 8)  (61.9241 , 4)  (60.6995 , 2)  (56.2803 , 9)  (48.9974 , 6)  (48.6541 , 1)  (47.9274 , 3)  (43.1586 , 5)  
(104.134 , 6)  (55.635 , 8)  (54.3883 , 2)  (52.7295 , 3)  (50.4101 , 7)  (50.4098 , 9)  (49.4941 , 4)  (44.2995 , 5)  (44.1237 , 1)  
(68.0835 , 3)  (61.8972 , 6)  (59.6883 , 2)  (58.7189 , 8)  (58.2203 , 9)  (57.8006 , 5)  (53.3989 , 1)  (52.2099 , 7)  (50.2333 , 4)  
(98.637 , 4)  (63.949 , 6)  (62.9444 , 9)  (59.9859 , 2)  (54.0947 , 7)  (49.3804 , 1)  (46.565 , 8)  (44.0437 , 5)  (37.6443 , 3)  
(87.9502 , 8)  (62.6816 , 7)  (60.224 , 6)  (57.6311 , 4)  (57.2682 , 2)  (56.2549 , 3)  (46.0326 , 9)  (42.3907 , 5)  (41.923 , 1)  
(71.022 , 2)  (68.4053 , 1)  (67.1133 , 7)  (60.5404 , 6)  (58.994 , 5)  (49.6033 , 3)  (49.0106 , 9)  (47.1365 , 8)  (41.1583 , 4)  
(101.856 , 5)  (65.2029 , 6)  (60.2307 , 7)  (50.0148 , 1)  (49.5065 , 2)  (49.0751 , 9)  (47.2961 , 4)  (44.8581 , 3)  (44.003 , 8)  
(102.54 , 1)  (62.7575 , 7)  (62.1559 , 2)  (60.4184 , 9)  (58.0126 , 6)  (56.4333 , 5)  (40.5052 , 3)  (32.956 , 4)  (29.8321 , 8)  
