 -------------------3921------------
(96.1492 , 5)  (70.2567 , 6)  (55.4533 , 1)  (52.7019 , 7)  (51.7994 , 9)  (51.0767 , 2)  (45.5809 , 8)  (44.8578 , 3)  (34.7357 , 4)  
(100.686 , 4)  (62.6462 , 9)  (59.318 , 2)  (58.0121 , 6)  (55.1542 , 7)  (52.0953 , 1)  (50.713 , 5)  (39.5992 , 8)  (38.3234 , 3)  
(106.125 , 6)  (63.7352 , 5)  (59.2156 , 9)  (52.7651 , 2)  (51.7066 , 7)  (46.7411 , 8)  (46.0288 , 1)  (36.3689 , 4)  (36.0803 , 3)  
(99.8722 , 1)  (70.232 , 6)  (69.6752 , 5)  (66.6261 , 2)  (60.5609 , 7)  (56.9826 , 9)  (42.3959 , 3)  (23.6503 , 8)  (23.6082 , 4)  
(101.616 , 2)  (67.7392 , 6)  (61.731 , 9)  (59.5958 , 7)  (50.3626 , 8)  (49.4537 , 1)  (47.3825 , 3)  (43.9555 , 4)  (36.3087 , 5)  
(105.674 , 7)  (64.3568 , 6)  (56.5911 , 5)  (56.017 , 1)  (54.2365 , 9)  (52.6479 , 2)  (41.8289 , 8)  (38.0373 , 4)  (33.388 , 3)  
(98.1531 , 9)  (65.4083 , 6)  (62.9948 , 2)  (62.2629 , 7)  (59.2175 , 1)  (47.6002 , 5)  (40.7225 , 3)  (39.2603 , 8)  (36.5996 , 4)  
(94.4843 , 8)  (75.1103 , 6)  (72.3361 , 7)  (57.977 , 2)  (55.7131 , 3)  (49.2478 , 9)  (45.4435 , 1)  (42.04 , 4)  (32.6827 , 5)  
(80.5447 , 3)  (69.6192 , 7)  (66.0241 , 6)  (64.5253 , 2)  (60.1058 , 1)  (48.8907 , 5)  (48.6534 , 9)  (48.1236 , 8)  (32.3363 , 4)  
