 -------------------5059------------
(88.9053 , 2)  (73.515 , 6)  (64.4937 , 5)  (55.2333 , 4)  (52.3044 , 1)  (49.0816 , 7)  (47.9571 , 3)  (42.0185 , 8)  (41.4162 , 9)  
(89.6324 , 7)  (88.0407 , 2)  (59.1039 , 1)  (54.3295 , 6)  (53.5782 , 9)  (50.3369 , 8)  (50.0916 , 5)  (36.6115 , 4)  (29.421 , 3)  
(97.9495 , 4)  (66.8703 , 6)  (62.8234 , 5)  (60.0757 , 7)  (59.0994 , 9)  (51.3002 , 2)  (48.618 , 1)  (41.3617 , 8)  (35.0504 , 3)  
(89.9341 , 8)  (68.8036 , 7)  (66.461 , 2)  (60.3931 , 6)  (52.3311 , 3)  (50.8113 , 5)  (45.3854 , 4)  (45.2877 , 1)  (39.5985 , 9)  
(88.2479 , 3)  (75.2274 , 7)  (62.118 , 6)  (59.4184 , 9)  (58.3038 , 5)  (52.0487 , 1)  (51.5475 , 2)  (38.1993 , 4)  (29.4298 , 8)  
(97.7472 , 1)  (70.2104 , 6)  (63.0779 , 7)  (57.828 , 5)  (56.4475 , 9)  (54.8367 , 2)  (45.7159 , 3)  (37.5313 , 8)  (30.9464 , 4)  
(80.5823 , 5)  (80.0196 , 6)  (64.2215 , 1)  (62.8275 , 7)  (62.3674 , 2)  (60.2807 , 9)  (49.1249 , 3)  (38.735 , 8)  (23.8812 , 4)  
(98.3402 , 9)  (65.6237 , 6)  (59.9838 , 2)  (54.8827 , 7)  (53.4487 , 5)  (51.8559 , 1)  (46.1772 , 3)  (39.6004 , 4)  (37.8957 , 8)  
(102.223 , 6)  (72.2254 , 5)  (58.7844 , 1)  (56.2676 , 9)  (49.8811 , 7)  (44.7774 , 3)  (40.4623 , 2)  (39.2862 , 8)  (27.296 , 4)  
