 -------------------3919------------
(96.303 , 5)  (73.0921 , 6)  (59.1648 , 7)  (51.9015 , 1)  (49.7958 , 2)  (48.0706 , 9)  (42.2611 , 8)  (39.9221 , 3)  (35.8556 , 4)  
(98.0305 , 4)  (65.5141 , 9)  (57.6971 , 6)  (55.1087 , 7)  (54.7261 , 2)  (53.9396 , 5)  (52.4875 , 1)  (41.3199 , 8)  (38.3532 , 3)  
(107.186 , 6)  (60.5355 , 9)  (60.3527 , 5)  (53.8664 , 2)  (49.3446 , 7)  (46.5744 , 8)  (45.4942 , 1)  (36.497 , 4)  (34.5613 , 3)  
(100.379 , 1)  (69.4391 , 2)  (67.1311 , 6)  (66.3267 , 5)  (61.7236 , 7)  (55.7433 , 9)  (40.5954 , 3)  (26.6275 , 8)  (25.63 , 4)  
(103.318 , 2)  (65.1789 , 9)  (64.1102 , 6)  (61.8295 , 7)  (50.739 , 1)  (48.8576 , 8)  (43.1891 , 3)  (42.7185 , 4)  (38.7177 , 5)  
(105.148 , 7)  (66.9649 , 6)  (57.0805 , 9)  (56.6438 , 5)  (55.3544 , 1)  (55.1321 , 2)  (38.2489 , 8)  (36.2436 , 4)  (34.3323 , 3)  
(94.2394 , 9)  (65.7347 , 2)  (63.2527 , 6)  (56.4209 , 1)  (56.3638 , 7)  (49.6545 , 5)  (43.3976 , 8)  (43.2836 , 3)  (41.4888 , 4)  
(91.4929 , 8)  (71.8375 , 6)  (67.7177 , 7)  (62.5563 , 3)  (59.8671 , 2)  (49.0998 , 9)  (45.9524 , 1)  (42.6723 , 4)  (33.583 , 5)  
(84.8066 , 3)  (66.7943 , 7)  (65.1819 , 6)  (64.7152 , 2)  (59.9088 , 1)  (49.9651 , 9)  (48.59 , 5)  (45.5088 , 8)  (33.4418 , 4)  
