 -------------------3115------------
(105.033 , 4)  (55.1024 , 2)  (54.7982 , 9)  (53.5475 , 6)  (50.6251 , 5)  (49.2681 , 1)  (47.9347 , 8)  (47.8335 , 3)  (46.3536 , 7)  
(91.2085 , 5)  (63.7903 , 6)  (61.2277 , 1)  (59.1719 , 8)  (56.0987 , 3)  (49.9759 , 4)  (48.8323 , 7)  (45.7953 , 9)  (41.2954 , 2)  
(67.8443 , 2)  (66.1284 , 7)  (59.6509 , 9)  (59.4986 , 5)  (51.3537 , 6)  (50.9331 , 3)  (48.7962 , 4)  (45.9146 , 8)  (45.0775 , 1)  
(93.6113 , 9)  (69.1563 , 6)  (58.1205 , 7)  (56.0155 , 5)  (55.9398 , 2)  (52.4831 , 1)  (46.7248 , 8)  (43.7287 , 3)  (39.8618 , 4)  
(102.126 , 8)  (56.4942 , 9)  (54.1096 , 5)  (53.2817 , 2)  (51.6269 , 7)  (48.421 , 3)  (48.052 , 6)  (45.7818 , 4)  (39.9943 , 1)  
(100.925 , 1)  (59.0825 , 7)  (52.9287 , 6)  (52.322 , 4)  (52.1061 , 2)  (51.3767 , 9)  (51.2532 , 5)  (49.3984 , 3)  (40.4056 , 8)  
(79.2389 , 3)  (66.7233 , 6)  (62.8901 , 7)  (57.3598 , 5)  (56.8218 , 9)  (54.2096 , 1)  (51.9145 , 2)  (43.7746 , 8)  (35.8636 , 4)  
(80.9672 , 7)  (75.0809 , 6)  (60.907 , 4)  (59.6107 , 1)  (57.0606 , 8)  (56.7315 , 2)  (52.7806 , 3)  (46.3013 , 5)  (30.6256 , 9)  
(97.2337 , 6)  (59.4005 , 1)  (57.7283 , 9)  (52.3001 , 8)  (50.4991 , 7)  (49.9923 , 5)  (49.6755 , 2)  (45.1553 , 4)  (38.5018 , 3)  
