 -------------------291------------
(103.698 , 4)  (69.2203 , 9)  (52.9109 , 2)  (49.5112 , 1)  (49.1584 , 6)  (48.0845 , 3)  (47.6917 , 8)  (46.6937 , 5)  (45.6442 , 7)  
(96.7673 , 5)  (75.2481 , 8)  (58.959 , 6)  (52.5201 , 7)  (47.3771 , 2)  (45.2469 , 3)  (43.7163 , 4)  (43.4101 , 1)  (40.9947 , 9)  
(101.201 , 6)  (65.3013 , 5)  (57.7955 , 1)  (53.9176 , 4)  (50.0159 , 7)  (48.9682 , 8)  (48.2738 , 2)  (41.5257 , 9)  (37.6374 , 3)  
(100.114 , 8)  (62.6489 , 1)  (56.4836 , 2)  (51.8987 , 6)  (51.0104 , 7)  (50.3511 , 9)  (47.63 , 3)  (46.7147 , 5)  (44.2408 , 4)  
(100.685 , 2)  (64.958 , 3)  (61.9161 , 7)  (60.4283 , 6)  (58.5445 , 9)  (46.778 , 4)  (40.8069 , 8)  (38.745 , 1)  (36.69 , 5)  
(82.415 , 3)  (64.7632 , 2)  (59.9636 , 5)  (59.7445 , 7)  (54.7111 , 8)  (54.4522 , 4)  (52.6304 , 6)  (46.7063 , 1)  (45.3794 , 9)  
(86.9326 , 9)  (58.6601 , 7)  (55.9208 , 1)  (53.4614 , 6)  (53.1673 , 3)  (49.5839 , 4)  (49.2813 , 2)  (48.846 , 5)  (45.2379 , 8)  
(100.081 , 1)  (71.0638 , 6)  (59.5662 , 5)  (56.0341 , 7)  (55.9284 , 2)  (47.5349 , 8)  (41.3999 , 9)  (40.4478 , 3)  (38.2308 , 4)  
(79.3089 , 7)  (70.7425 , 2)  (60.409 , 9)  (59.9184 , 4)  (56.8219 , 3)  (54.5723 , 5)  (53.228 , 6)  (48.5435 , 1)  (30.4292 , 8)  
