 -------------------1340------------
(82.02 , 9)  (74.0596 , 8)  (65.8342 , 5)  (61.5462 , 1)  (51.7358 , 2)  (50.9819 , 3)  (47.5921 , 7)  (47.0224 , 6)  (46.6242 , 4)  
(103.835 , 1)  (59.4837 , 6)  (56.382 , 7)  (53.1081 , 4)  (51.6487 , 3)  (50.7995 , 8)  (47.0675 , 2)  (45.4666 , 5)  (43.5904 , 9)  
(90.7149 , 3)  (64.0507 , 7)  (59.8284 , 9)  (54.6066 , 1)  (54.4495 , 4)  (53.596 , 6)  (50.4802 , 2)  (49.8165 , 5)  (38.2936 , 8)  
(105.317 , 8)  (59.324 , 6)  (57.267 , 3)  (54.5305 , 7)  (53.0115 , 1)  (50.1634 , 9)  (47.577 , 2)  (41.9529 , 5)  (40.2316 , 4)  
(101.67 , 5)  (56.4978 , 9)  (53.5564 , 2)  (50.8308 , 8)  (50.4437 , 7)  (49.7526 , 4)  (48.842 , 1)  (46.2638 , 6)  (45.5973 , 3)  
(94.0811 , 2)  (68.8511 , 3)  (62.2166 , 7)  (55.1523 , 1)  (53.7627 , 8)  (52.9401 , 4)  (41.3656 , 6)  (41.1144 , 5)  (35.1774 , 9)  
(86.3004 , 4)  (64.503 , 6)  (60.7372 , 9)  (59.694 , 1)  (53.5208 , 2)  (51.7816 , 8)  (51.6795 , 7)  (47.6556 , 5)  (42.3595 , 3)  
(103.461 , 6)  (55.09 , 7)  (53.7606 , 8)  (50.7784 , 4)  (50.6154 , 3)  (49.8666 , 1)  (49.6488 , 5)  (46.5391 , 9)  (45.5448 , 2)  
(97.2051 , 7)  (69.2322 , 2)  (62.0401 , 1)  (58.7731 , 9)  (50.5496 , 6)  (47.7386 , 8)  (47.4156 , 4)  (44.6953 , 3)  (42.9899 , 5)  
