 -------------------4111------------
(103.953 , 2)  (66.6555 , 8)  (58.1707 , 6)  (56.7674 , 9)  (56.2638 , 7)  (48.5101 , 4)  (43.4374 , 5)  (41.5778 , 1)  (39.8074 , 3)  
(95.5909 , 3)  (61.8955 , 5)  (60.7848 , 9)  (57.0392 , 4)  (55.4432 , 6)  (46.1554 , 2)  (44.726 , 1)  (42.2689 , 8)  (35.375 , 7)  
(96.1257 , 4)  (70.7313 , 1)  (57.8493 , 9)  (56.6084 , 3)  (53.1834 , 2)  (52.8493 , 5)  (47.065 , 7)  (46.3236 , 6)  (36.4119 , 8)  
(107.904 , 7)  (58.3556 , 6)  (56.2381 , 9)  (51.7466 , 2)  (51.6259 , 1)  (50.6971 , 5)  (47.785 , 4)  (41.5893 , 8)  (33.697 , 3)  
(98.9173 , 9)  (57.3344 , 2)  (57.0239 , 6)  (55.9387 , 7)  (50.3402 , 4)  (48.6324 , 3)  (45.2787 , 1)  (41.3776 , 5)  (36.9271 , 8)  
(86.2078 , 8)  (67.9254 , 2)  (57.7433 , 3)  (57.6394 , 1)  (53.7183 , 7)  (51.4461 , 6)  (50.7589 , 4)  (50.5351 , 9)  (41.4092 , 5)  
(100.948 , 6)  (60.7745 , 5)  (59.8046 , 4)  (57.1553 , 2)  (54.1672 , 7)  (51.0081 , 1)  (50.2197 , 8)  (48.0591 , 9)  (43.0423 , 3)  
(105.691 , 5)  (54.957 , 6)  (54.8192 , 8)  (51.5652 , 9)  (50.3528 , 7)  (49.0114 , 2)  (48.8053 , 1)  (44.436 , 4)  (40.5409 , 3)  
(103.936 , 1)  (52.0392 , 4)  (51.7785 , 3)  (50.4934 , 7)  (50.1672 , 2)  (49.3515 , 9)  (48.747 , 6)  (48.1408 , 8)  (47.4992 , 5)  
