 -------------------393------------
(83.4085 , 8)  (57.5151 , 5)  (57.5064 , 1)  (57.2344 , 6)  (52.873 , 2)  (52.0572 , 9)  (50.6894 , 7)  (48.8183 , 3)  (42.6847 , 4)  
(101.899 , 5)  (66.4767 , 6)  (56.3873 , 3)  (53.2771 , 7)  (51.7263 , 2)  (48.0531 , 4)  (47.7446 , 9)  (47.1071 , 1)  (41.6079 , 8)  
(93.2421 , 4)  (61.9535 , 6)  (59.3015 , 2)  (58.1452 , 1)  (53.0502 , 9)  (52.7636 , 7)  (48.4017 , 8)  (44.6622 , 5)  (42.4879 , 3)  
(94.4951 , 1)  (64.8809 , 2)  (62.8349 , 6)  (56.5518 , 5)  (55.8385 , 7)  (48.3124 , 8)  (47.8234 , 4)  (39.5131 , 9)  (37.2118 , 3)  
(73.5511 , 3)  (69.6302 , 1)  (61.9685 , 2)  (57.8609 , 7)  (57.4372 , 5)  (56.7675 , 9)  (52.9236 , 6)  (45.3592 , 8)  (40.8362 , 4)  
(101.263 , 9)  (61.874 , 6)  (61.6534 , 2)  (55.7866 , 7)  (48.5449 , 1)  (48.0708 , 8)  (47.2558 , 5)  (44.1542 , 4)  (39.551 , 3)  
(101.875 , 7)  (63.1983 , 2)  (62.0811 , 6)  (61.5621 , 1)  (53.5017 , 9)  (50.5597 , 3)  (45.0049 , 5)  (38.3524 , 8)  (32.9913 , 4)  
(99.3515 , 6)  (58.6933 , 5)  (55.8866 , 7)  (52.1761 , 1)  (50.9788 , 9)  (50.4739 , 4)  (49.0491 , 2)  (47.3064 , 8)  (34.0119 , 3)  
(98.3753 , 2)  (62.4682 , 9)  (61.6405 , 6)  (55.6155 , 1)  (51.6462 , 7)  (45.3633 , 3)  (42.6918 , 5)  (40.9531 , 8)  (39.3459 , 4)  
