 -------------------4436------------
(101.2 , 3)  (62.5543 , 7)  (58.1749 , 9)  (51.4634 , 1)  (50.2987 , 6)  (47.9657 , 5)  (47.2256 , 4)  (45.8907 , 8)  (44.6367 , 2)  
(104.719 , 8)  (58.3457 , 3)  (53.8494 , 4)  (49.6672 , 6)  (49.3996 , 1)  (49.1995 , 2)  (47.2479 , 9)  (46.4847 , 7)  (45.7769 , 5)  
(83.7204 , 9)  (72.1267 , 3)  (59.474 , 5)  (54.7413 , 8)  (49.071 , 2)  (48.6268 , 4)  (48.2494 , 1)  (43.058 , 6)  (39.7737 , 7)  
(104.5 , 6)  (59.8157 , 9)  (55.9735 , 3)  (53.5586 , 1)  (50.6972 , 7)  (46.957 , 5)  (46.4251 , 2)  (44.5688 , 4)  (42.7263 , 8)  
(101.49 , 4)  (58.3832 , 6)  (58.014 , 1)  (54.3017 , 2)  (50.0122 , 9)  (48.7152 , 3)  (47.346 , 8)  (46.7685 , 7)  (43.1285 , 5)  
(102.269 , 1)  (68.0363 , 7)  (62.246 , 6)  (55.8823 , 5)  (48.0268 , 9)  (46.4234 , 3)  (45.2685 , 2)  (42.6443 , 4)  (40.6337 , 8)  
(97.0779 , 5)  (61.9602 , 6)  (61.8726 , 9)  (57.4242 , 7)  (57.0475 , 2)  (49.5546 , 1)  (45.3923 , 8)  (40.7906 , 3)  (31.8705 , 4)  
(85.919 , 7)  (64.6655 , 6)  (59.3708 , 9)  (58.3708 , 2)  (54.7666 , 1)  (53.0152 , 3)  (47.2405 , 8)  (44.0265 , 5)  (31.0107 , 4)  
(106.944 , 2)  (60.0887 , 7)  (57.8808 , 5)  (52.1101 , 6)  (49.2229 , 1)  (49.0967 , 9)  (42.9419 , 4)  (41.2875 , 3)  (38.5673 , 8)  
