 -------------------474------------
(101.333 , 7)  (60.4911 , 1)  (56.4607 , 2)  (52.0432 , 9)  (50.6347 , 5)  (48.5951 , 6)  (48.0594 , 4)  (45.4248 , 8)  (45.0139 , 3)  
(97.5927 , 9)  (63.0274 , 3)  (57.7497 , 4)  (52.9873 , 8)  (50.4071 , 6)  (47.1346 , 1)  (45.8363 , 5)  (45.0029 , 7)  (44.8216 , 2)  
(103.627 , 2)  (60.298 , 1)  (59.7817 , 4)  (57.5522 , 7)  (48.7955 , 6)  (46.744 , 8)  (46.322 , 3)  (42.9967 , 5)  (41.928 , 9)  
(83.2566 , 4)  (71.7171 , 9)  (59.2667 , 6)  (54.9282 , 5)  (54.8874 , 2)  (52.8292 , 1)  (48.2631 , 7)  (45.6835 , 3)  (44.0724 , 8)  
(104.429 , 6)  (62.2568 , 5)  (53.4933 , 4)  (50.0565 , 3)  (47.8966 , 2)  (47.7557 , 7)  (45.9863 , 9)  (45.8622 , 8)  (40.1134 , 1)  
(97.1214 , 5)  (58.8596 , 2)  (54.6028 , 1)  (54.4915 , 6)  (52.7732 , 9)  (49.534 , 4)  (48.5268 , 7)  (48.4408 , 8)  (45.992 , 3)  
(105.073 , 3)  (70.3672 , 7)  (58.9199 , 6)  (50.7375 , 5)  (47.6841 , 2)  (47.6728 , 9)  (43.5343 , 8)  (42.717 , 1)  (33.6543 , 4)  
(102.76 , 1)  (60.7883 , 2)  (60.1885 , 7)  (56.785 , 6)  (53.0379 , 5)  (49.9629 , 9)  (43.8188 , 3)  (41.5262 , 4)  (35.0635 , 8)  
(102.971 , 8)  (58.4551 , 7)  (56.0599 , 4)  (53.191 , 6)  (51.0921 , 5)  (48.308 , 9)  (47.6947 , 2)  (45.4607 , 1)  (35.0157 , 3)  
