 -------------------505------------
(102.077 , 9)  (55.4602 , 2)  (54.5335 , 6)  (51.4305 , 4)  (49.9884 , 3)  (49.7853 , 7)  (49.2242 , 1)  (45.3849 , 8)  (40.7701 , 5)  
(72.3384 , 3)  (64.7625 , 1)  (63.4704 , 5)  (60.3738 , 7)  (57.0041 , 6)  (55.8922 , 8)  (52.6159 , 4)  (47.4797 , 2)  (42.9085 , 9)  
(94.5999 , 7)  (67.2592 , 9)  (55.4165 , 5)  (54.0815 , 3)  (53.5207 , 6)  (50.8993 , 4)  (48.2308 , 1)  (40.8783 , 2)  (37.7134 , 8)  
(95.8208 , 8)  (54.2119 , 1)  (54.2051 , 6)  (53.9633 , 2)  (53.5845 , 4)  (52.7547 , 9)  (52.6258 , 7)  (50.0466 , 3)  (45.9628 , 5)  
(97.2897 , 2)  (64.8637 , 6)  (55.1022 , 7)  (53.7786 , 1)  (51.5475 , 9)  (51.1767 , 8)  (50.4439 , 5)  (45.6332 , 3)  (34.68 , 4)  
(87.3727 , 4)  (67.8531 , 6)  (63.0883 , 1)  (52.4877 , 7)  (51.8812 , 9)  (51.7845 , 2)  (42.8466 , 3)  (40.8677 , 8)  (40.5362 , 5)  
(102.89 , 1)  (69.2798 , 6)  (60.6624 , 7)  (58.3606 , 5)  (58.2118 , 2)  (49.9625 , 9)  (43.4645 , 4)  (40.3869 , 3)  (26.676 , 8)  
(90.6804 , 5)  (71.8628 , 6)  (65.719 , 9)  (57.4862 , 1)  (55.5936 , 7)  (50.2123 , 2)  (46.511 , 8)  (39.0044 , 3)  (23.9808 , 4)  
(107.564 , 6)  (57.9585 , 7)  (53.6219 , 9)  (51.2154 , 8)  (50.0068 , 5)  (47.1039 , 2)  (45.2997 , 1)  (43.3782 , 4)  (37.9128 , 3)  
