 -------------------4437------------
(92.3418 , 3)  (67.4648 , 7)  (57.0304 , 9)  (56.493 , 1)  (54.7726 , 5)  (53.1668 , 6)  (51.5551 , 8)  (47.9375 , 2)  (39.5103 , 4)  
(104.021 , 8)  (54.9471 , 3)  (54.595 , 7)  (54.4746 , 6)  (49.8224 , 9)  (48.5491 , 1)  (47.6588 , 4)  (47.1744 , 2)  (45.8138 , 5)  
(80.9449 , 9)  (73.8901 , 3)  (58.8585 , 5)  (55.7605 , 8)  (49.4557 , 4)  (48.1377 , 1)  (47.7612 , 2)  (43.9825 , 7)  (41.386 , 6)  
(106.112 , 6)  (58.035 , 9)  (55.7559 , 3)  (54.2173 , 1)  (50.1914 , 7)  (48.2264 , 2)  (46.7988 , 5)  (45.5008 , 4)  (41.9897 , 8)  
(96.6543 , 4)  (58.9871 , 6)  (57.822 , 9)  (56.1462 , 2)  (55.0899 , 1)  (51.4206 , 7)  (46.5489 , 5)  (45.9415 , 3)  (41.603 , 8)  
(100.632 , 1)  (70.9286 , 7)  (64.9611 , 6)  (58.0755 , 5)  (53.527 , 2)  (52.6024 , 9)  (39.5383 , 4)  (37.9798 , 3)  (33.5424 , 8)  
(97.7152 , 5)  (59.9601 , 9)  (59.549 , 7)  (58.7913 , 6)  (57.3554 , 2)  (48.9645 , 1)  (44.0257 , 8)  (42.1696 , 3)  (33.6914 , 4)  
(86.8992 , 7)  (66.7794 , 2)  (58.3115 , 9)  (56.541 , 6)  (49.0261 , 8)  (48.9137 , 1)  (48.6486 , 5)  (48.5162 , 3)  (37.2111 , 4)  
(107.13 , 2)  (64.4882 , 7)  (59.2124 , 6)  (58.6169 , 5)  (52.0458 , 1)  (50.3991 , 9)  (38.3903 , 4)  (34.7032 , 3)  (33.6591 , 8)  
