 -------------------4566------------
(102.457 , 5)  (59.686 , 3)  (56.032 , 9)  (53.7804 , 7)  (51.0245 , 2)  (50.8348 , 6)  (49.4561 , 4)  (43.808 , 1)  (35.2471 , 8)  
(102.242 , 2)  (54.8385 , 3)  (53.0672 , 4)  (51.4913 , 9)  (51.0934 , 5)  (50.6109 , 7)  (48.0346 , 1)  (47.2736 , 8)  (43.2932 , 6)  
(94.6721 , 4)  (63.6984 , 7)  (60.4313 , 9)  (56.7626 , 6)  (55.4045 , 1)  (50.2477 , 3)  (49.7866 , 2)  (46.6908 , 5)  (41.9507 , 8)  
(91.7502 , 8)  (60.3647 , 7)  (57.642 , 5)  (55.8085 , 1)  (52.7476 , 6)  (49.6111 , 2)  (47.8155 , 9)  (44.927 , 4)  (43.9635 , 3)  
(97.4612 , 1)  (62.2678 , 2)  (57.9074 , 6)  (57.1619 , 7)  (56.4183 , 5)  (48.2161 , 9)  (48.0098 , 8)  (42.4773 , 4)  (36.0354 , 3)  
(103.97 , 3)  (56.0444 , 7)  (52.0117 , 6)  (51.4773 , 4)  (49.4584 , 5)  (47.4591 , 2)  (47.2928 , 1)  (44.9359 , 9)  (39.4941 , 8)  
(96.8827 , 9)  (63.8091 , 6)  (56.3202 , 7)  (55.7881 , 2)  (51.0631 , 1)  (50.17 , 5)  (47.0211 , 4)  (43.6317 , 8)  (36.1497 , 3)  
(95.0906 , 6)  (69.5978 , 5)  (59.8633 , 2)  (58.0835 , 9)  (50.3769 , 1)  (49.9114 , 7)  (40.48 , 3)  (40.3728 , 8)  (32.2754 , 4)  
(106.91 , 7)  (61.1152 , 6)  (51.7863 , 1)  (50.8397 , 9)  (50.4832 , 5)  (48.7692 , 2)  (44.6895 , 8)  (41.5099 , 4)  (41.111 , 3)  
