 -------------------263------------
(103.549 , 4)  (65.1976 , 9)  (52.34 , 2)  (52.2074 , 6)  (50.194 , 8)  (49.7323 , 1)  (48.447 , 7)  (47.532 , 3)  (45.9645 , 5)  
(98.7194 , 5)  (74.9153 , 8)  (58.9782 , 6)  (54.633 , 2)  (52.4546 , 7)  (43.0499 , 4)  (42.9751 , 9)  (42.399 , 1)  (40.2922 , 3)  
(99.8874 , 6)  (62.1863 , 5)  (60.7865 , 1)  (51.427 , 7)  (51.341 , 8)  (48.2617 , 4)  (47.611 , 2)  (42.3955 , 9)  (37.7393 , 3)  
(95.5395 , 8)  (61.2338 , 1)  (58.8757 , 2)  (54.1618 , 9)  (52.5261 , 7)  (49.8329 , 5)  (48.2222 , 6)  (46.9213 , 3)  (45.2693 , 4)  
(98.2876 , 2)  (72.5462 , 3)  (61.4102 , 7)  (58.5561 , 6)  (57.5763 , 9)  (53.6466 , 4)  (45.1049 , 8)  (35.3609 , 1)  (32.3912 , 5)  
(75.4609 , 3)  (65.3561 , 2)  (60.218 , 7)  (58.2617 , 5)  (55.2478 , 6)  (54.7487 , 8)  (50.0576 , 4)  (45.941 , 9)  (45.8266 , 1)  
(92.8689 , 9)  (58.2757 , 7)  (57.8874 , 1)  (55.6668 , 6)  (51.7961 , 5)  (50.0725 , 2)  (45.4237 , 3)  (43.5139 , 4)  (41.9716 , 8)  
(100.468 , 1)  (70.7083 , 6)  (58.5028 , 5)  (56.4968 , 7)  (50.4185 , 2)  (48.1612 , 8)  (45.8905 , 3)  (40.7893 , 9)  (39.7625 , 4)  
(81.9332 , 7)  (68.9801 , 2)  (59.7252 , 4)  (59.3222 , 5)  (53.6858 , 3)  (50.3352 , 1)  (48.0922 , 6)  (47.4171 , 9)  (33.9571 , 8)  
