 -------------------492------------
(102.048 , 9)  (58.1654 , 2)  (56.4808 , 6)  (54.9777 , 7)  (49.2116 , 1)  (48.8181 , 3)  (45.2878 , 4)  (44.8824 , 5)  (41.4354 , 8)  
(73.431 , 3)  (67.2717 , 1)  (65.133 , 5)  (61.0021 , 7)  (58.1886 , 6)  (55.2805 , 8)  (48.8117 , 4)  (45.9718 , 2)  (44.5265 , 9)  
(95.6128 , 7)  (61.6036 , 9)  (59.5085 , 6)  (54.4762 , 5)  (54.3552 , 3)  (51.4243 , 1)  (49.6947 , 4)  (41.7495 , 8)  (39.0805 , 2)  
(97.9403 , 8)  (56.6057 , 7)  (55.6331 , 1)  (53.0485 , 6)  (52.3706 , 2)  (50.8981 , 4)  (50.5168 , 9)  (48.1959 , 3)  (46.4152 , 5)  
(100.324 , 2)  (64.9355 , 6)  (55.8954 , 7)  (52.9513 , 5)  (51.0297 , 1)  (50.3097 , 9)  (48.335 , 8)  (45.7058 , 3)  (33.965 , 4)  
(76.1196 , 4)  (72.3973 , 6)  (66.1121 , 1)  (56.9262 , 2)  (54.8055 , 9)  (48.561 , 7)  (43.8732 , 3)  (41.7797 , 5)  (39.8269 , 8)  
(103.487 , 1)  (67.1212 , 6)  (61.5941 , 7)  (56.2937 , 5)  (54.9993 , 2)  (47.5229 , 4)  (47.4163 , 9)  (41.7994 , 3)  (32.0302 , 8)  
(89.1503 , 5)  (70.2196 , 6)  (64.3401 , 9)  (57.2078 , 1)  (56.9229 , 7)  (53.4237 , 2)  (44.0221 , 8)  (43.6776 , 3)  (23.2451 , 4)  
(106.224 , 6)  (57.5741 , 7)  (56.7266 , 5)  (54.1555 , 9)  (51.2731 , 8)  (49.4122 , 1)  (46.4036 , 2)  (41.2952 , 4)  (33.4669 , 3)  
