 -------------------1145------------
(93.9697 , 2)  (58.4922 , 1)  (56.5763 , 7)  (53.8088 , 6)  (53.7975 , 8)  (53.7067 , 9)  (46.8323 , 5)  (46.2782 , 4)  (41.8762 , 3)  
(87.2152 , 4)  (64.2647 , 6)  (61.9596 , 7)  (55.8508 , 2)  (53.7846 , 5)  (53.4405 , 9)  (52.7032 , 1)  (48.9146 , 8)  (37.9207 , 3)  
(97.223 , 8)  (57.6343 , 6)  (54.0791 , 7)  (52.5981 , 9)  (51.3601 , 5)  (50.7196 , 1)  (50.3816 , 2)  (47.2817 , 3)  (46.6579 , 4)  
(94.2392 , 7)  (74.8028 , 2)  (66.7884 , 4)  (58.279 , 9)  (54.4441 , 6)  (50.1997 , 5)  (45.8155 , 8)  (43.4091 , 3)  (38.1476 , 1)  
(102.184 , 6)  (61.7848 , 5)  (57.3262 , 2)  (54.5719 , 1)  (51.4753 , 7)  (49.7593 , 9)  (46.7325 , 4)  (41.9743 , 3)  (33.6096 , 8)  
(93.914 , 5)  (71.5494 , 2)  (57.4172 , 7)  (54.7436 , 1)  (52.9432 , 9)  (51.7933 , 4)  (49.0759 , 8)  (45.4943 , 6)  (30.2116 , 3)  
(89.2462 , 9)  (64.1893 , 6)  (64.1886 , 7)  (53.9495 , 2)  (52.2613 , 3)  (50.8363 , 1)  (50.4379 , 4)  (47.011 , 5)  (38.3416 , 8)  
(99.813 , 1)  (63.8494 , 5)  (60.6912 , 6)  (60.6858 , 7)  (55.1341 , 2)  (48.319 , 9)  (40.2753 , 3)  (37.7887 , 4)  (36.3537 , 8)  
(91.5871 , 3)  (66.0709 , 6)  (65.9396 , 7)  (61.0516 , 8)  (56.58 , 2)  (48.1893 , 5)  (44.6363 , 9)  (39.7743 , 4)  (35.1353 , 1)  
