 -------------------195------------
(93.3278 , 2)  (73.9495 , 8)  (62.6656 , 7)  (51.8327 , 5)  (51.4587 , 9)  (48.044 , 1)  (47.7718 , 3)  (44.1528 , 4)  (41.9888 , 6)  
(105.824 , 5)  (57.8225 , 8)  (56.0502 , 1)  (55.1052 , 2)  (51.6396 , 4)  (46.0938 , 7)  (44.5267 , 9)  (40.8573 , 3)  (38.7096 , 6)  
(106.724 , 6)  (55.7318 , 5)  (54.11 , 4)  (53.9169 , 3)  (50.0229 , 2)  (47.4048 , 9)  (47.2005 , 7)  (45.4287 , 8)  (39.0149 , 1)  
(95.6534 , 1)  (68.1552 , 8)  (54.8599 , 2)  (51.7699 , 5)  (51.1765 , 3)  (49.1704 , 7)  (44.4196 , 6)  (44.4144 , 9)  (40.7667 , 4)  
(99.4188 , 7)  (64.6705 , 9)  (61.3415 , 1)  (56.9793 , 6)  (54.2637 , 2)  (44.9021 , 3)  (44.4444 , 5)  (40.0413 , 8)  (37.0188 , 4)  
(82.4444 , 4)  (65.2625 , 9)  (62.8587 , 1)  (58.5524 , 6)  (50.7425 , 3)  (50.5779 , 2)  (45.2832 , 5)  (41.2951 , 8)  (40.7658 , 7)  
(88.661 , 9)  (63.8393 , 6)  (60.1717 , 5)  (57.1258 , 3)  (54.0593 , 8)  (51.1788 , 4)  (50.5364 , 2)  (43.7499 , 1)  (41.3161 , 7)  
(100.915 , 3)  (63.2494 , 7)  (61.9325 , 6)  (60.0446 , 5)  (48.0322 , 1)  (47.5409 , 8)  (43.5535 , 2)  (42.1501 , 4)  (40.3524 , 9)  
(101.383 , 8)  (67.676 , 7)  (63.2461 , 6)  (55.4795 , 2)  (53.8408 , 4)  (53.0676 , 5)  (37.536 , 9)  (37.046 , 3)  (35.2282 , 1)  
