 -------------------4169------------
(108.284 , 2)  (57.6705 , 1)  (52.9132 , 7)  (52.1208 , 5)  (50.9816 , 8)  (49.0466 , 6)  (47.5625 , 9)  (45.5778 , 4)  (40.8028 , 3)  
(105.508 , 7)  (60.5603 , 1)  (60.0161 , 3)  (49.5276 , 5)  (49.5157 , 6)  (47.951 , 2)  (47.9455 , 4)  (45.9315 , 8)  (43.1668 , 9)  
(84.6038 , 9)  (55.9046 , 7)  (55.0358 , 2)  (54.3967 , 1)  (52.3435 , 4)  (51.8353 , 6)  (50.0789 , 5)  (48.1795 , 8)  (45.6445 , 3)  
(86.1408 , 6)  (69.3 , 2)  (60.0533 , 7)  (56.2136 , 1)  (55.2234 , 5)  (52.6081 , 9)  (44.6778 , 4)  (43.2568 , 8)  (38.2032 , 3)  
(103.492 , 1)  (55.733 , 7)  (53.5528 , 5)  (53.441 , 6)  (52.386 , 2)  (51.6289 , 9)  (49.1655 , 4)  (44.9939 , 3)  (40.8388 , 8)  
(106.63 , 8)  (64.7037 , 2)  (54.0287 , 6)  (53.3003 , 4)  (53.1027 , 9)  (50.6836 , 7)  (45.0391 , 1)  (40.9412 , 5)  (37.8901 , 3)  
(80.7245 , 4)  (74.503 , 9)  (57.7146 , 2)  (56.8044 , 7)  (54.876 , 6)  (53.0786 , 5)  (51.1317 , 1)  (43.8283 , 8)  (41.8413 , 3)  
(101.954 , 5)  (61.2514 , 6)  (57.2635 , 3)  (57.0055 , 2)  (56.2972 , 7)  (50.1705 , 1)  (47.1886 , 9)  (45.6948 , 8)  (35.6279 , 4)  
(80.731 , 3)  (67.3792 , 9)  (58.9508 , 6)  (55.6493 , 8)  (52.2166 , 7)  (49.7559 , 1)  (48.7358 , 5)  (47.9736 , 2)  (45.9184 , 4)  
