 -------------------859------------
(97.7306 , 7)  (60.2733 , 9)  (55.7265 , 2)  (54.5552 , 1)  (52.9942 , 6)  (50.1801 , 4)  (49.4823 , 5)  (44.3212 , 3)  (41.1274 , 8)  
(98.6873 , 5)  (62.0849 , 8)  (51.8186 , 7)  (51.4748 , 2)  (51.1613 , 9)  (50.5143 , 3)  (50.0751 , 6)  (49.2782 , 1)  (48.3753 , 4)  
(103.442 , 3)  (60.6609 , 2)  (53.059 , 9)  (51.6288 , 4)  (50.9045 , 1)  (49.7042 , 6)  (47.2709 , 7)  (43.74 , 5)  (40.2271 , 8)  
(98.5538 , 9)  (62.0068 , 6)  (55.1938 , 1)  (54.6791 , 7)  (52.1347 , 5)  (51.7247 , 2)  (47.7758 , 3)  (45.2216 , 4)  (34.8061 , 8)  
(95.6241 , 1)  (67.738 , 2)  (64.3807 , 6)  (63.8507 , 5)  (53.4729 , 7)  (49.9491 , 9)  (45.8339 , 4)  (34.401 , 3)  (33.6564 , 8)  
(101.166 , 2)  (70.716 , 6)  (58.9818 , 9)  (48.4585 , 7)  (48.4406 , 5)  (46.9168 , 1)  (45.523 , 8)  (42.5853 , 3)  (38.7339 , 4)  
(95.4256 , 4)  (77.2881 , 6)  (64.583 , 7)  (55.967 , 5)  (51.3617 , 9)  (50.7062 , 2)  (50.2587 , 1)  (44.1732 , 8)  (31.2523 , 3)  
(106.57 , 6)  (56.3593 , 5)  (55.3773 , 1)  (54.2731 , 7)  (54.0318 , 9)  (47.0046 , 2)  (44.931 , 4)  (43.3159 , 3)  (41.5285 , 8)  
(93.9167 , 8)  (71.17 , 2)  (69.4263 , 6)  (61.7861 , 9)  (58.3877 , 7)  (49.2902 , 1)  (44.9564 , 5)  (38.2385 , 4)  (36.3015 , 3)  
