 -------------------3102------------
(105.658 , 4)  (58.5937 , 6)  (54.0518 , 2)  (51.597 , 8)  (50.8254 , 1)  (50.004 , 3)  (47.8329 , 7)  (47.0565 , 9)  (46.6603 , 5)  
(85.4062 , 5)  (65.2787 , 6)  (58.4272 , 1)  (57.8953 , 8)  (51.5652 , 2)  (51.2466 , 9)  (51.0162 , 3)  (49.7816 , 7)  (46.9922 , 4)  
(69.7958 , 2)  (66.7598 , 7)  (55.756 , 9)  (54.585 , 3)  (54.5087 , 5)  (54.2747 , 6)  (48.7463 , 8)  (46.4566 , 4)  (46.0893 , 1)  
(95.7721 , 9)  (71.5068 , 6)  (55.7133 , 5)  (54.4162 , 2)  (53.8946 , 1)  (53.7774 , 7)  (43.9998 , 8)  (41.4489 , 3)  (39.8135 , 4)  
(102.423 , 8)  (55.7359 , 7)  (55.3369 , 5)  (53.6294 , 9)  (49.9822 , 6)  (49.2412 , 2)  (47.9326 , 3)  (44.8866 , 4)  (39.0685 , 1)  
(100.896 , 1)  (62.0587 , 7)  (53.8574 , 6)  (53.1892 , 5)  (51.0769 , 4)  (49.8415 , 9)  (48.8517 , 2)  (47.2304 , 3)  (40.4667 , 8)  
(83.1096 , 3)  (65.5072 , 7)  (59.4307 , 9)  (58.0735 , 6)  (57.2153 , 5)  (48.2443 , 1)  (47.4276 , 8)  (46.0076 , 2)  (42.4858 , 4)  
(81.5349 , 7)  (77.3283 , 6)  (61.1782 , 1)  (53.5831 , 2)  (53.348 , 8)  (51.7266 , 4)  (50.8955 , 5)  (50.8066 , 3)  (35.5104 , 9)  
(98.3793 , 6)  (56.1518 , 1)  (55.4036 , 8)  (51.3955 , 7)  (51.0565 , 2)  (49.8307 , 9)  (47.2362 , 5)  (45.8751 , 3)  (45.2262 , 4)  
