 -------------------4548------------
(97.8807 , 9)  (63.9048 , 7)  (55.7019 , 4)  (55.2221 , 2)  (52.6622 , 6)  (48.6738 , 1)  (48.3388 , 8)  (44.9698 , 5)  (40.2302 , 3)  
(103.147 , 1)  (56.6616 , 8)  (54.2954 , 2)  (51.7513 , 6)  (49.1326 , 5)  (48.442 , 7)  (48.3307 , 4)  (47.1763 , 3)  (43.8078 , 9)  
(97.4585 , 8)  (83.7473 , 5)  (58.0798 , 7)  (57.0402 , 6)  (54.1917 , 2)  (45.8658 , 1)  (45.0168 , 4)  (39.5277 , 9)  (36.353 , 3)  
(105.502 , 7)  (56.4918 , 6)  (53.7004 , 9)  (52.8923 , 1)  (49.7181 , 5)  (49.3345 , 2)  (47.2394 , 4)  (45.997 , 8)  (45.6694 , 3)  
(95.2765 , 2)  (68.6487 , 1)  (54.1296 , 8)  (53.4938 , 7)  (53.4211 , 6)  (48.5094 , 9)  (47.5667 , 3)  (45.7423 , 5)  (38.6264 , 4)  
(107.292 , 6)  (58.8093 , 7)  (55.5982 , 5)  (51.2361 , 3)  (50.6975 , 9)  (48.5432 , 1)  (48.486 , 8)  (44.4814 , 2)  (43.9462 , 4)  
(104.26 , 3)  (59.7192 , 6)  (55.954 , 9)  (52.8816 , 5)  (52.7356 , 1)  (51.1244 , 7)  (49.8105 , 2)  (39.0912 , 4)  (35.0699 , 8)  
(103.315 , 4)  (67.0899 , 6)  (54.6894 , 9)  (54.6499 , 7)  (54.2251 , 5)  (53.917 , 2)  (53.6493 , 1)  (39.9566 , 8)  (37.4359 , 3)  
(99.9147 , 5)  (68.3497 , 9)  (55.4957 , 2)  (53.0894 , 7)  (51.6771 , 3)  (50.5267 , 6)  (46.9469 , 1)  (44.1645 , 8)  (38.5511 , 4)  
