 -------------------3518------------
(99.3585 , 9)  (59.1612 , 6)  (57.394 , 7)  (51.7545 , 5)  (51.4984 , 2)  (49.8303 , 4)  (47.1397 , 8)  (47.1096 , 1)  (44.7259 , 3)  
(97.6559 , 2)  (58.8257 , 8)  (56.7588 , 9)  (54.3078 , 1)  (51.6573 , 6)  (50.2249 , 7)  (48.7626 , 5)  (48.4039 , 3)  (44.0772 , 4)  
(97.2301 , 3)  (59.6317 , 7)  (56.4655 , 4)  (53.948 , 5)  (51.3857 , 1)  (51.0173 , 2)  (47.3305 , 6)  (45.9872 , 8)  (39.8107 , 9)  
(80.0853 , 8)  (79.2661 , 2)  (72.541 , 6)  (68.0594 , 9)  (55.1887 , 7)  (47.1854 , 5)  (43.8683 , 3)  (38.4048 , 1)  (30.1395 , 4)  
(94.5557 , 6)  (61.3974 , 5)  (55.8581 , 9)  (55.6176 , 7)  (51.0586 , 1)  (50.6631 , 2)  (44.8044 , 3)  (42.236 , 8)  (34.0892 , 4)  
(90.0281 , 7)  (64.0748 , 1)  (63.3222 , 2)  (57.7062 , 3)  (57.1226 , 6)  (49.278 , 8)  (48.791 , 5)  (44.0291 , 4)  (36.9267 , 9)  
(88.3304 , 4)  (71.6969 , 2)  (69.0571 , 6)  (61.6988 , 7)  (60.4879 , 8)  (57.6001 , 1)  (43.1827 , 9)  (38.3837 , 3)  (34.2134 , 5)  
(101.335 , 1)  (69.304 , 7)  (62.5038 , 6)  (59.183 , 2)  (57.6845 , 5)  (54.9127 , 9)  (40.8734 , 3)  (39.5844 , 4)  (27.2377 , 8)  
(94.7069 , 5)  (61.3407 , 1)  (59.5663 , 7)  (57.7932 , 2)  (55.7993 , 6)  (55.7186 , 9)  (49.6871 , 8)  (46.0858 , 3)  (34.4399 , 4)  
