 -------------------1139------------
(94.6288 , 2)  (58.4863 , 8)  (57.2366 , 1)  (56.1236 , 7)  (54.5833 , 6)  (50.4959 , 9)  (48.4616 , 4)  (44.6614 , 5)  (42.0161 , 3)  
(81.8053 , 4)  (65.5737 , 2)  (65.4798 , 6)  (61.7838 , 7)  (56.929 , 1)  (55.833 , 5)  (53.3775 , 9)  (43.4634 , 8)  (38.6061 , 3)  
(96.3178 , 8)  (57.1229 , 6)  (55.1414 , 7)  (52.2359 , 5)  (51.3498 , 9)  (50.7635 , 2)  (49.9634 , 1)  (47.5971 , 3)  (47.0797 , 4)  
(95.7003 , 7)  (75.1063 , 2)  (61.2783 , 9)  (56.4796 , 4)  (55.6516 , 6)  (46.8056 , 1)  (45.8178 , 5)  (45.6369 , 8)  (42.6505 , 3)  
(104.513 , 6)  (58.5928 , 5)  (52.5996 , 1)  (50.5224 , 7)  (49.705 , 9)  (48.4908 , 3)  (47.6137 , 2)  (45.736 , 4)  (36.6934 , 8)  
(93.3051 , 5)  (64.2134 , 2)  (64.0665 , 7)  (52.8164 , 1)  (52.8099 , 4)  (47.0056 , 8)  (46.1475 , 9)  (45.5591 , 6)  (37.8479 , 3)  
(87.9123 , 9)  (67.6413 , 7)  (63.8733 , 6)  (54.6548 , 3)  (51.7259 , 2)  (50.8989 , 4)  (50.8769 , 1)  (44.7082 , 5)  (39.7805 , 8)  
(99.9238 , 1)  (65.7911 , 7)  (60.8371 , 5)  (59.5262 , 6)  (52.3049 , 2)  (48.5568 , 9)  (40.8917 , 3)  (39.8763 , 8)  (36.6067 , 4)  
(90.7033 , 3)  (65.7912 , 7)  (65.4608 , 6)  (59.6603 , 8)  (57.1065 , 2)  (49.9481 , 5)  (44.0673 , 9)  (40.0227 , 4)  (36.6639 , 1)  
