 -------------------2209------------
(103.318 , 2)  (73.193 , 7)  (56.9212 , 6)  (51.4654 , 8)  (46.6027 , 4)  (46.3347 , 5)  (46.076 , 9)  (45.409 , 1)  (39.3695 , 3)  
(101.613 , 1)  (55.1098 , 4)  (54.7121 , 7)  (54.3048 , 5)  (51.5083 , 8)  (49.4362 , 9)  (47.9322 , 2)  (46.7368 , 6)  (45.6946 , 3)  
(99.9777 , 3)  (67.7924 , 9)  (54.6081 , 4)  (54.5798 , 2)  (53.7052 , 7)  (53.6118 , 6)  (49.7879 , 5)  (41.5467 , 8)  (37.0424 , 1)  
(103.626 , 7)  (54.8688 , 6)  (54.2197 , 9)  (52.2995 , 1)  (50.9672 , 5)  (50.6659 , 2)  (47.986 , 4)  (43.9347 , 3)  (40.9212 , 8)  
(93.9462 , 6)  (57.5306 , 2)  (57.4518 , 8)  (54.669 , 5)  (54.0369 , 7)  (51.9703 , 4)  (51.562 , 9)  (51.1071 , 3)  (46.4809 , 1)  
(73.1187 , 8)  (71.0491 , 9)  (69.1944 , 3)  (57.8015 , 5)  (57.5887 , 1)  (55.1918 , 4)  (46.5668 , 6)  (42.1895 , 2)  (38.4755 , 7)  
(87.2839 , 5)  (60.564 , 3)  (59.8383 , 6)  (59.439 , 9)  (55.9088 , 8)  (48.7903 , 1)  (48.7813 , 7)  (46.8884 , 4)  (45.3555 , 2)  
(94.5721 , 8)  (62.9815 , 9)  (57.5561 , 6)  (56.6923 , 2)  (55.6078 , 1)  (53.2152 , 7)  (45.4377 , 5)  (44.6354 , 3)  (43.5039 , 4)  
(96.2277 , 4)  (55.5398 , 2)  (54.3056 , 9)  (53.5365 , 6)  (51.54 , 7)  (51.4871 , 5)  (50.258 , 1)  (48.0683 , 8)  (41.9353 , 3)  
