 -------------------648------------
(98.7402 , 3)  (58.7433 , 7)  (53.2767 , 4)  (51.884 , 2)  (50.6788 , 5)  (49.4293 , 6)  (47.0033 , 8)  (46.0021 , 9)  (44.1804 , 1)  
(96.952 , 5)  (66.836 , 7)  (53.0672 , 4)  (52.3971 , 6)  (51.8254 , 9)  (51.0881 , 2)  (47.0333 , 8)  (46.8881 , 3)  (45.0164 , 1)  
(97.1139 , 8)  (62.2144 , 6)  (61.7626 , 2)  (58.3275 , 7)  (52.9164 , 9)  (47.6444 , 1)  (45.3941 , 4)  (44.7104 , 5)  (37.3921 , 3)  
(92.1739 , 2)  (62.8339 , 6)  (60.041 , 3)  (54.1848 , 7)  (54.182 , 4)  (52.9186 , 1)  (51.1993 , 8)  (50.0829 , 5)  (38.5458 , 9)  
(99.0631 , 6)  (63.5635 , 7)  (59.5079 , 2)  (58.713 , 5)  (52.3865 , 9)  (51.2303 , 8)  (48.5093 , 4)  (44.8508 , 3)  (37.9461 , 1)  
(103.836 , 1)  (67.041 , 7)  (56.9767 , 2)  (54.4763 , 5)  (52.8298 , 6)  (51.1074 , 9)  (42.6549 , 8)  (35.4873 , 3)  (33.2898 , 4)  
(86.1531 , 7)  (76.9673 , 9)  (64.7282 , 6)  (57.8631 , 2)  (54.8194 , 1)  (49.2564 , 5)  (47.2146 , 8)  (36.6637 , 3)  (36.2614 , 4)  
(88.946 , 9)  (79.621 , 7)  (69.4589 , 6)  (61.5763 , 2)  (55.2272 , 5)  (52.4614 , 1)  (47.9956 , 3)  (36.4101 , 8)  (24.0811 , 4)  
(104.27 , 4)  (64.9405 , 6)  (56.9779 , 3)  (54.0064 , 7)  (50.5255 , 2)  (50.4158 , 1)  (50.045 , 9)  (47.741 , 5)  (33.4546 , 8)  
