 -------------------1870------------
(108.615 , 4)  (67.5607 , 8)  (63.3765 , 7)  (54.8182 , 2)  (53.5969 , 5)  (45.9342 , 6)  (45.7226 , 1)  (43.4354 , 3)  (23.1994 , 9)  
(105.23 , 6)  (55.064 , 7)  (54.1695 , 4)  (53.3538 , 1)  (52.8914 , 3)  (50.3051 , 8)  (49.3762 , 5)  (47.3011 , 9)  (42.2636 , 2)  
(89.0715 , 9)  (79.3816 , 5)  (57.0079 , 6)  (54.415 , 7)  (51.1375 , 4)  (48.4629 , 1)  (48.3681 , 2)  (45.2434 , 3)  (40.7258 , 8)  
(91.4709 , 3)  (61.0312 , 6)  (59.1413 , 2)  (55.966 , 8)  (55.4129 , 7)  (51.0921 , 9)  (50.6624 , 1)  (47.3543 , 5)  (45.6152 , 4)  
(109.87 , 2)  (55.4293 , 9)  (52.808 , 7)  (51.4424 , 1)  (50.313 , 6)  (50.0164 , 5)  (49.0206 , 8)  (41.4717 , 4)  (40.2365 , 3)  
(97.206 , 5)  (58.2312 , 6)  (52.8092 , 2)  (52.3536 , 3)  (51.9587 , 8)  (51.2812 , 1)  (51.1059 , 9)  (50.9999 , 7)  (35.3414 , 4)  
(100.851 , 1)  (60.4165 , 2)  (59.48 , 5)  (59.3159 , 6)  (59.0418 , 7)  (58.216 , 9)  (41.6499 , 3)  (38.4584 , 4)  (30.0414 , 8)  
(73.7229 , 7)  (65.3596 , 2)  (64.6621 , 5)  (63.5249 , 9)  (62.4811 , 8)  (56.7783 , 3)  (49.655 , 1)  (48.0968 , 6)  (37.7768 , 4)  
(78.3197 , 8)  (72.4802 , 9)  (66.4829 , 2)  (62.9594 , 6)  (50.923 , 7)  (46.5844 , 3)  (44.8707 , 1)  (41.2271 , 4)  (41.0723 , 5)  
