 -------------------222------------
(96.5273 , 4)  (72.6457 , 6)  (61.708 , 7)  (50.6575 , 9)  (49.8684 , 2)  (49.3707 , 1)  (48.8105 , 5)  (45.8145 , 8)  (40.1786 , 3)  
(99.6635 , 1)  (65.166 , 2)  (58.1163 , 5)  (56.4082 , 9)  (55.7369 , 7)  (46.5038 , 8)  (44.0848 , 6)  (38.3935 , 4)  (37.4838 , 3)  
(102.749 , 6)  (59.1589 , 9)  (56.3219 , 7)  (53.0974 , 1)  (52.5844 , 5)  (47.6541 , 3)  (45.0516 , 8)  (44.6187 , 4)  (41.85 , 2)  
(100.757 , 2)  (59.7656 , 7)  (56.5389 , 6)  (52.4861 , 1)  (51.4998 , 3)  (51.3266 , 5)  (50.7892 , 9)  (47.691 , 8)  (40.8455 , 4)  
(83.6122 , 9)  (64.908 , 6)  (63.1788 , 7)  (52.8411 , 5)  (51.1402 , 4)  (47.3249 , 8)  (47.2829 , 3)  (44.9456 , 2)  (44.8713 , 1)  
(103.758 , 7)  (62.1501 , 2)  (60.6868 , 6)  (57.0794 , 1)  (54.5633 , 9)  (47.0949 , 5)  (42.685 , 3)  (37.9586 , 8)  (36.4487 , 4)  
(96.015 , 5)  (61.6025 , 9)  (60.3831 , 7)  (59.0378 , 6)  (57.8109 , 2)  (48.9168 , 8)  (48.0616 , 3)  (44.9003 , 1)  (31.1427 , 4)  
(93.5352 , 3)  (63.7874 , 7)  (62.3305 , 6)  (55.7022 , 9)  (52.9395 , 2)  (48.1532 , 5)  (44.6862 , 1)  (43.967 , 4)  (34.4118 , 8)  
(73.0232 , 8)  (66.6985 , 9)  (62.2307 , 6)  (58.3012 , 7)  (57.1942 , 1)  (52.5519 , 3)  (48.192 , 5)  (47.2925 , 2)  (44.0159 , 4)  
