 -------------------3109------------
(105.999 , 4)  (55.4507 , 6)  (52.1735 , 9)  (51.3303 , 2)  (50.4675 , 3)  (50.0237 , 5)  (49.0287 , 1)  (47.491 , 8)  (46.7724 , 7)  
(86.1541 , 5)  (62.433 , 6)  (60.3879 , 1)  (56.12 , 8)  (55.0762 , 9)  (52.7331 , 2)  (51.0447 , 3)  (48.6232 , 4)  (48.2329 , 7)  
(68.1267 , 2)  (65.5632 , 7)  (56.1926 , 3)  (56.1133 , 5)  (55.2885 , 9)  (53.9076 , 6)  (48.8587 , 4)  (46.375 , 8)  (45.786 , 1)  
(95.6608 , 9)  (68.0001 , 6)  (57.3074 , 5)  (56.628 , 2)  (55.0463 , 1)  (53.1679 , 7)  (45.5607 , 8)  (42.4655 , 4)  (39.204 , 3)  
(102.194 , 8)  (55.8047 , 5)  (55.0116 , 2)  (52.8287 , 7)  (51.8186 , 9)  (48.679 , 6)  (47.7385 , 3)  (46.3791 , 4)  (39.3564 , 1)  
(101.768 , 1)  (56.8025 , 7)  (52.5551 , 2)  (52.1664 , 9)  (51.1395 , 6)  (50.6606 , 3)  (50.5775 , 5)  (49.3598 , 4)  (40.601 , 8)  
(80.1519 , 3)  (63.767 , 6)  (63.2204 , 7)  (59.0166 , 9)  (56.3347 , 5)  (53.044 , 1)  (50.9157 , 2)  (43.8316 , 8)  (37.3402 , 4)  
(82.8528 , 7)  (73.8259 , 6)  (60.9738 , 1)  (58.0614 , 4)  (57.0871 , 8)  (54.8228 , 2)  (54.4243 , 3)  (47.4819 , 5)  (31.6736 , 9)  
(96.8325 , 6)  (54.4153 , 2)  (54.3455 , 1)  (53.8551 , 8)  (53.0883 , 5)  (53.0794 , 9)  (51.7636 , 7)  (45.1543 , 4)  (36.7688 , 3)  
