 -------------------885------------
(98.4789 , 6)  (60.5034 , 4)  (56.5046 , 1)  (55.8846 , 3)  (51.321 , 2)  (47.7651 , 8)  (47.6735 , 5)  (46.716 , 9)  (45.1639 , 7)  
(92.5283 , 3)  (66.5759 , 2)  (61.1688 , 5)  (57.6771 , 7)  (56.3847 , 6)  (50.6736 , 9)  (50.0226 , 1)  (37.7569 , 4)  (35.0297 , 8)  
(78.6831 , 8)  (59.7015 , 6)  (58.812 , 7)  (56.2109 , 3)  (55.7606 , 5)  (53.8427 , 9)  (48.769 , 4)  (47.2695 , 1)  (45.8953 , 2)  
(95.1205 , 2)  (81.46 , 7)  (69.0742 , 6)  (56.6286 , 8)  (48.3842 , 1)  (46.0138 , 5)  (44.5685 , 9)  (40.9119 , 3)  (37.0328 , 4)  
(102.093 , 1)  (65.4711 , 6)  (60.0898 , 5)  (59.6347 , 7)  (56.3254 , 2)  (53.9542 , 9)  (42.1022 , 3)  (36.4762 , 4)  (30.6483 , 8)  
(90.8985 , 4)  (76.2842 , 6)  (72.2062 , 9)  (63.7256 , 2)  (55.419 , 1)  (53.76 , 5)  (53.0766 , 7)  (33.6764 , 8)  (28.1411 , 3)  
(96.4104 , 9)  (69.3799 , 6)  (55.4702 , 1)  (51.4089 , 7)  (47.803 , 5)  (47.6929 , 2)  (46.0505 , 8)  (43.5144 , 4)  (40.553 , 3)  
(96.3003 , 7)  (67.9221 , 6)  (63.6548 , 9)  (62.4363 , 2)  (55.4947 , 5)  (52.5445 , 1)  (42.9944 , 3)  (37.1406 , 4)  (30.8819 , 8)  
(81.6031 , 5)  (74.435 , 3)  (73.297 , 6)  (67.1063 , 9)  (66.7614 , 1)  (59.8622 , 7)  (42.5036 , 8)  (41.9796 , 2)  (17.2601 , 4)  
