 -------------------4560------------
(99.1501 , 9)  (60.6565 , 7)  (54.5846 , 2)  (53.3601 , 6)  (51.7093 , 4)  (46.8542 , 1)  (46.8255 , 8)  (46.4022 , 5)  (42.4606 , 3)  
(103.655 , 1)  (58.059 , 8)  (53.0348 , 2)  (51.9069 , 6)  (50.6452 , 3)  (50.0629 , 5)  (47.8591 , 4)  (44.9903 , 7)  (39.0106 , 9)  
(90.5192 , 8)  (82.447 , 5)  (60.4747 , 2)  (58.5743 , 7)  (56.2087 , 6)  (46.3331 , 1)  (44.2295 , 9)  (42.7567 , 4)  (34.5342 , 3)  
(106.679 , 7)  (58.0752 , 6)  (57.0825 , 9)  (53.563 , 2)  (51.7026 , 1)  (50.0643 , 5)  (47.9628 , 4)  (39.9672 , 3)  (37.0078 , 8)  
(95.0251 , 2)  (70.8914 , 1)  (62.1067 , 8)  (55.8963 , 3)  (54.2754 , 7)  (47.7846 , 6)  (46.4679 , 9)  (46.2824 , 5)  (39.1072 , 4)  
(106.501 , 6)  (63.9655 , 5)  (56.4763 , 7)  (51.1942 , 1)  (49.7282 , 9)  (48.3586 , 2)  (46.9577 , 4)  (45.9339 , 8)  (44.751 , 3)  
(103.592 , 3)  (62.1393 , 6)  (57.9284 , 7)  (54.5433 , 2)  (50.1917 , 9)  (47.8243 , 1)  (44.2845 , 5)  (37.9651 , 4)  (37.2625 , 8)  
(103.253 , 4)  (68.274 , 6)  (55.4614 , 7)  (53.7424 , 5)  (53.2355 , 1)  (52.2202 , 9)  (51.9113 , 2)  (41.4186 , 8)  (37.8828 , 3)  
(100.32 , 5)  (65.9196 , 9)  (55.6852 , 2)  (53.7959 , 7)  (50.0759 , 6)  (49.9655 , 3)  (46.9563 , 1)  (43.9266 , 8)  (41.0228 , 4)  
