 -------------------1316------------
(83.5935 , 9)  (71.9398 , 5)  (70.011 , 8)  (58.47 , 1)  (52.0138 , 2)  (49.3016 , 3)  (46.2676 , 6)  (46.1054 , 4)  (45.5466 , 7)  
(103.592 , 1)  (59.877 , 6)  (59.7981 , 7)  (53.72 , 4)  (50.2836 , 8)  (49.8578 , 3)  (46.3387 , 2)  (44.641 , 5)  (43.4733 , 9)  
(90.677 , 3)  (64.4339 , 7)  (58.1525 , 9)  (55.4733 , 6)  (55.1562 , 1)  (55.1293 , 4)  (49.982 , 5)  (49.1489 , 2)  (38.5441 , 8)  
(105.545 , 8)  (61.2212 , 6)  (54.6048 , 7)  (53.5628 , 3)  (52.3153 , 1)  (52.084 , 4)  (48.2151 , 5)  (47.9588 , 2)  (40.8064 , 9)  
(102.523 , 5)  (57.0946 , 9)  (52.5935 , 2)  (51.1938 , 8)  (50.7323 , 7)  (49.6941 , 1)  (48.5697 , 4)  (47.0396 , 6)  (44.6894 , 3)  
(90.5551 , 2)  (71.2388 , 3)  (65.7594 , 7)  (54.3169 , 8)  (54.1313 , 1)  (53.1887 , 4)  (42.3152 , 5)  (41.8714 , 6)  (34.3529 , 9)  
(91.4185 , 4)  (65.936 , 6)  (57.4369 , 1)  (55.2129 , 9)  (54.4962 , 2)  (51.7728 , 7)  (51.1131 , 5)  (50.226 , 8)  (37.0356 , 3)  
(104.218 , 6)  (54.621 , 7)  (53.8004 , 5)  (51.8294 , 4)  (49.452 , 8)  (49.1579 , 1)  (47.8994 , 2)  (47.5945 , 9)  (45.0733 , 3)  
(96.0187 , 7)  (68.7927 , 2)  (66.4712 , 9)  (63.3961 , 1)  (54.1139 , 6)  (48.3454 , 5)  (43.5457 , 8)  (42.7303 , 4)  (37.1826 , 3)  
