 -------------------1648------------
(100.825 , 8)  (59.5271 , 7)  (55.9917 , 1)  (55.0277 , 2)  (53.8353 , 9)  (51.8805 , 4)  (48.4991 , 5)  (44.8397 , 6)  (36.5121 , 3)  
(108.129 , 7)  (56.8632 , 9)  (52.0963 , 6)  (51.459 , 1)  (49.6008 , 2)  (45.447 , 4)  (42.2657 , 8)  (40.2626 , 3)  (40.064 , 5)  
(83.0836 , 6)  (78.03 , 5)  (61.0918 , 7)  (60.6139 , 9)  (56.3797 , 2)  (52.7628 , 8)  (44.454 , 1)  (40.2968 , 4)  (36.0572 , 3)  
(79.6093 , 9)  (60.7518 , 7)  (60.038 , 8)  (58.7098 , 6)  (56.4267 , 2)  (48.9469 , 1)  (45.0514 , 4)  (43.5344 , 3)  (43.3135 , 5)  
(78.7343 , 4)  (70.5331 , 9)  (56.8235 , 7)  (56.5723 , 2)  (55.6089 , 1)  (54.2904 , 5)  (51.6941 , 6)  (43.0038 , 8)  (36.0063 , 3)  
(106.363 , 3)  (53.0905 , 6)  (51.9337 , 8)  (51.5718 , 2)  (51.2373 , 1)  (50.8147 , 7)  (48.8649 , 9)  (48.2834 , 5)  (41.1658 , 4)  
(86.9974 , 2)  (75.6943 , 6)  (61.0415 , 1)  (60.6673 , 9)  (59.8509 , 7)  (45.9924 , 3)  (44.7926 , 5)  (41.9913 , 8)  (33.6767 , 4)  
(75.6999 , 5)  (70.2114 , 7)  (65.0118 , 9)  (58.5849 , 6)  (57.6079 , 8)  (56.3146 , 3)  (48.063 , 2)  (44.2374 , 1)  (35.0061 , 4)  
(103.388 , 1)  (63.9773 , 7)  (61.8456 , 6)  (53.5569 , 2)  (51.1685 , 5)  (48.5206 , 4)  (45.0206 , 9)  (43.5847 , 3)  (39.4167 , 8)  
