 -------------------260------------
(102.229 , 4)  (66.8761 , 9)  (54.7082 , 6)  (52.1377 , 7)  (50.739 , 2)  (49.0858 , 1)  (48.3548 , 8)  (47.563 , 3)  (46.7994 , 5)  
(97.0571 , 5)  (82.0982 , 8)  (57.7914 , 6)  (50.3827 , 7)  (49.7663 , 2)  (44.6862 , 4)  (43.247 , 1)  (42.7226 , 9)  (40.3113 , 3)  
(99.1654 , 6)  (67.4728 , 5)  (57.5686 , 1)  (50.5797 , 2)  (50.5217 , 7)  (48.6154 , 9)  (45.6431 , 4)  (44.9716 , 8)  (35.9161 , 3)  
(97.4933 , 8)  (61.4127 , 2)  (57.5832 , 1)  (53.399 , 6)  (52.8787 , 7)  (52.5267 , 3)  (50.1309 , 9)  (44.705 , 5)  (44.66 , 4)  
(98.9174 , 2)  (73.1986 , 3)  (60.6535 , 6)  (59.6655 , 7)  (55.0531 , 9)  (48.5654 , 4)  (45.0072 , 8)  (37.1461 , 1)  (33.8304 , 5)  
(81.9543 , 3)  (64.1732 , 2)  (60.0936 , 7)  (59.3249 , 5)  (54.2903 , 8)  (52.8504 , 4)  (52.654 , 6)  (47.2101 , 1)  (44.6255 , 9)  
(90.9253 , 9)  (56.1716 , 7)  (54.3363 , 6)  (52.9591 , 1)  (51.7282 , 2)  (51.0384 , 3)  (48.6887 , 5)  (47.9432 , 4)  (44.6045 , 8)  
(98.9183 , 1)  (71.8274 , 6)  (58.649 , 5)  (57.221 , 2)  (57.1347 , 7)  (47.4003 , 8)  (44.7158 , 4)  (41.0553 , 9)  (37.8374 , 3)  
(83.5613 , 7)  (68.792 , 2)  (63.7297 , 3)  (61.3754 , 4)  (54.5469 , 5)  (53.7064 , 9)  (51.869 , 6)  (47.4386 , 1)  (29.6872 , 8)  
