 -------------------840------------
(95.5877 , 7)  (65.1894 , 9)  (64.5978 , 2)  (57.9266 , 1)  (56.1061 , 6)  (47.6579 , 5)  (45.6781 , 4)  (43.369 , 3)  (36.095 , 8)  
(99.3887 , 5)  (63.7637 , 8)  (55.0472 , 2)  (54.6806 , 1)  (53.3632 , 6)  (52.7858 , 7)  (52.5445 , 9)  (43.9372 , 3)  (40.5534 , 4)  
(97.4204 , 3)  (65.785 , 2)  (55.8432 , 1)  (55.5794 , 5)  (54.0342 , 9)  (53.993 , 7)  (51.6305 , 6)  (46.4073 , 4)  (29.2909 , 8)  
(98.5208 , 9)  (62.4156 , 6)  (55.0212 , 1)  (52.0601 , 5)  (51.3613 , 2)  (49.8845 , 7)  (47.4398 , 3)  (44.2357 , 4)  (37.3295 , 8)  
(96.5803 , 1)  (68.9009 , 2)  (64.3591 , 6)  (62.5145 , 5)  (52.9858 , 7)  (49.5485 , 9)  (43.8073 , 4)  (35.3852 , 8)  (32.6952 , 3)  
(99.0204 , 2)  (71.1372 , 6)  (57.5836 , 9)  (51.0776 , 7)  (49.5367 , 8)  (46.0714 , 5)  (43.8805 , 1)  (41.7415 , 4)  (37.7284 , 3)  
(89.288 , 4)  (82.5416 , 6)  (64.5829 , 7)  (56.7652 , 9)  (55.3951 , 5)  (53.6885 , 1)  (49.8601 , 2)  (42.2486 , 8)  (34.7678 , 3)  
(105.388 , 6)  (60.3577 , 5)  (54.6252 , 7)  (54.4021 , 1)  (53.4321 , 9)  (52.2331 , 3)  (43.6142 , 4)  (42.2189 , 2)  (39.9963 , 8)  
(95.2095 , 8)  (70.2871 , 2)  (65.4111 , 6)  (61.0911 , 9)  (54.5929 , 7)  (50.0744 , 1)  (43.2337 , 3)  (42.0243 , 5)  (39.3343 , 4)  
