 -------------------1144------------
(95.2303 , 2)  (59.9652 , 8)  (55.9463 , 1)  (55.1371 , 7)  (53.8017 , 6)  (48.1471 , 9)  (45.6369 , 3)  (45.3805 , 4)  (44.7582 , 5)  
(82.3004 , 4)  (67.752 , 7)  (61.962 , 6)  (53.6874 , 2)  (53.5757 , 9)  (53.3581 , 5)  (52.4934 , 1)  (49.7879 , 8)  (36.1333 , 3)  
(91.0905 , 8)  (63.6242 , 6)  (62.1844 , 7)  (61.2363 , 9)  (51.5601 , 5)  (49.0916 , 2)  (47.4328 , 3)  (46.4197 , 1)  (43.2559 , 4)  
(91.6268 , 7)  (73.8667 , 2)  (65.713 , 4)  (60.5556 , 9)  (55.103 , 6)  (48.7758 , 5)  (44.498 , 3)  (44.3851 , 8)  (38.8718 , 1)  
(102.735 , 6)  (63.8924 , 5)  (56.6458 , 2)  (55.7589 , 1)  (54.8798 , 9)  (49.8306 , 7)  (41.6631 , 3)  (40.6659 , 4)  (30.8394 , 8)  
(91.156 , 5)  (72.2973 , 2)  (57.7765 , 8)  (55.1504 , 9)  (54.8892 , 1)  (53.9348 , 7)  (50.7216 , 4)  (40.1115 , 6)  (30.4174 , 3)  
(89.5982 , 9)  (68.2087 , 7)  (67.813 , 6)  (52.3212 , 1)  (51.5795 , 3)  (51.2531 , 2)  (45.5574 , 5)  (39.4191 , 4)  (38.9763 , 8)  
(99.4818 , 1)  (65.6433 , 7)  (61.5371 , 5)  (60.4793 , 6)  (52.1814 , 2)  (50.0747 , 9)  (39.8105 , 3)  (38.4966 , 4)  (38.3434 , 8)  
(91.9129 , 3)  (65.3413 , 7)  (65.0588 , 6)  (59.8366 , 8)  (57.5449 , 2)  (48.3804 , 5)  (43.4732 , 9)  (42.2006 , 4)  (36.3894 , 1)  
