 -------------------1333------------
(82.6506 , 9)  (70.2121 , 5)  (69.1317 , 8)  (59.7689 , 1)  (53.5141 , 2)  (49.1853 , 7)  (47.4212 , 3)  (45.5935 , 4)  (45.3551 , 6)  
(103.606 , 1)  (60.7255 , 6)  (59.078 , 7)  (51.9903 , 3)  (49.7337 , 4)  (46.902 , 2)  (46.3896 , 5)  (45.2723 , 9)  (43.1517 , 8)  
(90.9293 , 3)  (65.0786 , 7)  (59.4406 , 9)  (54.2262 , 6)  (54.1518 , 1)  (53.7037 , 4)  (49.9197 , 2)  (49.085 , 5)  (38.792 , 8)  
(106.679 , 8)  (55.263 , 6)  (53.9195 , 1)  (53.772 , 3)  (52.7634 , 7)  (49.5053 , 4)  (48.6345 , 9)  (46.0803 , 2)  (45.2844 , 5)  
(99.1588 , 5)  (60.7904 , 9)  (57.0404 , 2)  (53.8906 , 8)  (52.847 , 7)  (51.4125 , 6)  (48.1889 , 1)  (45.4909 , 3)  (41.2155 , 4)  
(92.1332 , 2)  (71.9182 , 3)  (64.0533 , 7)  (54.1691 , 1)  (54.0913 , 8)  (52.3503 , 4)  (42.5394 , 6)  (41.7826 , 5)  (34.8761 , 9)  
(87.5446 , 4)  (63.6016 , 6)  (59.7652 , 9)  (57.3038 , 1)  (55.4996 , 8)  (51.2576 , 7)  (50.9605 , 2)  (47.8433 , 5)  (41.5784 , 3)  
(104.931 , 6)  (53.5957 , 2)  (53.3982 , 7)  (51.3182 , 5)  (50.3199 , 4)  (49.9943 , 1)  (48.4239 , 8)  (48.1289 , 9)  (44.9228 , 3)  
(97.5377 , 7)  (67.5222 , 2)  (63.7458 , 1)  (60.3318 , 9)  (54.1841 , 6)  (47.0003 , 5)  (46.8153 , 8)  (44.1557 , 4)  (39.7131 , 3)  
