 -------------------4183------------
(106.82 , 2)  (56.797 , 7)  (55.7814 , 1)  (53.1655 , 8)  (52.6573 , 6)  (51.6047 , 9)  (50.5326 , 5)  (43.4697 , 4)  (40.2454 , 3)  
(105.938 , 7)  (63.0081 , 1)  (54.5861 , 5)  (53.5466 , 2)  (50.3777 , 6)  (50.137 , 3)  (45.8582 , 4)  (45.2427 , 9)  (43.871 , 8)  
(80.5817 , 9)  (65.7273 , 7)  (53.9946 , 6)  (53.4253 , 5)  (52.3622 , 4)  (51.0583 , 2)  (48.4987 , 1)  (48.2626 , 8)  (40.3073 , 3)  
(90.0925 , 6)  (66.8463 , 2)  (58.0443 , 7)  (54.1336 , 5)  (53.4456 , 1)  (50.912 , 9)  (50.2631 , 4)  (44.5659 , 8)  (41.117 , 3)  
(102.976 , 1)  (61.7313 , 7)  (57.973 , 2)  (56.423 , 6)  (54.4383 , 5)  (51.2919 , 9)  (46.7024 , 4)  (43.6576 , 3)  (35.1677 , 8)  
(107.266 , 8)  (57.6399 , 2)  (56.5142 , 4)  (50.0109 , 3)  (49.9104 , 6)  (48.0486 , 7)  (47.1481 , 9)  (46.3915 , 1)  (41.6887 , 5)  
(81.3019 , 4)  (76.0366 , 9)  (55.9772 , 6)  (55.8455 , 2)  (54.0945 , 7)  (52.5234 , 1)  (50.0363 , 5)  (43.3287 , 3)  (43.1147 , 8)  
(102.194 , 5)  (61.2845 , 6)  (57.0221 , 3)  (56.8936 , 7)  (56.8411 , 2)  (49.8268 , 1)  (48.0893 , 9)  (46.1591 , 8)  (34.5212 , 4)  
(78.415 , 3)  (67.3865 , 9)  (57.6149 , 6)  (53.5806 , 7)  (53.3316 , 8)  (52.9694 , 2)  (51.4115 , 1)  (48.0891 , 5)  (45.2673 , 4)  
