 -------------------199------------
(95.5303 , 2)  (72.995 , 8)  (60.2717 , 7)  (52.4838 , 5)  (51.1668 , 9)  (47.8668 , 1)  (46.9551 , 3)  (43.7296 , 6)  (42.4963 , 4)  
(106.563 , 5)  (57.6337 , 8)  (52.9904 , 1)  (52.3645 , 4)  (51.1533 , 2)  (50.3273 , 9)  (46.9425 , 7)  (39.9253 , 6)  (39.5164 , 3)  
(107.081 , 6)  (56.04 , 4)  (54.691 , 5)  (52.7986 , 3)  (51.0666 , 7)  (49.3513 , 8)  (47.7623 , 9)  (45.5539 , 2)  (39.3695 , 1)  
(97.0473 , 1)  (68.6806 , 8)  (55.124 , 2)  (50.4158 , 5)  (49.1765 , 3)  (47.5072 , 7)  (46.0439 , 4)  (44.3881 , 6)  (42.2288 , 9)  
(99.8322 , 7)  (67.0621 , 9)  (62.4177 , 6)  (59.8616 , 1)  (54.9436 , 2)  (45.7277 , 5)  (39.1952 , 8)  (38.7439 , 3)  (33.3371 , 4)  
(73.2572 , 4)  (70.5019 , 9)  (63.7337 , 1)  (58.1953 , 6)  (52.7 , 2)  (46.9331 , 3)  (46.8496 , 5)  (41.2125 , 7)  (39.116 , 8)  
(92.0025 , 9)  (60.615 , 5)  (60.5567 , 6)  (55.0038 , 3)  (50.6967 , 2)  (47.6648 , 8)  (46.5753 , 4)  (45.5979 , 7)  (45.3539 , 1)  
(100.483 , 3)  (61.9514 , 7)  (61.7306 , 6)  (57.9812 , 5)  (48.0409 , 1)  (46.7227 , 2)  (46.2799 , 8)  (43.7181 , 4)  (40.0515 , 9)  
(102.449 , 8)  (63.1361 , 7)  (58.5486 , 2)  (58.3793 , 6)  (50.3519 , 4)  (47.2455 , 5)  (43.7368 , 9)  (42.9322 , 1)  (34.4886 , 3)  
