 -------------------1867------------
(108.673 , 4)  (66.4748 , 8)  (57.3565 , 2)  (52.5998 , 7)  (50.9091 , 5)  (47.2298 , 3)  (46.5354 , 1)  (43.5519 , 6)  (23.6666 , 9)  
(105.345 , 6)  (54.948 , 4)  (54.1881 , 3)  (54.125 , 7)  (52.5554 , 1)  (50.9235 , 8)  (49.1764 , 5)  (49.1004 , 9)  (41.4731 , 2)  
(90.3055 , 9)  (75.5569 , 5)  (55.8182 , 7)  (55.813 , 6)  (53.7322 , 2)  (52.3488 , 4)  (44.3167 , 1)  (43.0065 , 8)  (36.4264 , 3)  
(92.1722 , 3)  (64.2365 , 6)  (56.387 , 2)  (55.4305 , 8)  (55.0015 , 7)  (53.1658 , 1)  (51.5733 , 9)  (47.0218 , 5)  (43.5724 , 4)  
(109.452 , 2)  (58.3914 , 7)  (54.6779 , 9)  (51.2271 , 6)  (49.4308 , 1)  (48.3782 , 5)  (46.8486 , 8)  (41.0662 , 4)  (39.3725 , 3)  
(95.8841 , 5)  (56.8605 , 3)  (56.798 , 9)  (56.4551 , 6)  (51.3276 , 8)  (50.2574 , 2)  (49.8517 , 1)  (46.2556 , 7)  (38.9392 , 4)  
(100.447 , 1)  (59.9809 , 7)  (59.8736 , 6)  (59.868 , 9)  (59.7761 , 2)  (59.5772 , 5)  (41.5308 , 3)  (37.4904 , 4)  (28.6602 , 8)  
(72.4227 , 7)  (66.1487 , 8)  (64.6859 , 9)  (63.9825 , 5)  (59.4497 , 2)  (56.4998 , 1)  (55.2922 , 6)  (49.9616 , 3)  (36.0932 , 4)  
(80.2696 , 8)  (72.7717 , 9)  (64.7188 , 2)  (62.3967 , 6)  (51.5865 , 7)  (46.2802 , 1)  (43.5232 , 5)  (42.4129 , 3)  (39.6938 , 4)  
