 -------------------849------------
(99.3952 , 7)  (64.8106 , 9)  (56.7361 , 2)  (56.624 , 6)  (53.8578 , 1)  (47.3669 , 5)  (45.7399 , 4)  (44.8691 , 3)  (34.5739 , 8)  
(99.1216 , 5)  (65.7057 , 8)  (55.0967 , 2)  (54.9585 , 7)  (49.17 , 1)  (48.7115 , 4)  (47.8094 , 6)  (46.167 , 9)  (45.303 , 3)  
(102.356 , 3)  (62.732 , 2)  (53.42 , 9)  (51.2452 , 4)  (50.2819 , 1)  (49.5278 , 7)  (48.4929 , 6)  (46.2401 , 5)  (40.028 , 8)  
(100.087 , 9)  (61.9196 , 6)  (55.9131 , 1)  (54.322 , 2)  (49.752 , 5)  (48.0186 , 7)  (46.4884 , 3)  (43.7198 , 4)  (36.1503 , 8)  
(96.5543 , 1)  (65.5364 , 2)  (63.179 , 6)  (62.4585 , 5)  (54.4788 , 7)  (48.014 , 9)  (45.5051 , 4)  (42.4503 , 8)  (32.8484 , 3)  
(103.188 , 2)  (67.7717 , 6)  (56.3902 , 9)  (50.2106 , 1)  (46.3582 , 7)  (46.0162 , 5)  (45.9764 , 8)  (45.4455 , 3)  (38.155 , 4)  
(95.0813 , 4)  (81.2981 , 6)  (65.3103 , 7)  (56.8005 , 5)  (52.7402 , 9)  (49.1665 , 1)  (48.6641 , 2)  (40.4383 , 8)  (30.4928 , 3)  
(107.038 , 6)  (56.476 , 5)  (55.7724 , 1)  (55.5827 , 7)  (54.7244 , 9)  (46.2121 , 2)  (43.8784 , 3)  (41.7343 , 4)  (41.0179 , 8)  
(90.6931 , 8)  (74.5239 , 2)  (74.0787 , 6)  (61.3899 , 9)  (56.2398 , 7)  (50.4124 , 1)  (44.595 , 5)  (41.6638 , 3)  (36.0031 , 4)  
