 -------------------262------------
(104.255 , 4)  (60.7099 , 9)  (55.2414 , 6)  (50.9957 , 7)  (50.2324 , 8)  (49.5941 , 2)  (49.3778 , 3)  (48.6648 , 1)  (43.2688 , 5)  
(95.2086 , 5)  (74.7554 , 8)  (59.0311 , 6)  (53.3983 , 2)  (51.8278 , 7)  (46.919 , 4)  (42.446 , 9)  (42.3122 , 1)  (41.884 , 3)  
(100.086 , 6)  (60.8227 , 5)  (58.7104 , 1)  (51.4108 , 7)  (48.6714 , 9)  (47.5964 , 8)  (44.9619 , 2)  (44.5201 , 4)  (37.1432 , 3)  
(94.2135 , 8)  (62.1688 , 1)  (59.5795 , 2)  (56.2136 , 9)  (54.0918 , 7)  (50.7343 , 6)  (50.2044 , 5)  (46.2253 , 3)  (41.8849 , 4)  
(99.8245 , 2)  (65.3288 , 3)  (62.204 , 7)  (61.3426 , 6)  (55.9343 , 9)  (47.21 , 4)  (44.9462 , 8)  (38.3253 , 1)  (33.6106 , 5)  
(80.8737 , 3)  (63.1919 , 2)  (62.7965 , 7)  (58.0019 , 8)  (57.6285 , 5)  (53.7078 , 4)  (51.3709 , 6)  (44.9678 , 9)  (44.2562 , 1)  
(90.7633 , 9)  (56.5152 , 1)  (55.343 , 7)  (54.7146 , 6)  (52.0842 , 2)  (48.7025 , 3)  (47.2397 , 4)  (46.8527 , 5)  (45.4102 , 8)  
(98.8119 , 1)  (73.8933 , 6)  (57.3539 , 7)  (56.665 , 5)  (55.4937 , 2)  (46.2654 , 4)  (45.286 , 8)  (42.3186 , 3)  (40.972 , 9)  
(79.5926 , 7)  (68.6771 , 2)  (63.2493 , 4)  (58.7415 , 5)  (57.5196 , 3)  (47.7923 , 1)  (47.4101 , 6)  (46.4251 , 9)  (34.4541 , 8)  
