 -------------------1344------------
(83.2079 , 9)  (71.9059 , 8)  (68.7251 , 5)  (60.3354 , 1)  (51.1706 , 2)  (49.5337 , 7)  (47.6319 , 3)  (47.4274 , 6)  (47.0593 , 4)  
(103.429 , 1)  (59.2563 , 6)  (58.6052 , 7)  (51.9666 , 4)  (51.3161 , 3)  (46.2463 , 2)  (45.9141 , 8)  (45.9019 , 9)  (45.2929 , 5)  
(91.1442 , 3)  (62.1555 , 7)  (59.2719 , 9)  (54.9903 , 4)  (54.6514 , 1)  (53.7227 , 6)  (51.3056 , 5)  (50.0911 , 2)  (37.5217 , 8)  
(107.384 , 8)  (57.332 , 7)  (56.5718 , 1)  (53.701 , 6)  (51.9915 , 4)  (49.4853 , 5)  (45.727 , 3)  (44.2645 , 2)  (39.1662 , 9)  
(102.028 , 5)  (57.6986 , 9)  (54.5709 , 2)  (50.17 , 8)  (49.7021 , 1)  (48.5779 , 4)  (47.466 , 7)  (47.1661 , 6)  (45.5049 , 3)  
(86.2476 , 2)  (72.971 , 3)  (69.3179 , 7)  (53.7983 , 1)  (53.7702 , 4)  (52.5881 , 8)  (45.7689 , 5)  (42.611 , 6)  (35.9319 , 9)  
(85.5373 , 4)  (65.7823 , 6)  (60.4906 , 1)  (55.9903 , 9)  (53.6118 , 8)  (53.4188 , 2)  (48.9952 , 5)  (48.7794 , 7)  (42.4165 , 3)  
(104.248 , 6)  (55.2318 , 7)  (53.1432 , 2)  (51.1675 , 8)  (50.8772 , 4)  (50.8067 , 5)  (49.775 , 1)  (47.5938 , 9)  (43.6687 , 3)  
(97.3463 , 7)  (69.9595 , 2)  (62.8035 , 1)  (59.8222 , 9)  (50.7987 , 6)  (47.4733 , 8)  (44.8758 , 4)  (43.7019 , 3)  (41.9 , 5)  
