 -------------------860------------
(97.6375 , 7)  (62.0224 , 9)  (55.9306 , 1)  (55.6463 , 2)  (55.6009 , 6)  (48.6525 , 5)  (45.5765 , 3)  (44.943 , 4)  (41.1407 , 8)  
(99.1018 , 5)  (64.6527 , 8)  (55.2736 , 2)  (53.5168 , 7)  (52.2633 , 1)  (52.1433 , 6)  (49.6477 , 9)  (43.7078 , 3)  (43.1298 , 4)  
(102.836 , 3)  (61.9173 , 2)  (53.7363 , 9)  (51.4605 , 1)  (51.1924 , 4)  (49.8179 , 6)  (49.3284 , 7)  (46.3568 , 5)  (37.603 , 8)  
(97.725 , 9)  (61.481 , 6)  (58.9024 , 1)  (53.4108 , 5)  (51.9106 , 7)  (49.0096 , 2)  (47.7334 , 3)  (45.1545 , 4)  (36.9191 , 8)  
(91.2576 , 1)  (66.3012 , 2)  (65.6641 , 6)  (63.2675 , 5)  (54.9378 , 7)  (48.3392 , 9)  (46.6945 , 4)  (41.3729 , 8)  (32.7111 , 3)  
(101.218 , 2)  (73.5546 , 6)  (58.726 , 9)  (49.3613 , 1)  (49.2899 , 5)  (45.6576 , 7)  (44.6918 , 8)  (43.779 , 3)  (35.7032 , 4)  
(88.0503 , 4)  (74.1364 , 6)  (64.8178 , 7)  (59.7289 , 9)  (56.3956 , 5)  (53.8351 , 2)  (49.6608 , 1)  (39.4608 , 8)  (35.2486 , 3)  
(84.8193 , 6)  (77.208 , 3)  (67.9379 , 5)  (65.1941 , 1)  (55.2626 , 7)  (47.0918 , 9)  (43.4541 , 2)  (39.9683 , 8)  (27.094 , 4)  
(74.4721 , 8)  (70.7187 , 7)  (65.1233 , 2)  (58.0174 , 6)  (57.8214 , 9)  (51.9307 , 3)  (50.7755 , 5)  (49.2741 , 1)  (41.4272 , 4)  
