 -------------------1865------------
(106.191 , 4)  (61.1486 , 2)  (59.071 , 8)  (58.1687 , 7)  (52.695 , 5)  (48.575 , 1)  (44.8906 , 6)  (43.1348 , 3)  (32.103 , 9)  
(105.691 , 6)  (55.4305 , 3)  (55.1035 , 4)  (52.7978 , 1)  (51.1011 , 7)  (48.8682 , 9)  (47.7837 , 5)  (46.616 , 8)  (46.328 , 2)  
(90.0996 , 9)  (77.9438 , 5)  (58.9386 , 6)  (51.9398 , 7)  (51.6007 , 4)  (49.9256 , 2)  (46.3536 , 1)  (45.6783 , 3)  (43.8916 , 8)  
(90.6312 , 3)  (58.2822 , 2)  (57.2704 , 7)  (57.1621 , 6)  (56.8392 , 8)  (51.5648 , 1)  (51.102 , 9)  (48.3521 , 5)  (45.2028 , 4)  
(108.739 , 2)  (60.8314 , 7)  (51.6714 , 8)  (50.1074 , 9)  (49.7422 , 6)  (49.5926 , 1)  (47.6255 , 5)  (46.261 , 4)  (42.1898 , 3)  
(99.6182 , 5)  (56.3578 , 6)  (51.5782 , 4)  (49.5378 , 8)  (49.4537 , 7)  (48.3949 , 2)  (48.3917 , 9)  (47.8397 , 1)  (44.8522 , 3)  
(103.197 , 1)  (62.9783 , 7)  (58.556 , 6)  (56.6017 , 5)  (55.9129 , 2)  (51.8043 , 9)  (42.1019 , 3)  (38.5689 , 4)  (34.4392 , 8)  
(71.3891 , 7)  (66.6846 , 5)  (66.6243 , 9)  (63.1556 , 2)  (62.102 , 8)  (54.3039 , 6)  (53.0148 , 1)  (49.4937 , 3)  (37.7848 , 4)  
(81.0638 , 8)  (70.8902 , 9)  (63.9607 , 2)  (61.099 , 6)  (49.5258 , 7)  (46.8845 , 3)  (46.4941 , 1)  (42.437 , 4)  (41.3432 , 5)  
