 -------------------4365------------
(99.1523 , 9)  (59.9532 , 2)  (57.1262 , 7)  (54.4456 , 6)  (53.037 , 4)  (51.8517 , 1)  (48.2316 , 8)  (44.9987 , 5)  (39.3394 , 3)  
(88.4681 , 7)  (64.1278 , 2)  (61.123 , 8)  (60.4066 , 4)  (54.7955 , 9)  (51.1152 , 1)  (47.43 , 6)  (45.0324 , 5)  (44.1865 , 3)  
(103.842 , 6)  (59.5187 , 8)  (53.1482 , 3)  (52.2503 , 2)  (52.1564 , 7)  (49.863 , 9)  (47.2537 , 4)  (45.276 , 1)  (42.5103 , 5)  
(80.8628 , 3)  (59.2648 , 8)  (58.2451 , 6)  (57.2666 , 2)  (56.2379 , 1)  (54.0498 , 5)  (53.7979 , 7)  (53.3767 , 9)  (47.182 , 4)  
(95.3233 , 4)  (69.5398 , 9)  (59.1802 , 6)  (57.1995 , 7)  (52.9963 , 2)  (50.2079 , 1)  (47.8309 , 8)  (45.0925 , 3)  (42.7429 , 5)  
(88.3689 , 8)  (61.8897 , 6)  (61.0074 , 7)  (59.2882 , 3)  (58.2645 , 2)  (54.7914 , 4)  (47.8672 , 9)  (40.0806 , 1)  (39.0398 , 5)  
(76.1133 , 2)  (67.4568 , 7)  (62.8342 , 1)  (55.9296 , 6)  (54.4879 , 3)  (53.1233 , 5)  (47.605 , 8)  (47.4126 , 9)  (43.203 , 4)  
(101.704 , 5)  (63.2119 , 6)  (55.2211 , 7)  (52.5128 , 1)  (52.3586 , 4)  (52.1512 , 9)  (49.5822 , 2)  (45.8513 , 3)  (42.0703 , 8)  
(103.416 , 1)  (57.8406 , 7)  (57.7991 , 2)  (54.731 , 6)  (54.5635 , 9)  (52.0007 , 5)  (46.8274 , 3)  (44.2256 , 4)  (31.5891 , 8)  
