 -------------------477------------
(100.896 , 9)  (60.7804 , 6)  (59.6778 , 2)  (52.8725 , 7)  (51.199 , 4)  (48.5509 , 3)  (47.5951 , 1)  (43.4958 , 8)  (41.9602 , 5)  
(72.7565 , 3)  (64.4355 , 7)  (61.5077 , 1)  (59.9365 , 5)  (56.552 , 6)  (55.519 , 8)  (51.241 , 4)  (48.2189 , 2)  (47.4402 , 9)  
(97.7932 , 7)  (62.2378 , 6)  (61.8866 , 9)  (53.8862 , 5)  (53.3482 , 1)  (51.5816 , 3)  (42.8797 , 4)  (39.7577 , 8)  (36.3704 , 2)  
(94.522 , 8)  (55.2663 , 6)  (54.8239 , 1)  (54.3475 , 7)  (53.7376 , 2)  (53.3823 , 4)  (51.6493 , 3)  (48.9993 , 9)  (47.4602 , 5)  
(101.299 , 2)  (65.2199 , 6)  (54.3001 , 7)  (53.6551 , 1)  (53.4591 , 5)  (49.1734 , 9)  (46.1921 , 8)  (43.4661 , 3)  (36.4771 , 4)  
(72.6845 , 4)  (71.8245 , 6)  (66.71 , 1)  (61.3785 , 2)  (55.2302 , 9)  (48.2724 , 7)  (43.6019 , 5)  (41.7829 , 3)  (36.9204 , 8)  
(101.159 , 1)  (73.8603 , 6)  (63.8519 , 5)  (62.7214 , 2)  (54.0413 , 7)  (50.319 , 9)  (44.1945 , 4)  (42.4205 , 3)  (21.0878 , 8)  
(89.1945 , 5)  (73.9532 , 6)  (68.4835 , 9)  (59.2187 , 7)  (53.4315 , 1)  (48.2425 , 8)  (47.8395 , 2)  (37.6216 , 3)  (24.0102 , 4)  
(107.313 , 6)  (57.6358 , 7)  (52.5867 , 9)  (51.5904 , 8)  (49.978 , 5)  (47.2597 , 1)  (43.9001 , 4)  (43.8637 , 2)  (40.3736 , 3)  
