 -------------------660------------
(103.043 , 3)  (57.8435 , 7)  (56.0776 , 6)  (52.5642 , 2)  (49.9361 , 9)  (49.5716 , 8)  (47.8188 , 1)  (43.9741 , 5)  (40.3147 , 4)  
(90.8066 , 5)  (71.9139 , 7)  (60.2296 , 6)  (51.7532 , 3)  (48.1794 , 4)  (47.6364 , 1)  (46.9829 , 9)  (46.1052 , 8)  (41.7325 , 2)  
(97.8026 , 8)  (62.616 , 2)  (61.8161 , 6)  (58.4587 , 7)  (53.3816 , 9)  (47.9755 , 1)  (44.9265 , 4)  (43.8953 , 5)  (37.749 , 3)  
(90.7451 , 2)  (64.7719 , 6)  (63.1121 , 3)  (53.6017 , 7)  (53.5249 , 4)  (50.5003 , 1)  (49.2361 , 8)  (48.6071 , 5)  (40.6415 , 9)  
(99.4681 , 6)  (63.0441 , 7)  (59.4014 , 2)  (57.1775 , 5)  (53.0164 , 9)  (52.1166 , 8)  (48.7907 , 4)  (46.7769 , 3)  (36.8752 , 1)  
(104.177 , 1)  (65.1655 , 7)  (52.4322 , 2)  (51.8207 , 5)  (50.0914 , 6)  (46.7865 , 9)  (44.7741 , 8)  (42.0849 , 3)  (42.0265 , 4)  
(88.072 , 7)  (76.6124 , 9)  (67.1596 , 6)  (58.2181 , 2)  (56.4486 , 1)  (49.7389 , 5)  (45.1049 , 8)  (36.946 , 3)  (30.7382 , 4)  
(88.7662 , 9)  (79.51 , 7)  (66.0222 , 2)  (64.7165 , 6)  (53.3223 , 1)  (51.4939 , 5)  (47.0547 , 3)  (36.2148 , 8)  (32.0872 , 4)  
(104.24 , 4)  (58.5741 , 6)  (53.2963 , 1)  (52.3993 , 7)  (52.2333 , 2)  (49.4371 , 3)  (48.4215 , 9)  (47.9899 , 5)  (42.6095 , 8)  
