 -------------------1321------------
(78.7297 , 9)  (72.4843 , 8)  (66.3125 , 5)  (61.5999 , 1)  (53.2522 , 2)  (51.1818 , 7)  (50.3759 , 3)  (49.0924 , 6)  (42.4972 , 4)  
(103.753 , 1)  (61.1789 , 7)  (59.4069 , 6)  (51.7485 , 8)  (51.1778 , 3)  (49.9785 , 4)  (45.0565 , 5)  (44.4609 , 2)  (44.2678 , 9)  
(91.2536 , 3)  (63.7692 , 7)  (61.0089 , 9)  (54.4754 , 1)  (53.1995 , 6)  (52.551 , 2)  (52.0457 , 4)  (46.8966 , 5)  (40.8507 , 8)  
(107.097 , 8)  (59.0591 , 7)  (58.8042 , 6)  (51.0802 , 1)  (50.6692 , 3)  (50.4305 , 4)  (46.8591 , 5)  (43.7728 , 9)  (40.3687 , 2)  
(101.728 , 5)  (54.2889 , 9)  (53.7375 , 8)  (51.2609 , 2)  (50.964 , 7)  (49.9587 , 4)  (48.7597 , 1)  (48.0687 , 3)  (47.71 , 6)  
(85.3354 , 2)  (73.0591 , 3)  (69.6811 , 7)  (54.2601 , 1)  (52.5219 , 8)  (52.3597 , 4)  (44.88 , 5)  (42.4703 , 6)  (34.1507 , 9)  
(89.5041 , 4)  (64.7262 , 6)  (59.1177 , 9)  (57.6597 , 1)  (54.0707 , 2)  (51.415 , 8)  (48.2886 , 7)  (47.2758 , 5)  (41.1381 , 3)  
(104.28 , 6)  (52.3501 , 7)  (52.3016 , 5)  (52.1568 , 4)  (49.4344 , 1)  (48.7457 , 9)  (48.4664 , 8)  (48.3802 , 2)  (46.5232 , 3)  
(96.9799 , 7)  (69.9316 , 2)  (66.8139 , 9)  (64.6442 , 1)  (52.6277 , 6)  (46.98 , 8)  (44.7461 , 5)  (40.498 , 4)  (39.177 , 3)  
