 -------------------654------------
(102.298 , 3)  (58.5629 , 7)  (51.9426 , 4)  (50.9802 , 5)  (48.7503 , 8)  (48.3377 , 6)  (46.2126 , 2)  (44.775 , 1)  (43.9247 , 9)  
(89.7294 , 5)  (70.4013 , 7)  (60.1207 , 6)  (52.389 , 3)  (49.4056 , 9)  (48.9051 , 4)  (46.6684 , 1)  (44.0219 , 8)  (43.7944 , 2)  
(102.289 , 8)  (58.3868 , 1)  (56.1308 , 9)  (55.5477 , 2)  (55.322 , 6)  (46.3458 , 7)  (45.8662 , 5)  (45.6335 , 4)  (40.9451 , 3)  
(94.3626 , 2)  (62.5027 , 6)  (60.4572 , 3)  (54.1739 , 4)  (53.1618 , 7)  (52.4268 , 1)  (50.2735 , 8)  (48.8229 , 5)  (38.7509 , 9)  
(97.327 , 6)  (62.6121 , 7)  (61.5063 , 9)  (57.559 , 2)  (55.9629 , 8)  (55.3939 , 5)  (51.2361 , 3)  (37.0111 , 1)  (35.6753 , 4)  
(103.702 , 1)  (63.9183 , 7)  (59.0548 , 2)  (55.2172 , 9)  (53.0448 , 5)  (50.1004 , 6)  (39.2642 , 3)  (37.4641 , 4)  (36.2893 , 8)  
(89.7918 , 7)  (78.0635 , 9)  (67.4708 , 6)  (59.7282 , 2)  (56.1885 , 1)  (55.9692 , 5)  (39.8033 , 8)  (34.7527 , 3)  (29.871 , 4)  
(89.3739 , 9)  (78.5744 , 7)  (61.5318 , 6)  (57.875 , 2)  (52.2844 , 1)  (51.401 , 5)  (49.3099 , 3)  (40.3393 , 8)  (37.1226 , 4)  
(101.576 , 4)  (63.3248 , 6)  (55.8893 , 7)  (52.8361 , 9)  (52.5017 , 1)  (52.0941 , 5)  (49.514 , 2)  (47.3217 , 3)  (34.8465 , 8)  
