 -------------------1631------------
(101.299 , 8)  (58.3675 , 9)  (55.7439 , 5)  (55.1575 , 1)  (53.767 , 2)  (53.1025 , 4)  (50.3932 , 7)  (42.5972 , 6)  (38.9529 , 3)  
(105.809 , 7)  (64.2496 , 9)  (61.3387 , 6)  (54.128 , 2)  (52.7526 , 1)  (49.1749 , 5)  (42.0956 , 4)  (37.9615 , 3)  (36.1615 , 8)  
(84.4935 , 6)  (79.9639 , 5)  (65.1796 , 7)  (55.3048 , 9)  (54.338 , 8)  (48.4544 , 1)  (46.1117 , 2)  (39.997 , 4)  (36.6422 , 3)  
(83.3651 , 9)  (61.8873 , 7)  (59.9056 , 6)  (58.1459 , 8)  (52.8025 , 2)  (49.8232 , 1)  (48.809 , 5)  (45.594 , 4)  (42.8672 , 3)  
(77.5464 , 4)  (76.5543 , 9)  (63.3031 , 7)  (56.7328 , 6)  (53.7647 , 2)  (53.1963 , 1)  (51.1546 , 5)  (42.4841 , 8)  (35.6952 , 3)  
(105.674 , 3)  (52.7377 , 8)  (51.3714 , 6)  (50.4393 , 5)  (49.6859 , 1)  (49.6042 , 2)  (48.7933 , 7)  (48.0604 , 9)  (42.9976 , 4)  
(88.9328 , 2)  (74.7725 , 6)  (61.281 , 1)  (59.3576 , 7)  (55.1538 , 9)  (45.0455 , 3)  (44.4811 , 5)  (40.5921 , 8)  (34.8223 , 4)  
(75.1884 , 5)  (72.6386 , 7)  (61.3806 , 9)  (60.0461 , 6)  (58.842 , 8)  (58.0015 , 3)  (42.6755 , 2)  (40.7285 , 4)  (40.5202 , 1)  
(103.19 , 1)  (61.6077 , 7)  (58.7479 , 6)  (58.4396 , 2)  (53.1167 , 5)  (48.0222 , 9)  (42.3813 , 4)  (42.081 , 3)  (40.3758 , 8)  
