 -------------------4592------------
(100.799 , 4)  (59.6989 , 9)  (58.5454 , 1)  (53.9183 , 3)  (51.0395 , 6)  (50.7635 , 7)  (50.3092 , 2)  (47.0089 , 5)  (37.2532 , 8)  
(95.5538 , 7)  (63.9272 , 2)  (59.5492 , 6)  (53.2941 , 5)  (50.8957 , 9)  (49.9081 , 3)  (49.2695 , 4)  (48.1345 , 8)  (34.337 , 1)  
(66.7709 , 2)  (66.2995 , 3)  (66.0427 , 9)  (62.2041 , 6)  (53.6769 , 7)  (53.6103 , 1)  (48.9181 , 5)  (48.644 , 8)  (42.4912 , 4)  
(91.1288 , 9)  (61.2966 , 6)  (59.9052 , 1)  (54.244 , 8)  (51.5695 , 3)  (49.5657 , 4)  (47.8421 , 2)  (47.3054 , 5)  (43.5583 , 7)  
(90.9608 , 8)  (64.9908 , 2)  (56.1904 , 7)  (52.9661 , 1)  (51.111 , 6)  (48.6252 , 9)  (48.1402 , 4)  (47.8123 , 3)  (43.9254 , 5)  
(88.0469 , 1)  (59.5467 , 9)  (56.2277 , 6)  (55.8102 , 7)  (55.1608 , 5)  (54.4158 , 3)  (51.8713 , 2)  (47.076 , 8)  (44.8522 , 4)  
(100.899 , 5)  (55.9596 , 1)  (54.8649 , 7)  (53.6785 , 8)  (51.578 , 9)  (50.2772 , 6)  (49.6242 , 3)  (42.1825 , 2)  (35.569 , 4)  
(76.3331 , 3)  (73.9739 , 9)  (59.3244 , 7)  (58.7058 , 6)  (57.6643 , 2)  (51.1091 , 4)  (49.3613 , 1)  (47.2408 , 5)  (46.1887 , 8)  
(89.5432 , 6)  (77.9013 , 5)  (59.8565 , 9)  (56.4172 , 7)  (52.8648 , 2)  (48.9668 , 8)  (44.0164 , 3)  (40.6824 , 1)  (33.0676 , 4)  
