 -------------------1315------------
(83.0369 , 9)  (71.0788 , 5)  (69.6883 , 8)  (59.9565 , 1)  (53.542 , 2)  (50.9155 , 7)  (46.248 , 3)  (45.909 , 6)  (43.3351 , 4)  
(103.475 , 1)  (59.5281 , 6)  (59.5072 , 7)  (52.5357 , 4)  (50.8598 , 8)  (49.5822 , 3)  (47.2609 , 2)  (45.2542 , 5)  (43.0223 , 9)  
(91.366 , 3)  (63.9811 , 7)  (58.7649 , 9)  (54.9243 , 1)  (54.1901 , 6)  (54.0594 , 4)  (50.0904 , 2)  (49.6523 , 5)  (38.2351 , 8)  
(105.728 , 8)  (57.9685 , 6)  (53.5345 , 1)  (53.1636 , 3)  (51.8615 , 7)  (51.3371 , 9)  (48.5836 , 4)  (46.2467 , 5)  (45.8251 , 2)  
(101.65 , 5)  (57.8135 , 9)  (53.7846 , 2)  (51.0868 , 8)  (49.9691 , 7)  (49.1326 , 4)  (48.5899 , 1)  (46.6072 , 6)  (45.2543 , 3)  
(93.0801 , 2)  (69.9436 , 3)  (62.8779 , 7)  (55.4102 , 1)  (54.3949 , 8)  (52.2824 , 4)  (40.8116 , 5)  (40.2027 , 6)  (33.1542 , 9)  
(91.6933 , 4)  (66.0942 , 6)  (58.5243 , 1)  (56.4228 , 9)  (55.1608 , 2)  (49.9804 , 8)  (49.8768 , 7)  (46.9981 , 5)  (40.7335 , 3)  
(104.269 , 6)  (55.5188 , 7)  (52.7312 , 5)  (49.8687 , 4)  (49.4536 , 8)  (49.2002 , 1)  (48.6674 , 2)  (47.6847 , 9)  (45.0227 , 3)  
(95.6383 , 7)  (72.4738 , 2)  (64.2798 , 9)  (64.0977 , 1)  (52.8605 , 6)  (47.615 , 5)  (46.8916 , 8)  (42.6474 , 4)  (36.5286 , 3)  
