 -------------------663------------
(100.543 , 3)  (57.7232 , 7)  (52.8896 , 5)  (52.5965 , 6)  (50.5821 , 9)  (49.4118 , 2)  (47.2413 , 4)  (45.6866 , 8)  (43.4414 , 1)  
(89.7539 , 5)  (73.8076 , 7)  (58.4051 , 6)  (52.6568 , 3)  (49.0495 , 4)  (48.8208 , 8)  (45.8239 , 1)  (43.4229 , 9)  (41.2472 , 2)  
(102.019 , 8)  (58.6743 , 6)  (58.5583 , 1)  (58.3757 , 9)  (57.9506 , 2)  (48.4171 , 7)  (46.1606 , 5)  (40.4276 , 4)  (36.8058 , 3)  
(93.3544 , 2)  (62.6888 , 6)  (61.2094 , 3)  (55.2992 , 4)  (53.7348 , 7)  (52.8891 , 1)  (51.2656 , 8)  (47.6158 , 5)  (38.3961 , 9)  
(96.9293 , 6)  (62.0151 , 7)  (61.7206 , 9)  (57.7688 , 2)  (56.0524 , 5)  (55.8795 , 8)  (51.5872 , 3)  (36.6603 , 1)  (36.0883 , 4)  
(103.386 , 1)  (62.8175 , 7)  (58.7955 , 2)  (54.7313 , 9)  (52.9041 , 5)  (50.7477 , 6)  (40.2761 , 3)  (38.5828 , 4)  (36.2362 , 8)  
(89.3971 , 7)  (69.6161 , 9)  (67.0279 , 6)  (63.1048 , 5)  (57.1052 , 2)  (52.4981 , 1)  (43.138 , 8)  (37.769 , 3)  (36.5713 , 4)  
(93.3863 , 9)  (77.6892 , 7)  (59.2365 , 6)  (55.7647 , 1)  (55.3977 , 2)  (49.5118 , 5)  (48.1274 , 3)  (37.2669 , 4)  (36.315 , 8)  
(100.749 , 4)  (56.2234 , 5)  (56.1057 , 2)  (55.4892 , 6)  (53.7287 , 1)  (51.9476 , 7)  (51.0628 , 9)  (43.9738 , 3)  (40.4829 , 8)  
