 -------------------3116------------
(105.641 , 4)  (57.026 , 6)  (54.736 , 9)  (53.1827 , 2)  (49.935 , 3)  (49.6448 , 1)  (49.465 , 5)  (46.6992 , 7)  (45.2651 , 8)  
(92.381 , 5)  (61.6776 , 6)  (58.4686 , 1)  (54.955 , 8)  (51.0296 , 4)  (50.8544 , 7)  (50.0841 , 3)  (49.5194 , 2)  (44.4033 , 9)  
(69.9984 , 2)  (67.9703 , 7)  (56.5364 , 3)  (55.2788 , 9)  (54.9017 , 6)  (52.0361 , 5)  (48.5547 , 1)  (47.8281 , 4)  (46.4981 , 8)  
(94.3056 , 9)  (67.9524 , 6)  (60.6248 , 5)  (55.5756 , 2)  (54.5354 , 1)  (54.2597 , 7)  (44.5118 , 8)  (42.1908 , 4)  (36.6226 , 3)  
(102.286 , 8)  (55.9332 , 7)  (53.3744 , 5)  (52.506 , 2)  (52.0072 , 9)  (48.8829 , 3)  (48.37 , 4)  (47.3072 , 6)  (39.4619 , 1)  
(102.639 , 1)  (55.6368 , 7)  (52.1087 , 9)  (51.4442 , 6)  (51.2743 , 2)  (50.7537 , 3)  (50.3314 , 4)  (49.5692 , 5)  (41.5758 , 8)  
(80.5595 , 3)  (62.9857 , 6)  (58.0032 , 7)  (54.568 , 1)  (54.4267 , 2)  (53.9279 , 5)  (53.8158 , 9)  (47.412 , 8)  (42.0048 , 4)  
(83.7495 , 7)  (73.6596 , 6)  (61.4194 , 1)  (57.3822 , 8)  (56.8487 , 4)  (55.4722 , 2)  (54.0159 , 3)  (46.8556 , 5)  (31.7589 , 9)  
(96.7718 , 6)  (58.3183 , 1)  (57.5589 , 9)  (54.8041 , 5)  (54.0437 , 2)  (49.1295 , 7)  (47.8966 , 8)  (43.4238 , 4)  (33.8997 , 3)  
