 -------------------1901------------
(106.959 , 4)  (66.7435 , 6)  (61.4946 , 7)  (55.1671 , 5)  (54.3548 , 2)  (50.8506 , 9)  (43.8988 , 1)  (41.4693 , 8)  (26.493 , 3)  
(89.1739 , 5)  (72.6281 , 6)  (66.0315 , 8)  (59.1816 , 7)  (57.4684 , 2)  (51.1927 , 9)  (45.0577 , 1)  (36.6689 , 4)  (29.6346 , 3)  
(101.803 , 2)  (64.4163 , 7)  (60.7459 , 3)  (60.5455 , 8)  (59.0255 , 6)  (54.081 , 9)  (45.2413 , 1)  (35.8882 , 4)  (32.3935 , 5)  
(91.4446 , 9)  (70.5079 , 7)  (59.8984 , 8)  (59.1649 , 1)  (58.2799 , 2)  (56.3794 , 6)  (44.4146 , 5)  (40.4172 , 3)  (38.6021 , 4)  
(103.56 , 6)  (60.8004 , 5)  (57.7289 , 9)  (57.2261 , 1)  (54.2658 , 7)  (53.4402 , 4)  (44.0319 , 3)  (43.555 , 2)  (37.8598 , 8)  
(103.894 , 7)  (62.8999 , 9)  (61.7028 , 1)  (60.2609 , 6)  (52.9877 , 2)  (49.7281 , 5)  (38.7612 , 3)  (35.4301 , 8)  (29.4832 , 4)  
(75.9156 , 8)  (73.7047 , 7)  (68.5864 , 9)  (68.1241 , 6)  (55.6852 , 1)  (54.5467 , 2)  (48.6362 , 3)  (46.5227 , 5)  (29.8476 , 4)  
(92.4844 , 1)  (71.3535 , 6)  (61.5298 , 5)  (59.5747 , 7)  (54.4724 , 2)  (50.4501 , 9)  (49.1258 , 3)  (36.1038 , 8)  (35.174 , 4)  
(102.684 , 3)  (68.8587 , 6)  (66.2718 , 7)  (51.2413 , 2)  (51.0528 , 9)  (46.6781 , 1)  (41.0706 , 5)  (40.7221 , 8)  (39.5476 , 4)  
