 -------------------4363------------
(99.2288 , 9)  (56.2112 , 4)  (54.5268 , 2)  (54.3895 , 8)  (52.1819 , 6)  (52.1065 , 1)  (52.098 , 7)  (44.0425 , 3)  (42.5713 , 5)  
(86.3583 , 7)  (65.1556 , 8)  (64.215 , 2)  (62.7394 , 4)  (53.8903 , 1)  (50.1088 , 9)  (46.7862 , 3)  (46.5268 , 6)  (43.054 , 5)  
(103.473 , 6)  (59.8462 , 4)  (57.4601 , 3)  (57.3258 , 8)  (54.6524 , 2)  (47.2301 , 9)  (47.1941 , 1)  (44.5186 , 7)  (40.3223 , 5)  
(75.6398 , 3)  (62.1759 , 5)  (61.0499 , 6)  (60.3364 , 2)  (58.9034 , 1)  (55.9994 , 9)  (52.4253 , 8)  (46.5734 , 4)  (44.9306 , 7)  
(97.0656 , 4)  (67.761 , 9)  (58.5785 , 6)  (56.0239 , 7)  (52.361 , 2)  (50.346 , 1)  (48.9711 , 8)  (44.8656 , 3)  (44.5654 , 5)  
(89.9607 , 8)  (61.8456 , 3)  (60.3875 , 6)  (56.7726 , 7)  (55.9867 , 4)  (55.6601 , 2)  (43.706 , 9)  (43.449 , 5)  (42.9265 , 1)  
(73.3706 , 2)  (71.3286 , 1)  (66.9475 , 7)  (58.9796 , 6)  (56.4047 , 5)  (51.5118 , 9)  (47.067 , 8)  (46.0964 , 3)  (41.069 , 4)  
(98.9366 , 5)  (64.2741 , 6)  (58.7219 , 7)  (53.3148 , 9)  (49.5295 , 4)  (47.8972 , 2)  (47.2431 , 1)  (45.7526 , 3)  (44.0696 , 8)  
(103.192 , 1)  (63.4168 , 7)  (55.3968 , 2)  (54.9769 , 9)  (52.4763 , 5)  (52.0901 , 6)  (42.6875 , 3)  (41.5057 , 4)  (39.0232 , 8)  
