 -------------------3931------------
(98.5773 , 5)  (72.5325 , 6)  (55.6566 , 7)  (54.6962 , 1)  (53.7143 , 2)  (50.2297 , 9)  (41.0242 , 8)  (38.0458 , 4)  (37.1953 , 3)  
(97.1817 , 4)  (66.5635 , 9)  (63.3397 , 6)  (60.7297 , 2)  (56.3346 , 7)  (53.445 , 5)  (49.6254 , 1)  (39.599 , 3)  (36.844 , 8)  
(106.595 , 6)  (62.5182 , 9)  (62.192 , 5)  (53.9374 , 2)  (50.0525 , 7)  (46.0953 , 8)  (45.1797 , 1)  (36.9404 , 4)  (34.7142 , 3)  
(99.3019 , 1)  (71.8346 , 5)  (69.7592 , 2)  (68.7984 , 6)  (60.6834 , 7)  (57.8562 , 9)  (40.8209 , 3)  (23.5547 , 8)  (21.3489 , 4)  
(102.248 , 2)  (65.9235 , 6)  (62.9878 , 9)  (61.56 , 7)  (48.6991 , 1)  (48.4753 , 3)  (44.1803 , 8)  (43.6017 , 4)  (39.677 , 5)  
(105.728 , 7)  (60.4795 , 6)  (55.7336 , 1)  (51.5894 , 2)  (50.8538 , 9)  (49.0396 , 5)  (44.8419 , 4)  (42.5191 , 8)  (41.8834 , 3)  
(95.6351 , 9)  (65.7626 , 7)  (63.8725 , 6)  (63.5304 , 2)  (57.1044 , 1)  (47.4288 , 5)  (42.9455 , 4)  (41.7306 , 8)  (41.7091 , 3)  
(90.0037 , 8)  (74.9886 , 6)  (74.8321 , 7)  (56.0804 , 2)  (55.3793 , 9)  (52.9725 , 3)  (44.4779 , 1)  (42.2755 , 4)  (36.9124 , 5)  
(79.9449 , 3)  (69.6759 , 7)  (61.2629 , 2)  (59.568 , 6)  (54.7862 , 1)  (54.6365 , 8)  (52.5728 , 5)  (49.9775 , 9)  (40.372 , 4)  
