 -------------------1074------------
(98.4124 , 2)  (62.5492 , 1)  (62.0676 , 3)  (58.9116 , 6)  (52.7022 , 7)  (50.177 , 9)  (44.909 , 8)  (42.965 , 5)  (42.5844 , 4)  
(74.3125 , 3)  (68.372 , 7)  (58.8278 , 8)  (57.7336 , 2)  (55.0262 , 6)  (52.8667 , 9)  (52.8073 , 5)  (46.445 , 1)  (41.5369 , 4)  
(101.72 , 1)  (63.7651 , 7)  (59.2948 , 6)  (55.1725 , 5)  (54.464 , 2)  (53.6498 , 9)  (42.0972 , 4)  (41.1191 , 3)  (37.9719 , 8)  
(88.9222 , 4)  (65.3361 , 2)  (61.5256 , 8)  (60.432 , 7)  (58.3064 , 5)  (56.0758 , 6)  (55.0901 , 1)  (42.4385 , 3)  (37.2787 , 9)  
(96.0083 , 7)  (62.2638 , 9)  (61.6385 , 2)  (54.6787 , 6)  (52.6352 , 5)  (48.663 , 1)  (46.8432 , 8)  (33.4175 , 3)  (32.7238 , 4)  
(99.9508 , 5)  (59.6985 , 6)  (57.0259 , 9)  (56.2044 , 7)  (54.9682 , 2)  (49.7568 , 3)  (47.9792 , 1)  (44.3714 , 8)  (28.3753 , 4)  
(81.3276 , 8)  (70.2885 , 1)  (64.9074 , 6)  (63.7428 , 7)  (60.5594 , 9)  (55.0512 , 2)  (53.7449 , 3)  (44.7987 , 5)  (22.5256 , 4)  
(100.709 , 9)  (65.5877 , 6)  (57.0657 , 2)  (55.1312 , 1)  (52.0676 , 5)  (49.9993 , 7)  (40.8961 , 8)  (38.9951 , 4)  (35.3852 , 3)  
(92.4909 , 6)  (62.4823 , 2)  (59.1439 , 1)  (58.1325 , 7)  (55.3524 , 5)  (46.8229 , 9)  (45.2251 , 8)  (43.2806 , 4)  (39.4735 , 3)  
