 -------------------4998------------
(94.546 , 5)  (62.7634 , 6)  (60.404 , 2)  (58.7256 , 9)  (54.9473 , 7)  (47.9992 , 3)  (46.9813 , 1)  (40.701 , 8)  (28.0179 , 4)  
(94.6935 , 2)  (61.8529 , 9)  (61.2512 , 6)  (60.9095 , 7)  (51.804 , 5)  (51.6286 , 4)  (49.5018 , 3)  (43.2789 , 8)  (40.6432 , 1)  
(90.2107 , 4)  (66.5461 , 2)  (56.8291 , 7)  (56.6026 , 1)  (56.5075 , 9)  (53.0794 , 5)  (52.8912 , 6)  (44.003 , 3)  (29.3254 , 8)  
(78.5888 , 8)  (72.0114 , 6)  (70.918 , 1)  (64.3159 , 2)  (61.8652 , 9)  (53.7348 , 5)  (49.5027 , 7)  (34.3275 , 3)  (25.8475 , 4)  
(107.214 , 7)  (65.6152 , 6)  (60.0476 , 2)  (54.7745 , 1)  (52.6382 , 5)  (51.9837 , 9)  (39.3502 , 3)  (39.1045 , 4)  (29.5498 , 8)  
(99.8494 , 9)  (67.5541 , 6)  (59.2348 , 7)  (56.8166 , 2)  (50.2368 , 1)  (47.4798 , 3)  (43.1624 , 5)  (39.863 , 8)  (36.8024 , 4)  
(102.165 , 6)  (65.5844 , 7)  (64.0211 , 5)  (62.9447 , 3)  (48.484 , 4)  (48.044 , 2)  (46.0172 , 1)  (44.907 , 8)  (35.299 , 9)  
(99.9749 , 3)  (65.0741 , 1)  (64.1453 , 6)  (57.7716 , 9)  (53.8036 , 7)  (51.0625 , 2)  (47.46 , 5)  (33.3958 , 8)  (29.2345 , 4)  
(96.7716 , 1)  (70.8012 , 6)  (69.9312 , 7)  (61.7093 , 9)  (57.8505 , 5)  (57.5578 , 2)  (43.4947 , 3)  (28.9173 , 8)  (21.9219 , 4)  
