 -------------------1004------------
(103.231 , 1)  (56.7091 , 7)  (54.2118 , 2)  (53.342 , 6)  (50.4353 , 3)  (48.869 , 5)  (47.7108 , 4)  (45.8358 , 8)  (43.769 , 9)  
(99.5071 , 6)  (67.4769 , 2)  (63.4237 , 5)  (63.3607 , 9)  (54.4448 , 1)  (50.1301 , 8)  (47.8195 , 7)  (42.0792 , 4)  (36.944 , 3)  
(101.245 , 9)  (56.514 , 2)  (52.0673 , 1)  (51.7343 , 6)  (51.4024 , 3)  (50.1885 , 7)  (48.875 , 5)  (46.9422 , 4)  (39.447 , 8)  
(104.821 , 3)  (61.5266 , 6)  (60.821 , 7)  (54.8767 , 8)  (52.4652 , 1)  (46.2711 , 5)  (44.6211 , 9)  (43.6234 , 2)  (39.6914 , 4)  
(103.066 , 7)  (63.2229 , 9)  (62.9392 , 6)  (56.5168 , 1)  (52.7826 , 2)  (43.1889 , 5)  (39.2889 , 4)  (39.1567 , 3)  (35.9302 , 8)  
(95.5672 , 2)  (59.3227 , 1)  (58.5603 , 7)  (54.4289 , 8)  (53.2603 , 6)  (47.9688 , 9)  (46.9206 , 3)  (46.4489 , 5)  (43.5809 , 4)  
(95.2319 , 8)  (74.5336 , 6)  (66.4475 , 7)  (58.3867 , 9)  (56.7178 , 1)  (56.0433 , 2)  (45.7 , 3)  (39.808 , 5)  (20.1726 , 4)  
(73.5557 , 4)  (70.8393 , 6)  (68.2775 , 9)  (59.0929 , 7)  (56.1525 , 5)  (49.8716 , 2)  (47.8425 , 1)  (44.6983 , 3)  (43.9861 , 8)  
(94.1106 , 5)  (66.5817 , 6)  (64.1351 , 7)  (54.0937 , 9)  (52.8327 , 3)  (52.4491 , 1)  (48.4498 , 8)  (36.4549 , 4)  (29.4182 , 2)  
