 -------------------1138------------
(93.8908 , 2)  (58.2571 , 8)  (57.6436 , 7)  (57.2525 , 1)  (52.6814 , 6)  (50.5651 , 9)  (46.8959 , 5)  (46.2122 , 4)  (42.8736 , 3)  
(88.8214 , 4)  (66.9931 , 6)  (60.7336 , 7)  (54.7017 , 2)  (54.0189 , 5)  (51.995 , 1)  (50.5913 , 9)  (48.3121 , 8)  (40.0769 , 3)  
(97.5767 , 8)  (58.3148 , 6)  (55.8994 , 7)  (53.3041 , 5)  (51.2373 , 1)  (50.451 , 9)  (50.1064 , 2)  (47.4165 , 4)  (44.4856 , 3)  
(94.1792 , 7)  (76.9363 , 2)  (66.8472 , 4)  (60.6363 , 9)  (54.0261 , 6)  (49.4539 , 5)  (44.4326 , 8)  (41.9598 , 3)  (39.3024 , 1)  
(103.374 , 6)  (66.1753 , 5)  (57.3818 , 2)  (56.0432 , 9)  (55.5737 , 1)  (49.5521 , 7)  (38.2387 , 4)  (37.5628 , 3)  (30.4039 , 8)  
(94.1016 , 5)  (67.1 , 2)  (60.3135 , 7)  (54.4154 , 4)  (53.0353 , 1)  (49.5083 , 9)  (49.0207 , 8)  (44.244 , 6)  (33.0223 , 3)  
(89.7017 , 9)  (71.2125 , 6)  (67.5417 , 7)  (55.0041 , 2)  (52.4101 , 1)  (50.3753 , 3)  (43.5526 , 5)  (39.8026 , 4)  (35.551 , 8)  
(100.305 , 1)  (62.207 , 7)  (57.5129 , 6)  (57.0299 , 5)  (50.9924 , 2)  (47.0224 , 3)  (44.4083 , 9)  (43.443 , 8)  (40.5591 , 4)  
(90.8468 , 3)  (66.8717 , 7)  (64.7855 , 6)  (63.7371 , 8)  (54.4942 , 2)  (48.242 , 5)  (42.8773 , 9)  (41.8464 , 4)  (36.7101 , 1)  
