 -------------------3173------------
(104.12 , 6)  (66.2549 , 4)  (57.2623 , 2)  (53.1015 , 8)  (50.0544 , 5)  (49.782 , 7)  (47.7083 , 9)  (47.5839 , 3)  (45.0332 , 1)  
(95.8366 , 3)  (61.3883 , 7)  (56.4097 , 4)  (54.4942 , 5)  (52.4024 , 8)  (51.1971 , 6)  (51.1953 , 2)  (42.3612 , 1)  (38.9319 , 9)  
(106.469 , 7)  (55.9705 , 9)  (52.1572 , 6)  (50.0574 , 3)  (49.6247 , 1)  (48.9615 , 2)  (47.805 , 8)  (47.7978 , 4)  (46.4363 , 5)  
(105.242 , 1)  (61.9558 , 7)  (57.2721 , 6)  (54.0538 , 5)  (49.685 , 9)  (48.484 , 2)  (45.6675 , 4)  (42.7629 , 3)  (40.607 , 8)  
(79.1613 , 2)  (75.4993 , 4)  (65.1365 , 6)  (64.5185 , 1)  (59.11 , 5)  (58.2476 , 7)  (51.8953 , 9)  (35.1013 , 3)  (32.0726 , 8)  
(96.7932 , 8)  (61.046 , 9)  (54.5598 , 6)  (50.8801 , 3)  (50.5598 , 2)  (47.9729 , 5)  (47.7321 , 7)  (44.2663 , 1)  (39.4171 , 4)  
(87.0529 , 4)  (66.3147 , 9)  (62.665 , 6)  (57.2292 , 7)  (55.4317 , 2)  (53.2287 , 1)  (49.6544 , 3)  (49.575 , 5)  (32.2783 , 8)  
(94.397 , 9)  (63.5817 , 6)  (62.3371 , 1)  (61.1927 , 7)  (57.3156 , 2)  (51.5804 , 5)  (39.8911 , 3)  (36.0948 , 8)  (34.1366 , 4)  
(97.6258 , 5)  (61.0064 , 6)  (60.323 , 9)  (56.7465 , 1)  (54.8243 , 2)  (47.5311 , 7)  (46.7993 , 8)  (44.4885 , 3)  (30.7361 , 4)  
