 -------------------1006------------
(102.146 , 1)  (61.4788 , 7)  (56.1217 , 6)  (54.2114 , 2)  (51.8295 , 5)  (47.4372 , 4)  (47.2287 , 3)  (47.2021 , 9)  (38.5674 , 8)  
(100.173 , 6)  (66.0127 , 5)  (64.1597 , 2)  (61.077 , 9)  (56.107 , 1)  (50.5083 , 7)  (48.7824 , 8)  (40.9097 , 4)  (39.9342 , 3)  
(101.164 , 9)  (58.6207 , 2)  (52.0103 , 7)  (51.5031 , 5)  (50.9456 , 6)  (50.5703 , 4)  (47.8845 , 1)  (45.9272 , 3)  (38.4016 , 8)  
(106.519 , 3)  (54.7327 , 7)  (54.4327 , 8)  (53.6011 , 6)  (51.4825 , 1)  (45.4136 , 9)  (44.6774 , 4)  (43.8198 , 5)  (43.295 , 2)  
(102.707 , 7)  (63.5214 , 6)  (59.7094 , 9)  (57.9166 , 2)  (54.6439 , 1)  (45.536 , 5)  (41.604 , 4)  (37.0036 , 3)  (30.6669 , 8)  
(94.2825 , 2)  (61.3585 , 1)  (57.6722 , 8)  (55.1692 , 7)  (52.434 , 6)  (49.1084 , 5)  (47.2756 , 3)  (47.1778 , 9)  (44.0714 , 4)  
(96.494 , 8)  (71.3659 , 6)  (63.4661 , 7)  (56.4873 , 1)  (55.9215 , 9)  (55.0664 , 2)  (42.1115 , 3)  (41.2251 , 5)  (24.0944 , 4)  
(78.159 , 4)  (70.5624 , 6)  (67.607 , 9)  (57.1724 , 7)  (55.1414 , 5)  (49.423 , 1)  (48.5556 , 2)  (44.9928 , 3)  (44.3191 , 8)  
(94.3241 , 5)  (67.5011 , 6)  (66.8532 , 7)  (53.2952 , 1)  (52.0801 , 9)  (49.5153 , 3)  (46.6445 , 8)  (35.8979 , 4)  (34.1996 , 2)  
