 -------------------1065------------
(98.6459 , 2)  (63.0301 , 1)  (60.7658 , 6)  (57.9736 , 3)  (55.2803 , 9)  (49.6892 , 7)  (43.5639 , 5)  (43.0198 , 8)  (38.7187 , 4)  
(76.6943 , 3)  (73.797 , 7)  (55.8699 , 6)  (54.5363 , 2)  (54.2438 , 9)  (51.0362 , 5)  (48.7637 , 8)  (46.0248 , 1)  (37.5439 , 4)  
(103.366 , 1)  (62.1086 , 7)  (56.1823 , 6)  (52.4315 , 5)  (48.6104 , 3)  (48.3279 , 9)  (47.0343 , 2)  (45.2464 , 4)  (42.4019 , 8)  
(83.2288 , 4)  (67.5854 , 2)  (61.8149 , 6)  (60.8639 , 5)  (60.7798 , 7)  (59.0549 , 8)  (54.7298 , 1)  (43.5164 , 3)  (35.2286 , 9)  
(96.095 , 7)  (66.148 , 2)  (57.8408 , 9)  (52.4262 , 6)  (51.3615 , 8)  (48.385 , 5)  (46.9997 , 1)  (40.7725 , 3)  (34.4536 , 4)  
(98.6924 , 5)  (63.3794 , 6)  (58.1521 , 7)  (56.5187 , 9)  (52.4509 , 2)  (50.2758 , 3)  (48.3394 , 1)  (43.7794 , 8)  (27.7321 , 4)  
(82.6702 , 8)  (71.8034 , 1)  (67.5675 , 6)  (67.1806 , 7)  (63.1116 , 9)  (53.2493 , 2)  (53.1031 , 3)  (42.9641 , 5)  (19.3837 , 4)  
(102.115 , 9)  (67.2881 , 6)  (61.1983 , 2)  (56.4874 , 1)  (51.0981 , 5)  (46.9272 , 7)  (38.2703 , 8)  (36.3366 , 4)  (33.6422 , 3)  
(94.5701 , 6)  (60.1464 , 2)  (58.4786 , 5)  (56.9047 , 1)  (53.608 , 7)  (52.2585 , 9)  (43.4412 , 3)  (42.9985 , 4)  (40.3586 , 8)  
