 -------------------4619------------
(106.031 , 6)  (62.3838 , 4)  (53.708 , 7)  (53.4448 , 3)  (50.6088 , 8)  (49.2987 , 1)  (47.9259 , 5)  (45.7295 , 9)  (45.1004 , 2)  
(78.6954 , 3)  (71.446 , 5)  (64.9824 , 7)  (56.6429 , 6)  (52.8669 , 2)  (48.6181 , 1)  (48.1471 , 4)  (44.1192 , 9)  (41.7479 , 8)  
(90.0219 , 7)  (70.9261 , 2)  (60.2812 , 6)  (55.5476 , 1)  (54.2793 , 8)  (51.0942 , 3)  (42.7319 , 4)  (41.2487 , 9)  (38.227 , 5)  
(101.07 , 4)  (71.9777 , 9)  (66.0472 , 6)  (61.5308 , 2)  (52.5453 , 7)  (48.6231 , 1)  (47.2728 , 5)  (36.0064 , 3)  (34.5329 , 8)  
(94.8474 , 1)  (64.3901 , 7)  (63.2362 , 5)  (62.0791 , 6)  (59.5461 , 2)  (53.6117 , 9)  (45.7791 , 4)  (38.6081 , 8)  (38.3571 , 3)  
(98.93 , 5)  (63.7369 , 9)  (58.1375 , 6)  (57.3635 , 3)  (53.3834 , 1)  (52.6902 , 7)  (40.7594 , 8)  (39.9632 , 2)  (34.9307 , 4)  
(97.3128 , 8)  (71.9383 , 3)  (62.2346 , 6)  (59.8098 , 9)  (58.7818 , 2)  (49.5056 , 1)  (47.8602 , 4)  (46.9937 , 7)  (28.9861 , 5)  
(89.6016 , 2)  (64.9977 , 7)  (64.8313 , 3)  (64.0696 , 6)  (55.1253 , 1)  (52.765 , 9)  (50.3507 , 5)  (49.1018 , 4)  (41.4325 , 8)  
(94.0493 , 9)  (70.8364 , 7)  (64.1374 , 6)  (62.4143 , 1)  (57.1639 , 2)  (45.7007 , 5)  (44.1663 , 3)  (36.7877 , 8)  (33.6562 , 4)  
