 -------------------4171------------
(107.788 , 2)  (58.4107 , 7)  (57.694 , 1)  (54.5377 , 6)  (50.3564 , 9)  (49.4332 , 5)  (47.2369 , 8)  (40.4536 , 4)  (39.0569 , 3)  
(106.224 , 7)  (62.7436 , 1)  (51.4529 , 3)  (51.3215 , 5)  (51.0921 , 2)  (50.2744 , 6)  (48.8321 , 4)  (47.7414 , 9)  (42.428 , 8)  
(77.5434 , 9)  (66.7555 , 7)  (53.5912 , 2)  (52.4803 , 5)  (52.4765 , 8)  (51.7137 , 6)  (49.2366 , 4)  (49.1085 , 1)  (39.0798 , 3)  
(88.6768 , 6)  (69.1699 , 2)  (57.4086 , 1)  (57.2722 , 7)  (54.2799 , 5)  (49.6802 , 4)  (45.8185 , 9)  (44.1067 , 8)  (41.754 , 3)  
(104.469 , 1)  (54.6435 , 4)  (53.7729 , 7)  (52.0162 , 6)  (51.6833 , 3)  (51.2356 , 5)  (47.9894 , 2)  (46.1603 , 9)  (43.8843 , 8)  
(107.436 , 8)  (62.418 , 2)  (58.0433 , 4)  (52.2753 , 6)  (50.3928 , 7)  (49.9922 , 9)  (43.4847 , 1)  (39.6668 , 3)  (39.0673 , 5)  
(81.386 , 4)  (70.8326 , 9)  (60.1277 , 2)  (57.4027 , 7)  (56.0742 , 6)  (54.0012 , 1)  (53.8067 , 5)  (43.179 , 3)  (40.0584 , 8)  
(102.476 , 5)  (60.0182 , 6)  (58.3106 , 3)  (57.725 , 2)  (56.8372 , 7)  (50.0252 , 1)  (49.8169 , 9)  (43.6698 , 8)  (33.9282 , 4)  
(84.7004 , 3)  (65.1894 , 9)  (58.3039 , 6)  (56.1035 , 8)  (51.4724 , 7)  (50.8671 , 1)  (50.3169 , 4)  (47.2952 , 5)  (45.3353 , 2)  
