 -------------------212------------
(97.0787 , 4)  (65.4461 , 6)  (57.1745 , 7)  (55.3037 , 2)  (53.1383 , 1)  (50.7831 , 8)  (48.094 , 5)  (47.3197 , 3)  (39.7661 , 9)  
(100.85 , 1)  (63.3075 , 2)  (57.692 , 5)  (54.33 , 9)  (52.7008 , 7)  (50.7909 , 8)  (43.9551 , 6)  (38.7574 , 3)  (37.5661 , 4)  
(102.941 , 6)  (56.5726 , 9)  (55.9638 , 7)  (52.4185 , 1)  (51.0946 , 5)  (50.4388 , 3)  (47.3131 , 8)  (45.4715 , 4)  (42.7266 , 2)  
(100.767 , 2)  (58.3694 , 7)  (55.8533 , 6)  (53.4879 , 5)  (52.8949 , 3)  (50.4638 , 9)  (50.3748 , 1)  (48.8455 , 8)  (39.2955 , 4)  
(85.2047 , 9)  (65.673 , 6)  (64.3304 , 7)  (51.662 , 4)  (49.6561 , 5)  (47.7925 , 8)  (46.3532 , 2)  (45.4767 , 3)  (44.1362 , 1)  
(102.705 , 7)  (62.9879 , 2)  (62.6417 , 6)  (57.8779 , 1)  (56.0865 , 9)  (44.1913 , 5)  (43.4018 , 3)  (39.9913 , 4)  (39.1578 , 8)  
(99.807 , 5)  (60.5903 , 7)  (58.3524 , 9)  (55.0313 , 6)  (54.4723 , 2)  (50.7711 , 8)  (44.5386 , 1)  (43.9784 , 3)  (37.9538 , 4)  
(93.8728 , 3)  (61.4305 , 7)  (55.675 , 6)  (55.4918 , 4)  (52.4591 , 9)  (50.7057 , 2)  (47.1793 , 5)  (44.2692 , 1)  (43.3085 , 8)  
(71.6672 , 8)  (69.5048 , 9)  (57.9725 , 1)  (56.5304 , 6)  (55.4316 , 7)  (52.8884 , 3)  (49.4335 , 2)  (47.9764 , 4)  (45.6844 , 5)  
