 -------------------469------------
(101.69 , 7)  (60.219 , 9)  (59.5849 , 2)  (54.5661 , 1)  (52.8685 , 5)  (50.9376 , 6)  (46.1119 , 4)  (41.7612 , 8)  (38.4185 , 3)  
(102.111 , 9)  (55.5639 , 3)  (55.3049 , 4)  (51.8379 , 2)  (49.1131 , 5)  (48.4169 , 1)  (46.8278 , 6)  (45.769 , 8)  (39.8585 , 7)  
(103.729 , 2)  (63.3138 , 4)  (57.5515 , 7)  (54.5876 , 1)  (48.3789 , 6)  (47.4899 , 5)  (45.2747 , 9)  (43.6481 , 8)  (41.2031 , 3)  
(86.1987 , 4)  (72.8423 , 9)  (59.1406 , 6)  (58.4966 , 2)  (52.676 , 5)  (49.8097 , 7)  (49.0493 , 1)  (46.281 , 3)  (42.5721 , 8)  
(103.296 , 6)  (61.894 , 5)  (56.9223 , 4)  (49.6316 , 9)  (49.0523 , 2)  (47.8457 , 3)  (46.7836 , 8)  (46.0897 , 7)  (43.1153 , 1)  
(94.4582 , 5)  (61.9888 , 6)  (56.0127 , 2)  (55.8798 , 8)  (53.2393 , 1)  (51.7685 , 7)  (51.0847 , 3)  (49.628 , 9)  (40.8186 , 4)  
(106.423 , 3)  (67.8081 , 7)  (54.3394 , 6)  (50.295 , 2)  (49.1904 , 9)  (46.842 , 5)  (43.5575 , 8)  (42.7887 , 1)  (37.0118 , 4)  
(103.554 , 1)  (60.6884 , 7)  (59.9796 , 2)  (55.0287 , 6)  (51.8465 , 5)  (49.3053 , 9)  (42.7017 , 3)  (41.0636 , 4)  (35.3422 , 8)  
(103.613 , 8)  (58.0693 , 7)  (52.9973 , 9)  (51.9814 , 2)  (51.0292 , 5)  (50.9203 , 4)  (48.346 , 6)  (47.2992 , 1)  (31.6835 , 3)  
