 -------------------903------------
(97.8986 , 5)  (60.0104 , 9)  (58.4399 , 6)  (55.9954 , 8)  (53.835 , 1)  (47.7235 , 7)  (47.0261 , 2)  (41.5534 , 3)  (39.9702 , 4)  
(96.2324 , 4)  (63.6055 , 5)  (59.5512 , 6)  (57.8793 , 2)  (56.7231 , 9)  (55.94 , 7)  (49.0149 , 1)  (39.5636 , 3)  (35.9767 , 8)  
(106.868 , 6)  (62.4966 , 9)  (56.4287 , 5)  (52.2515 , 7)  (50.1518 , 1)  (47.4061 , 8)  (43.6754 , 3)  (41.2595 , 2)  (36.5863 , 4)  
(106.73 , 7)  (68.3992 , 6)  (63.8581 , 5)  (54.1023 , 9)  (48.7147 , 1)  (46.4444 , 2)  (36.355 , 3)  (34.5736 , 8)  (31.9669 , 4)  
(102.586 , 1)  (71.3822 , 6)  (61.262 , 5)  (55.4004 , 2)  (54.5342 , 7)  (47.2472 , 9)  (43.996 , 4)  (42.1801 , 3)  (34.9913 , 8)  
(100.22 , 9)  (66.8453 , 6)  (60.1845 , 2)  (54.4675 , 4)  (47.1809 , 1)  (45.5842 , 5)  (44.9228 , 7)  (44.1448 , 8)  (39.3836 , 3)  
(94.4752 , 3)  (61.406 , 7)  (57.192 , 9)  (56.2844 , 6)  (55.4424 , 8)  (53.5066 , 1)  (52.4057 , 2)  (45.9623 , 5)  (40.0275 , 4)  
(98.2118 , 2)  (62.8103 , 6)  (60.5026 , 3)  (58.5039 , 7)  (53.0559 , 5)  (48.4944 , 1)  (46.9006 , 8)  (46.8395 , 9)  (37.5386 , 4)  
(100.256 , 8)  (64.3271 , 6)  (61.3696 , 2)  (59.8319 , 7)  (52.7318 , 9)  (50.3752 , 5)  (48.0829 , 4)  (42.8369 , 1)  (36.7384 , 3)  
