 -------------------1015------------
(102.288 , 1)  (64.0509 , 2)  (61.026 , 7)  (58.0749 , 6)  (57.4075 , 5)  (54.3743 , 9)  (39.2416 , 4)  (38.9484 , 3)  (29.391 , 8)  
(99.1548 , 6)  (69.8913 , 5)  (68.5587 , 9)  (62.678 , 2)  (52.8052 , 7)  (49.1923 , 1)  (46.2942 , 8)  (37.5556 , 4)  (35.87 , 3)  
(102.911 , 9)  (57.6239 , 2)  (52.931 , 6)  (51.6265 , 1)  (51.2895 , 3)  (49.1499 , 5)  (48.6586 , 7)  (43.6033 , 4)  (37.2278 , 8)  
(105.226 , 3)  (64.6259 , 6)  (63.2393 , 7)  (52.5007 , 8)  (51.6634 , 1)  (47.6553 , 9)  (44.3561 , 2)  (43.5429 , 5)  (36.6206 , 4)  
(102.713 , 7)  (67.7955 , 6)  (61.4227 , 9)  (59.8166 , 1)  (53.3914 , 2)  (47.3624 , 5)  (35.2166 , 4)  (35.1187 , 3)  (32.4224 , 8)  
(95.6623 , 2)  (62.593 , 7)  (56.1693 , 1)  (54.354 , 6)  (53.8734 , 8)  (51.3517 , 9)  (48.2207 , 5)  (41.3448 , 4)  (40.3609 , 3)  
(90.0198 , 8)  (77.8152 , 6)  (63.4531 , 7)  (60.2469 , 9)  (59.6208 , 2)  (59.4492 , 1)  (46.1444 , 3)  (41.5809 , 5)  (18.2709 , 4)  
(73.4676 , 4)  (71.4139 , 6)  (70.2494 , 9)  (59.2693 , 5)  (59.2519 , 7)  (51.663 , 2)  (49.3916 , 1)  (40.8429 , 3)  (36.888 , 8)  
(96.9075 , 5)  (65.6859 , 6)  (61.6295 , 7)  (51.366 , 9)  (51.0182 , 1)  (48.2011 , 3)  (42.6393 , 2)  (40.6191 , 8)  (33.0105 , 4)  
