 -------------------4542------------
(98.349 , 9)  (59.0574 , 7)  (56.4549 , 4)  (52.0328 , 2)  (51.3212 , 6)  (47.9239 , 5)  (47.6184 , 8)  (46.7021 , 1)  (41.2416 , 3)  
(102.576 , 1)  (57.5092 , 8)  (56.2494 , 2)  (54.6315 , 6)  (50.1627 , 5)  (47.9027 , 4)  (47.7734 , 7)  (42.9734 , 3)  (42.4107 , 9)  
(97.7238 , 8)  (83.5319 , 5)  (58.9613 , 7)  (57.8938 , 6)  (54.2293 , 2)  (45.9898 , 1)  (44.0201 , 4)  (40.6966 , 3)  (37.546 , 9)  
(107.291 , 7)  (55.6557 , 6)  (52.6811 , 9)  (51.1187 , 2)  (50.1254 , 1)  (49.9267 , 4)  (49.5152 , 5)  (42.2484 , 8)  (40.4645 , 3)  
(96.4723 , 2)  (71.204 , 1)  (58.0133 , 3)  (57.1944 , 8)  (52.7563 , 7)  (52.569 , 6)  (47.1645 , 9)  (40.0385 , 4)  (39.5548 , 5)  
(107.949 , 6)  (57.5641 , 5)  (51.6414 , 1)  (50.7343 , 9)  (49.9445 , 7)  (49.0416 , 3)  (48.1686 , 2)  (46.3321 , 8)  (41.1502 , 4)  
(104.686 , 3)  (58.9637 , 6)  (57.36 , 7)  (52.1501 , 2)  (49.0919 , 9)  (47.0938 , 1)  (43.0379 , 5)  (40.0494 , 4)  (37.1182 , 8)  
(105.529 , 4)  (60.6188 , 6)  (59.2357 , 7)  (51.3285 , 1)  (49.3662 , 5)  (48.2554 , 2)  (47.5198 , 9)  (46.0675 , 8)  (40.7225 , 3)  
(98.8371 , 5)  (69.9269 , 9)  (52.9935 , 7)  (52.5744 , 3)  (51.8979 , 2)  (51.2959 , 6)  (48.9649 , 1)  (47.4605 , 8)  (38.8621 , 4)  
