 -------------------4083------------
(103.071 , 2)  (69.4918 , 8)  (61.4297 , 9)  (58.8265 , 6)  (58.5773 , 7)  (46.7897 , 4)  (42.9496 , 1)  (41.7581 , 5)  (35.7811 , 3)  
(99.2198 , 3)  (61.2965 , 4)  (60.8121 , 5)  (54.8079 , 9)  (48.9943 , 6)  (47.3224 , 1)  (46.6876 , 8)  (42.0484 , 2)  (38.938 , 7)  
(97.6596 , 4)  (66.551 , 1)  (65.777 , 3)  (54.2175 , 9)  (51.6941 , 7)  (47.3073 , 6)  (46.6478 , 2)  (46.0821 , 5)  (40.2216 , 8)  
(108.077 , 7)  (55.6874 , 6)  (54.2081 , 1)  (54.0457 , 5)  (50.3573 , 9)  (48.3485 , 2)  (46.5909 , 4)  (46.1833 , 8)  (34.1214 , 3)  
(100.832 , 9)  (58.639 , 6)  (56.5906 , 2)  (53.8264 , 7)  (48.8479 , 4)  (47.1036 , 3)  (45.4161 , 1)  (41.7004 , 5)  (37.2726 , 8)  
(91.9222 , 8)  (69.2235 , 2)  (57.3274 , 3)  (55.2321 , 7)  (54.4966 , 1)  (53.4155 , 4)  (48.5386 , 6)  (47.5981 , 9)  (37.7615 , 5)  
(103.043 , 6)  (60.6806 , 4)  (58.5564 , 7)  (58.1816 , 5)  (52.4186 , 8)  (48.3319 , 3)  (47.6636 , 2)  (46.2403 , 9)  (46.1601 , 1)  
(106.714 , 5)  (61.2172 , 8)  (55.6457 , 4)  (51.2139 , 1)  (47.735 , 2)  (44.0688 , 3)  (42.449 , 9)  (40.8749 , 7)  (39.2802 , 6)  
(104.576 , 1)  (54.57 , 3)  (52.6022 , 6)  (51.8413 , 9)  (50 , 4)  (49.8627 , 7)  (48.517 , 8)  (47.7485 , 2)  (46.8879 , 5)  
