 -------------------475------------
(102.304 , 9)  (58.1034 , 2)  (56.1826 , 6)  (51.5913 , 7)  (50.413 , 4)  (50.2832 , 3)  (48.3486 , 1)  (44.2969 , 8)  (43.9171 , 5)  
(73.4183 , 3)  (66.8444 , 7)  (60.5179 , 1)  (59.5541 , 5)  (57.4034 , 6)  (53.7922 , 8)  (52.1085 , 4)  (49.3574 , 2)  (44.1766 , 9)  
(95.115 , 7)  (65.4635 , 9)  (62.4045 , 6)  (55.053 , 5)  (55.0196 , 1)  (51.2599 , 3)  (43.5494 , 4)  (39.2494 , 8)  (38.8549 , 2)  
(93.3141 , 8)  (63.5823 , 9)  (60.7283 , 2)  (59.9344 , 6)  (56.4113 , 7)  (54.793 , 1)  (46.046 , 5)  (42.3211 , 3)  (40.0379 , 4)  
(98.8778 , 2)  (64.2276 , 6)  (55.5161 , 7)  (52.4722 , 1)  (51.5432 , 9)  (50.3323 , 5)  (48.5578 , 8)  (46.1149 , 3)  (33.7201 , 4)  
(90.2297 , 4)  (62.7019 , 6)  (61.7912 , 1)  (53.8363 , 9)  (53.2515 , 7)  (50.5516 , 2)  (45.6146 , 3)  (39.113 , 8)  (38.1672 , 5)  
(101.28 , 1)  (76.7232 , 6)  (66.1114 , 5)  (64.2139 , 2)  (54.2512 , 7)  (52.5005 , 9)  (38.6615 , 3)  (38.368 , 4)  (20.722 , 8)  
(89.9912 , 5)  (73.5769 , 6)  (65.9838 , 9)  (60.0036 , 7)  (55.5085 , 1)  (48.2613 , 8)  (45.5958 , 2)  (36.8084 , 3)  (23.7382 , 4)  
(107.497 , 6)  (59.4718 , 7)  (52.4032 , 8)  (52.1203 , 9)  (48.0282 , 5)  (46.673 , 1)  (43.937 , 4)  (43.4503 , 3)  (42.7867 , 2)  
