 -------------------3161------------
(104.55 , 1)  (61.5752 , 7)  (51.3434 , 6)  (48.9551 , 8)  (48.6085 , 5)  (48.5769 , 2)  (48.2845 , 4)  (46.2127 , 9)  (45.7766 , 3)  
(99.4796 , 4)  (63.1613 , 9)  (56.9776 , 6)  (52.272 , 1)  (51.683 , 3)  (49.5129 , 2)  (47.6264 , 5)  (47.1035 , 7)  (46.0444 , 8)  
(95.7356 , 5)  (68.1147 , 8)  (60.2324 , 6)  (51.0171 , 9)  (48.8195 , 2)  (47.4886 , 4)  (46.3317 , 7)  (44.5341 , 3)  (44.3822 , 1)  
(104.787 , 6)  (60.6271 , 5)  (56.7981 , 2)  (55.53 , 4)  (53.4858 , 7)  (49.8915 , 9)  (45.9967 , 1)  (45.7483 , 3)  (43.149 , 8)  
(100.67 , 7)  (61.797 , 9)  (57.6276 , 6)  (56.9524 , 1)  (53.6866 , 2)  (48.5666 , 3)  (46.2919 , 5)  (42.4257 , 8)  (40.6804 , 4)  
(106.86 , 8)  (61.83 , 2)  (55.2969 , 4)  (54.2688 , 5)  (50.753 , 9)  (49.1552 , 1)  (47.5956 , 7)  (46.3669 , 6)  (37.4853 , 3)  
(90.9791 , 7)  (70.6505 , 9)  (62.3854 , 6)  (52.3457 , 3)  (51.2559 , 2)  (50.2887 , 1)  (50.1167 , 5)  (44.6899 , 8)  (32.8049 , 4)  
(93.3414 , 3)  (65.5141 , 7)  (61.6727 , 6)  (55.1769 , 9)  (52.8003 , 8)  (52.4159 , 2)  (47.8403 , 5)  (45.3106 , 4)  (43.7774 , 1)  
(96.904 , 2)  (64.5798 , 7)  (59.6059 , 3)  (59.3507 , 6)  (54.2153 , 8)  (46.6071 , 1)  (45.103 , 4)  (44.4995 , 9)  (33.6956 , 5)  
