 -------------------4536------------
(98.4847 , 9)  (61.1139 , 7)  (56.1839 , 2)  (53.6206 , 4)  (51.4497 , 6)  (47.1657 , 5)  (46.6073 , 1)  (45.4854 , 3)  (41.8017 , 8)  
(102.851 , 1)  (56.3253 , 2)  (55.5654 , 8)  (52.8629 , 6)  (50.3283 , 5)  (49.7238 , 4)  (46.8933 , 7)  (46.0109 , 3)  (41.1783 , 9)  
(98.4057 , 8)  (83.4688 , 5)  (58.1498 , 7)  (55.6744 , 6)  (49.3396 , 2)  (46.7554 , 4)  (45.2127 , 1)  (38.3047 , 3)  (35.4073 , 9)  
(106.384 , 7)  (58.3342 , 6)  (56.9015 , 9)  (51.6052 , 1)  (51.4543 , 2)  (50.6995 , 5)  (46.5931 , 4)  (44.197 , 3)  (39.0737 , 8)  
(94.776 , 2)  (68.7401 , 1)  (56.64 , 7)  (54.8274 , 8)  (53.5579 , 3)  (53.2601 , 6)  (45.961 , 9)  (44.0583 , 5)  (37.2126 , 4)  
(108.07 , 6)  (60.1373 , 5)  (51.9876 , 2)  (51.3084 , 9)  (50.0512 , 1)  (49.0285 , 7)  (45.929 , 3)  (45.8789 , 4)  (42.3857 , 8)  
(103.637 , 3)  (62.1796 , 6)  (55.6837 , 7)  (53.8461 , 2)  (49.6366 , 1)  (48.626 , 9)  (43.6088 , 5)  (39.301 , 4)  (36.4653 , 8)  
(103.296 , 4)  (66.718 , 6)  (55.6111 , 7)  (54.5458 , 1)  (53.8302 , 9)  (51.3669 , 5)  (50.9174 , 2)  (42.5512 , 8)  (38.1426 , 3)  
(98.9732 , 5)  (70.6879 , 9)  (56.9336 , 7)  (54.8387 , 6)  (54.7246 , 2)  (48.2909 , 3)  (47.6055 , 1)  (46.0618 , 8)  (37.2734 , 4)  
