 -------------------1343------------
(84.6009 , 9)  (71.8179 , 5)  (65.7193 , 8)  (58.2058 , 1)  (53.3176 , 2)  (52.8642 , 7)  (47.9236 , 6)  (44.2556 , 4)  (42.4484 , 3)  
(102.891 , 1)  (62.0614 , 7)  (61.6389 , 6)  (50.2995 , 3)  (49.6528 , 4)  (47.7665 , 2)  (47.0389 , 5)  (46.9269 , 9)  (43.1565 , 8)  
(90.7496 , 3)  (63.5075 , 7)  (58.6552 , 9)  (55.1029 , 1)  (54.9137 , 4)  (54.4705 , 6)  (50.8829 , 5)  (49.8236 , 2)  (38.6716 , 8)  
(105.86 , 8)  (58.5655 , 6)  (55.2939 , 7)  (53.3241 , 1)  (51.7971 , 4)  (49.4505 , 3)  (49.3412 , 2)  (48.1476 , 5)  (42.5907 , 9)  
(101.653 , 5)  (58.5653 , 9)  (52.5827 , 2)  (50.6656 , 1)  (50.2353 , 8)  (49.4412 , 7)  (48.4505 , 4)  (47.3461 , 6)  (44.5093 , 3)  
(85.232 , 2)  (73.5708 , 3)  (69.7988 , 7)  (54.6859 , 1)  (52.9365 , 4)  (50.9903 , 8)  (46.0716 , 5)  (42.4553 , 6)  (35.7902 , 9)  
(90.6958 , 4)  (67.2481 , 6)  (57.6622 , 9)  (57.5434 , 1)  (54.4868 , 2)  (51.3927 , 7)  (50.1437 , 5)  (49.8779 , 8)  (37.306 , 3)  
(104.32 , 6)  (54.9008 , 2)  (53.1478 , 7)  (51.3323 , 5)  (50.9522 , 4)  (50.7046 , 8)  (49.3096 , 1)  (47.1139 , 9)  (42.9392 , 3)  
(95.6942 , 7)  (71.2869 , 2)  (65.0868 , 9)  (63.5843 , 1)  (51.1348 , 6)  (48.6927 , 8)  (48.5643 , 5)  (43.4029 , 4)  (33.0149 , 3)  
