 -------------------1010------------
(103.154 , 1)  (60.3904 , 7)  (57.4139 , 6)  (53.8999 , 2)  (52.7139 , 5)  (51.865 , 9)  (47.0093 , 3)  (44.145 , 4)  (38.9142 , 8)  
(95.9528 , 6)  (70.0851 , 5)  (68.0005 , 2)  (67.916 , 9)  (54.6158 , 1)  (51.9153 , 7)  (48.479 , 8)  (34.8411 , 4)  (34.1808 , 3)  
(100.702 , 9)  (55.7676 , 2)  (52.8907 , 7)  (51.7697 , 3)  (50.8076 , 6)  (50.6413 , 1)  (48.463 , 5)  (46.8294 , 4)  (38.3114 , 8)  
(105.556 , 3)  (62.3988 , 7)  (62.023 , 6)  (50.9057 , 8)  (50.6598 , 1)  (46.2948 , 9)  (45.0939 , 5)  (44.7199 , 2)  (36.5215 , 4)  
(104.1 , 7)  (64.919 , 6)  (64.4297 , 9)  (56.5219 , 1)  (51.1037 , 2)  (44.9866 , 5)  (38.1476 , 3)  (36.9982 , 4)  (32.3914 , 8)  
(95.6931 , 2)  (62.4826 , 7)  (57.5528 , 6)  (55.796 , 1)  (52.3149 , 9)  (50.2521 , 8)  (49.1493 , 5)  (40.84 , 4)  (38.3356 , 3)  
(92.6286 , 8)  (75.1845 , 6)  (62.7357 , 7)  (59.2309 , 1)  (58.4786 , 9)  (57.6737 , 2)  (45.8352 , 3)  (40.6586 , 5)  (19.0508 , 4)  
(72.52 , 4)  (72.441 , 6)  (68.2996 , 9)  (61.0902 , 5)  (59.6577 , 7)  (50.7785 , 2)  (50.1757 , 1)  (42.2995 , 3)  (36.9019 , 8)  
(91.285 , 5)  (68.7433 , 7)  (68.6223 , 6)  (57.4882 , 1)  (54.4502 , 3)  (52.1723 , 9)  (50.8022 , 8)  (31.4337 , 4)  (28.2284 , 2)  
