 -------------------1501------------
(98.1349 , 6)  (65.2726 , 4)  (56.0077 , 2)  (53.1324 , 5)  (50.218 , 9)  (48.8937 , 7)  (47.9884 , 3)  (47.2299 , 1)  (46.4331 , 8)  
(100.683 , 9)  (63.3681 , 7)  (59.8768 , 6)  (56.7861 , 2)  (51.3316 , 1)  (47.7352 , 3)  (44.8533 , 5)  (44.7399 , 4)  (38.4386 , 8)  
(81.4885 , 8)  (72.2776 , 2)  (66.6021 , 6)  (60.6718 , 7)  (56.533 , 9)  (54.0379 , 1)  (40.784 , 3)  (40.4182 , 4)  (39.0492 , 5)  
(98.9176 , 5)  (57.5021 , 6)  (53.19 , 3)  (50.2262 , 8)  (50.0787 , 7)  (49.5548 , 2)  (48.0793 , 9)  (45.4942 , 4)  (43.9017 , 1)  
(103.378 , 1)  (58.9506 , 2)  (56.2971 , 6)  (55.3068 , 5)  (54.7889 , 9)  (52.6611 , 7)  (45.5248 , 4)  (42.3186 , 3)  (30.7097 , 8)  
(89.799 , 4)  (83.5611 , 6)  (57.862 , 9)  (57.1648 , 7)  (53.5641 , 2)  (49.9085 , 5)  (49.0661 , 1)  (43.5914 , 3)  (38.4523 , 8)  
(99.5249 , 3)  (62.7751 , 5)  (61.5107 , 6)  (59.9742 , 7)  (46.723 , 4)  (46.7053 , 1)  (45.1715 , 2)  (42.9491 , 9)  (35.5145 , 8)  
(101.758 , 2)  (57.8713 , 7)  (56.8426 , 9)  (56.7115 , 5)  (56.5083 , 3)  (51.8152 , 1)  (51.4264 , 6)  (47.1002 , 8)  (41.1696 , 4)  
(83.4749 , 7)  (79.7336 , 2)  (62.7402 , 4)  (58.415 , 6)  (53.3652 , 3)  (48.7668 , 1)  (48.2366 , 9)  (45.3976 , 5)  (41.5768 , 8)  
