 -------------------1871------------
(107.981 , 4)  (63.4028 , 8)  (59.5163 , 2)  (57.2371 , 5)  (56.1212 , 7)  (46.5698 , 1)  (43.2703 , 3)  (43.2179 , 6)  (28.4063 , 9)  
(105.678 , 6)  (56.2621 , 3)  (54.7568 , 4)  (53.3635 , 1)  (52.6341 , 7)  (49.5435 , 8)  (49.0106 , 5)  (46.9124 , 9)  (42.4853 , 2)  
(90.4913 , 9)  (78.8428 , 5)  (54.6511 , 7)  (53.3105 , 4)  (52.8413 , 2)  (52.2179 , 6)  (46.1585 , 1)  (41.9241 , 8)  (40.5154 , 3)  
(92.7562 , 3)  (61.2422 , 6)  (56.1484 , 2)  (55.7149 , 8)  (54.8761 , 7)  (53.5836 , 5)  (49.449 , 9)  (48.1852 , 4)  (45.4669 , 1)  
(108.371 , 2)  (57.7751 , 7)  (53.7759 , 8)  (51.4743 , 9)  (49.11 , 6)  (48.3636 , 5)  (46.9075 , 4)  (46.7827 , 1)  (43.299 , 3)  
(96.1094 , 5)  (56.2334 , 6)  (55.9977 , 9)  (55.2512 , 3)  (52.9335 , 8)  (49.6464 , 1)  (49.6123 , 2)  (47.0983 , 7)  (39.0595 , 4)  
(102.896 , 1)  (62.2997 , 7)  (59.0947 , 6)  (58.1838 , 5)  (56.2696 , 2)  (52.19 , 9)  (41.811 , 3)  (40.2553 , 4)  (33.4863 , 8)  
(69.4125 , 7)  (66.8072 , 8)  (65.6912 , 9)  (61.2886 , 1)  (60.7388 , 2)  (59.1591 , 5)  (58.6065 , 6)  (49.2516 , 3)  (31.1206 , 4)  
(75.9303 , 8)  (74.6041 , 9)  (66.1355 , 2)  (64.1765 , 6)  (51.0801 , 7)  (48.0711 , 3)  (45.8249 , 1)  (41.6143 , 5)  (38.0531 , 4)  
