 -------------------1066------------
(98.9403 , 2)  (63.2022 , 1)  (60.2888 , 6)  (59.0758 , 3)  (55.655 , 9)  (48.4663 , 7)  (42.9037 , 5)  (41.772 , 8)  (40.216 , 4)  
(75.569 , 3)  (69.2414 , 7)  (55.9941 , 6)  (55.5194 , 9)  (55.0999 , 2)  (53.2271 , 8)  (51.7224 , 5)  (45.102 , 1)  (42.849 , 4)  
(102.712 , 1)  (62.8112 , 7)  (57.4729 , 6)  (52.5143 , 5)  (50.6908 , 9)  (48.4648 , 3)  (48.1811 , 2)  (42.3767 , 4)  (41.645 , 8)  
(85.7675 , 4)  (67.8578 , 2)  (62.5709 , 7)  (62.1903 , 8)  (59.9195 , 5)  (55.044 , 6)  (54.2313 , 1)  (42.1606 , 3)  (37.4286 , 9)  
(94.2067 , 7)  (66.0274 , 2)  (61.4235 , 9)  (52.9558 , 6)  (51.798 , 5)  (49.2646 , 8)  (46.9191 , 1)  (38.0203 , 3)  (33.7504 , 4)  
(98.3647 , 5)  (61.7615 , 6)  (58.4645 , 7)  (56.0137 , 9)  (55.4291 , 2)  (50.3438 , 3)  (48.6229 , 1)  (43.6566 , 8)  (29.1926 , 4)  
(82.3882 , 8)  (70.0462 , 1)  (68.9837 , 6)  (64.9648 , 7)  (62.5276 , 9)  (56.034 , 3)  (53.1574 , 2)  (43.0619 , 5)  (17.9129 , 4)  
(101.142 , 9)  (68.0578 , 6)  (60.5699 , 2)  (57.6315 , 1)  (50.0072 , 5)  (49.497 , 7)  (38.9293 , 8)  (35.4016 , 3)  (34.407 , 4)  
(92.6995 , 6)  (61.8457 , 2)  (59.883 , 1)  (58.4011 , 7)  (56.5633 , 5)  (47.3514 , 9)  (45.2747 , 8)  (41.5699 , 4)  (39.0483 , 3)  
