 -------------------848------------
(94.1935 , 7)  (63.0366 , 9)  (58.8714 , 2)  (58.3081 , 1)  (57.4096 , 6)  (45.8985 , 3)  (44.9579 , 4)  (44.8283 , 5)  (41.6338 , 8)  
(97.9952 , 5)  (61.4654 , 8)  (54.7692 , 2)  (52.4203 , 7)  (49.7816 , 1)  (49.0546 , 3)  (48.8936 , 9)  (48.8284 , 6)  (47.1921 , 4)  
(102.569 , 3)  (61.7805 , 2)  (53.6778 , 9)  (51.0979 , 4)  (50.2814 , 1)  (50.1112 , 7)  (48.7082 , 6)  (45.4259 , 5)  (38.6664 , 8)  
(99.0625 , 9)  (62.0945 , 6)  (56.1341 , 1)  (53.144 , 5)  (50.8008 , 2)  (50.4264 , 7)  (45.6841 , 3)  (45.648 , 4)  (35.6404 , 8)  
(95.5818 , 1)  (69.1508 , 2)  (64.2667 , 6)  (62.7902 , 5)  (54.0662 , 7)  (49.3889 , 9)  (45.0609 , 4)  (34.2818 , 8)  (32.7872 , 3)  
(101.639 , 2)  (70.5468 , 6)  (60.423 , 9)  (48.4549 , 7)  (47.4591 , 5)  (47.0247 , 1)  (45.9465 , 8)  (41.6271 , 3)  (38.8641 , 4)  
(93.1989 , 4)  (81.5463 , 6)  (65.8027 , 7)  (54.8398 , 5)  (52.9993 , 9)  (50.1534 , 1)  (48.4884 , 2)  (44.2349 , 8)  (33.2895 , 3)  
(106.372 , 6)  (56.2931 , 5)  (55.1543 , 7)  (54.7712 , 1)  (53.6497 , 9)  (48.386 , 2)  (45.4042 , 4)  (42.7961 , 3)  (41.7049 , 8)  
(94.9182 , 8)  (71.7043 , 2)  (64.4697 , 6)  (60.0694 , 9)  (53.1142 , 1)  (50.2248 , 7)  (48.322 , 5)  (41.4802 , 3)  (37.7485 , 4)  
