 -------------------394------------
(82.0866 , 8)  (64.5195 , 5)  (57.4962 , 1)  (53.3337 , 3)  (53.3048 , 6)  (52.3029 , 9)  (51.1355 , 2)  (46.0352 , 4)  (43.0436 , 7)  
(103.029 , 5)  (63.5747 , 6)  (59.3421 , 3)  (54.8479 , 2)  (53.2035 , 7)  (50.4661 , 4)  (45.5729 , 1)  (42.1571 , 9)  (36.5472 , 8)  
(91.2554 , 4)  (62.4733 , 6)  (58.0688 , 2)  (55.4943 , 1)  (54.8476 , 7)  (54.4785 , 9)  (46.7544 , 8)  (46.1539 , 5)  (40.1983 , 3)  
(94.5473 , 1)  (63.8027 , 3)  (58.224 , 6)  (58.1494 , 2)  (54.208 , 8)  (48.3727 , 7)  (45.7085 , 5)  (44.1346 , 4)  (38.9465 , 9)  
(77.9696 , 3)  (67.4957 , 1)  (60.6099 , 9)  (57.0377 , 2)  (56.4694 , 7)  (56.1487 , 6)  (51.4422 , 5)  (48.2945 , 8)  (39.5075 , 4)  
(102.701 , 9)  (61.1431 , 6)  (57.5452 , 2)  (55.7031 , 7)  (48.5068 , 8)  (46.7354 , 4)  (46.1 , 1)  (45.2804 , 5)  (39.5816 , 3)  
(100.907 , 7)  (63.1611 , 2)  (61.5924 , 6)  (58.2819 , 1)  (54.4622 , 3)  (51.6373 , 5)  (50.0717 , 9)  (38.3589 , 4)  (36.5195 , 8)  
(101.024 , 6)  (57.6035 , 5)  (57.0519 , 9)  (49.8192 , 1)  (49.6428 , 2)  (49.5983 , 7)  (49.3613 , 4)  (39.0562 , 3)  (38.1213 , 8)  
(98.3765 , 2)  (60.9236 , 9)  (56.3385 , 6)  (54.8197 , 1)  (51.6749 , 3)  (49.9143 , 7)  (45.152 , 5)  (42.2753 , 4)  (41.4317 , 8)  
