 -------------------655------------
(100.508 , 3)  (58.4608 , 7)  (50.5245 , 2)  (50.4252 , 6)  (50.1619 , 5)  (49.9203 , 9)  (47.6435 , 4)  (46.0487 , 8)  (45.366 , 1)  
(90.3901 , 5)  (73.2254 , 7)  (57.4881 , 6)  (50.417 , 1)  (49.3348 , 9)  (47.9148 , 8)  (47.0508 , 3)  (45.3412 , 2)  (44.3659 , 4)  
(97.6075 , 8)  (65.3487 , 6)  (64.5219 , 2)  (57.217 , 7)  (55.5422 , 9)  (52.2443 , 1)  (43.4795 , 5)  (40.4343 , 4)  (35.3702 , 3)  
(88.8185 , 2)  (66.083 , 6)  (62.9599 , 3)  (56.9186 , 7)  (52.0653 , 1)  (48.8506 , 4)  (48.4093 , 8)  (48.3316 , 5)  (42.3111 , 9)  
(98.3664 , 6)  (61.7086 , 7)  (60.5231 , 2)  (58.0112 , 9)  (56.529 , 8)  (53.6974 , 5)  (49.534 , 3)  (39.3706 , 4)  (38.395 , 1)  
(103.295 , 1)  (60.9953 , 2)  (60.0667 , 7)  (54.5404 , 5)  (53.2614 , 9)  (49.8783 , 6)  (39.9538 , 8)  (39.1673 , 3)  (37.8527 , 4)  
(91.1592 , 7)  (79.1404 , 9)  (69.4698 , 6)  (57.6692 , 2)  (56.2499 , 1)  (47.6988 , 5)  (40.9858 , 8)  (36.182 , 3)  (28.3545 , 4)  
(90.6046 , 9)  (72.6499 , 7)  (63.2509 , 2)  (61.8266 , 6)  (53.5565 , 1)  (53.4742 , 5)  (44.5902 , 3)  (39.2674 , 8)  (35.3189 , 4)  
(102.548 , 4)  (58.5899 , 6)  (54.2842 , 5)  (53.577 , 1)  (52.8223 , 2)  (51.2078 , 7)  (48.5062 , 9)  (45.854 , 3)  (40.1184 , 8)  
