 -------------------3113------------
(105.726 , 4)  (56.1139 , 6)  (55.8944 , 2)  (54.1678 , 9)  (50.265 , 3)  (47.2983 , 5)  (47.2886 , 7)  (46.4758 , 1)  (45.7552 , 8)  
(91.438 , 5)  (63.8897 , 6)  (57.4884 , 1)  (56.5063 , 2)  (53.4909 , 8)  (52.6783 , 4)  (48.9808 , 9)  (47.2913 , 7)  (44.3824 , 3)  
(73.7252 , 2)  (69.1983 , 7)  (56.7257 , 6)  (56.111 , 5)  (53.3295 , 9)  (49.881 , 3)  (49.4558 , 4)  (46.0347 , 1)  (44.6876 , 8)  
(96.471 , 9)  (69.0718 , 6)  (54.7716 , 7)  (54.3117 , 5)  (53.2846 , 1)  (49.604 , 2)  (47.0174 , 8)  (42.5405 , 3)  (39.7064 , 4)  
(98.9424 , 8)  (57.5451 , 5)  (55.843 , 9)  (54.95 , 2)  (51.8027 , 7)  (48.8951 , 6)  (47.1319 , 4)  (46.5961 , 3)  (39.0936 , 1)  
(102.871 , 1)  (53.88 , 7)  (52.1652 , 4)  (51.6103 , 9)  (51.3215 , 6)  (51.2447 , 3)  (50.6588 , 2)  (50.0398 , 5)  (42.942 , 8)  
(85.7775 , 3)  (60.4291 , 7)  (58.4061 , 6)  (58.0392 , 9)  (54.3626 , 5)  (48.9254 , 2)  (48.8213 , 8)  (48.7675 , 1)  (42.6008 , 4)  
(78.4344 , 7)  (74.9492 , 6)  (64.3812 , 4)  (61.7185 , 2)  (60.6468 , 1)  (55.0991 , 3)  (52.8959 , 8)  (44.8101 , 5)  (31.3424 , 9)  
(98.2219 , 6)  (59.7297 , 9)  (58.108 , 1)  (54.4791 , 5)  (52.0954 , 2)  (50.5106 , 8)  (49.1311 , 7)  (42.3046 , 4)  (34.7028 , 3)  
