 -------------------1001------------
(103.28 , 1)  (57.5437 , 6)  (56.5759 , 2)  (54.7854 , 7)  (52.9125 , 5)  (49.8029 , 9)  (45.9573 , 3)  (42.2355 , 4)  (41.3737 , 8)  
(97.7389 , 6)  (70.4025 , 5)  (66.932 , 2)  (61.9932 , 9)  (59.2397 , 1)  (47.2707 , 7)  (46.7904 , 8)  (43.707 , 4)  (35.3534 , 3)  
(102.26 , 9)  (57.2469 , 2)  (52.2373 , 6)  (51.2182 , 5)  (50.873 , 7)  (49.0259 , 1)  (47.3484 , 3)  (47.1197 , 4)  (38.2711 , 8)  
(105.529 , 3)  (60.9936 , 6)  (59.9177 , 7)  (53.4904 , 8)  (53.407 , 1)  (48.0198 , 9)  (43.9483 , 2)  (43.638 , 5)  (38.0513 , 4)  
(103.974 , 7)  (65.1788 , 6)  (63.4423 , 9)  (57.3917 , 1)  (52.177 , 2)  (45.1742 , 5)  (36.4943 , 4)  (35.9975 , 3)  (31.7748 , 8)  
(94.3202 , 2)  (62.5272 , 1)  (59.4917 , 8)  (55.6096 , 7)  (51.4672 , 6)  (49.7748 , 5)  (47.1046 , 3)  (46.1764 , 9)  (42.8902 , 4)  
(92.9404 , 8)  (74.6004 , 6)  (63.587 , 7)  (59.0622 , 9)  (56.6604 , 1)  (56.5655 , 2)  (47.0351 , 3)  (40.9587 , 5)  (21.5357 , 4)  
(75.824 , 4)  (70.5961 , 6)  (67.8747 , 9)  (61.0553 , 7)  (57.8502 , 5)  (51.3308 , 2)  (48.8358 , 1)  (43.1671 , 3)  (37.0372 , 8)  
(95.2564 , 5)  (66.5234 , 6)  (64.5984 , 7)  (54.2496 , 1)  (52.2017 , 9)  (50.1163 , 3)  (46.4197 , 8)  (35.537 , 4)  (32.8771 , 2)  
