 -------------------919------------
(94.9643 , 5)  (56.2683 , 8)  (54.5738 , 9)  (53.3353 , 1)  (52.3995 , 3)  (50.0698 , 6)  (48.0789 , 7)  (46.9048 , 4)  (46.8003 , 2)  
(99.322 , 4)  (60.4367 , 5)  (58.1565 , 6)  (56.9459 , 2)  (54.3517 , 7)  (53.1677 , 9)  (48.8957 , 1)  (41.0705 , 3)  (39.7891 , 8)  
(106.513 , 6)  (66.1867 , 9)  (52.8282 , 1)  (51.9943 , 5)  (46.0928 , 2)  (45.8403 , 7)  (42.3562 , 3)  (41.2803 , 8)  (39.944 , 4)  
(107.148 , 7)  (64.0949 , 6)  (63.1138 , 5)  (53.1537 , 9)  (50.302 , 2)  (47.5062 , 1)  (37.1083 , 3)  (37.0242 , 4)  (34.2022 , 8)  
(101.259 , 1)  (69.013 , 6)  (60.1027 , 7)  (58.9335 , 2)  (56.6061 , 5)  (48.4666 , 9)  (44.4188 , 3)  (39.8317 , 4)  (30.6746 , 8)  
(97.2715 , 9)  (66.9524 , 6)  (57.5615 , 4)  (56.0031 , 2)  (48.0276 , 1)  (46.744 , 8)  (45.9886 , 7)  (44.4533 , 5)  (43.8404 , 3)  
(101.954 , 3)  (59.0751 , 7)  (53.0013 , 9)  (52.3238 , 1)  (50.8457 , 2)  (50.5935 , 8)  (49.7423 , 6)  (47.1205 , 4)  (45.2023 , 5)  
(94.6028 , 2)  (71.0169 , 3)  (60.9597 , 6)  (55.256 , 7)  (52.9566 , 8)  (50.4559 , 5)  (47.3789 , 4)  (45.7073 , 9)  (38.4236 , 1)  
(100.131 , 8)  (64.6483 , 2)  (59.0131 , 6)  (57.0085 , 9)  (53.4269 , 5)  (53.2307 , 7)  (47.8094 , 1)  (47.2469 , 4)  (31.4209 , 3)  
