 -------------------1105------------
(100.383 , 7)  (67.0822 , 1)  (54.6898 , 6)  (52.6934 , 2)  (52.5953 , 3)  (49.8623 , 9)  (45.8334 , 5)  (41.7635 , 8)  (39.2442 , 4)  
(101.052 , 6)  (60.2456 , 4)  (55.248 , 3)  (53.0318 , 9)  (51.6724 , 1)  (49.4482 , 7)  (48.1186 , 5)  (40.533 , 8)  (39.316 , 2)  
(104.663 , 4)  (60.9186 , 7)  (60.3621 , 2)  (59.1977 , 6)  (48.6202 , 3)  (48.4451 , 5)  (47.93 , 9)  (43.8887 , 1)  (34.4849 , 8)  
(100.976 , 2)  (64.7365 , 7)  (62.7186 , 9)  (54.6702 , 6)  (49.9132 , 5)  (45.1209 , 1)  (45.1203 , 3)  (41.1202 , 8)  (33.2101 , 4)  
(102.917 , 9)  (58.3072 , 7)  (58.0004 , 6)  (57.4133 , 2)  (48.4878 , 5)  (47.831 , 4)  (45.1557 , 1)  (42.867 , 3)  (41.1918 , 8)  
(96.3351 , 5)  (70.9656 , 6)  (65.5935 , 9)  (59.0704 , 7)  (56.9276 , 2)  (48.4894 , 1)  (43.7279 , 8)  (39.761 , 3)  (35.3214 , 4)  
(96.8348 , 1)  (70.6569 , 6)  (65.3121 , 5)  (58.7869 , 7)  (55.5101 , 9)  (54.5487 , 2)  (44.3591 , 4)  (36.9707 , 8)  (35.1127 , 3)  
(97.5469 , 8)  (64.5767 , 7)  (59.5548 , 2)  (59.4966 , 6)  (54.323 , 5)  (51.4061 , 4)  (49.5013 , 9)  (45.4143 , 1)  (35.3424 , 3)  
(69.1662 , 3)  (66.871 , 8)  (62.7513 , 5)  (58.4446 , 6)  (56.1293 , 4)  (52.8539 , 2)  (51.5701 , 1)  (49.6539 , 7)  (49.173 , 9)  
