 -------------------4172------------
(106.614 , 2)  (58.8392 , 1)  (56.7097 , 7)  (54.0155 , 6)  (51.0544 , 9)  (49.88 , 8)  (47.4751 , 5)  (43.7341 , 3)  (41.946 , 4)  
(106.563 , 7)  (61.6085 , 1)  (52.46 , 5)  (50.9248 , 6)  (50.9054 , 2)  (48.8641 , 3)  (48.7935 , 4)  (47.1076 , 9)  (44.5997 , 8)  
(77.2434 , 9)  (66.5334 , 7)  (53.7306 , 5)  (53.4798 , 2)  (52.9304 , 6)  (50.3379 , 8)  (48.2882 , 1)  (48.2096 , 4)  (38.6304 , 3)  
(91.7879 , 6)  (64.4515 , 2)  (60.0787 , 7)  (56.4941 , 1)  (53.1196 , 5)  (48.7524 , 9)  (48.3844 , 4)  (45.184 , 8)  (40.7312 , 3)  
(104.058 , 1)  (56.8669 , 7)  (52.096 , 4)  (50.9475 , 5)  (50.8613 , 3)  (50.1893 , 6)  (48.8713 , 9)  (47.5952 , 2)  (44.477 , 8)  
(106.946 , 8)  (63.4333 , 2)  (57.954 , 4)  (51.9039 , 6)  (50.6506 , 9)  (50.2585 , 7)  (44.4347 , 1)  (40.3874 , 5)  (38.7662 , 3)  
(80.7805 , 4)  (71.1693 , 9)  (60.7695 , 2)  (57.6605 , 7)  (56.6874 , 6)  (53.9621 , 5)  (53.0515 , 1)  (42.3227 , 3)  (40.1683 , 8)  
(103.066 , 5)  (60.999 , 3)  (59.6336 , 2)  (58.574 , 6)  (55.293 , 7)  (54.6288 , 9)  (49.8212 , 1)  (35.6881 , 8)  (34.3816 , 4)  
(83.71 , 3)  (68.4459 , 9)  (57.9677 , 6)  (56.7957 , 8)  (51.9538 , 7)  (50.2334 , 1)  (47.3517 , 5)  (46.9959 , 4)  (46.4509 , 2)  
