 -------------------709------------
(105.464 , 2)  (62.0718 , 7)  (54.9215 , 9)  (51.8982 , 6)  (50.4316 , 8)  (46.5435 , 4)  (44.9314 , 5)  (42.0672 , 3)  (40.3062 , 1)  
(103.343 , 9)  (53.9557 , 2)  (51.4233 , 7)  (50.3415 , 6)  (50.2645 , 8)  (49.0353 , 1)  (45.5486 , 3)  (42.7082 , 4)  (41.6656 , 5)  
(75.5203 , 8)  (74.514 , 3)  (65.1995 , 9)  (63.1313 , 7)  (59.7282 , 6)  (49.1734 , 4)  (48.4952 , 2)  (46.4612 , 5)  (43.7459 , 1)  
(98.1716 , 4)  (66.4316 , 2)  (61.0971 , 6)  (59.0752 , 5)  (54.2735 , 7)  (51.0135 , 1)  (48.2471 , 8)  (42.773 , 3)  (35.4753 , 9)  
(102.357 , 6)  (62.7947 , 5)  (59.1753 , 4)  (56.603 , 7)  (54.8988 , 2)  (51.5498 , 3)  (42.1647 , 9)  (42.0557 , 1)  (41.4424 , 8)  
(96.4437 , 7)  (66.6787 , 2)  (62.4544 , 6)  (60.7014 , 4)  (52.3943 , 5)  (45.9283 , 9)  (45.657 , 3)  (43.314 , 1)  (40.8304 , 8)  
(91.6679 , 3)  (64.5497 , 2)  (62.8683 , 6)  (58.0595 , 9)  (52.8989 , 7)  (50.985 , 1)  (42.0838 , 5)  (38.3647 , 8)  (37.5394 , 4)  
(90.1303 , 5)  (73.8428 , 7)  (71.0479 , 6)  (55.5843 , 8)  (55.2012 , 2)  (50.8623 , 3)  (48.1011 , 1)  (43.3869 , 9)  (33.7569 , 4)  
(97.1267 , 1)  (66.3913 , 2)  (61.9967 , 9)  (58.0957 , 6)  (57.9426 , 7)  (56.2333 , 5)  (36.4073 , 8)  (35.8497 , 3)  (31.0879 , 4)  
