 -------------------1175------------
(104.168 , 1)  (58.6361 , 9)  (52.4787 , 7)  (52.0604 , 5)  (51.4923 , 2)  (50.6768 , 6)  (49.4397 , 3)  (46.0662 , 8)  (42.6343 , 4)  
(93.9292 , 7)  (75.7638 , 1)  (58.4717 , 9)  (58.046 , 2)  (49.7087 , 6)  (49.4963 , 5)  (46.6329 , 8)  (45.78 , 3)  (43.8808 , 4)  
(78.209 , 8)  (65.5695 , 3)  (62.3434 , 4)  (57.8263 , 2)  (56.272 , 1)  (53.1953 , 6)  (53.0676 , 5)  (51.6681 , 7)  (38.8717 , 9)  
(99.8328 , 6)  (64.4554 , 7)  (56.4593 , 8)  (55.2512 , 4)  (54.4039 , 2)  (50.0966 , 3)  (45.6561 , 1)  (45.448 , 5)  (39.4577 , 9)  
(102.898 , 2)  (57.8835 , 3)  (55.4306 , 8)  (55.0258 , 6)  (54.1407 , 4)  (50.17 , 1)  (49.3941 , 7)  (46.7561 , 5)  (44.9084 , 9)  
(104.897 , 3)  (54.2673 , 7)  (53.8118 , 6)  (52.6025 , 1)  (50.1691 , 5)  (50.1242 , 2)  (49.3307 , 9)  (46.8445 , 4)  (37.9006 , 8)  
(100.355 , 4)  (62.5257 , 6)  (60.7715 , 9)  (55.3565 , 7)  (54.753 , 1)  (53.8396 , 2)  (47.8096 , 5)  (45.0608 , 3)  (34.4179 , 8)  
(82.8784 , 9)  (65.4989 , 7)  (63.3234 , 6)  (59.8653 , 2)  (56.4001 , 1)  (51.3572 , 5)  (50.8534 , 3)  (49.2926 , 8)  (44.5337 , 4)  
(88.4357 , 5)  (73.3409 , 9)  (58.326 , 6)  (56.8612 , 1)  (52.0621 , 8)  (49.328 , 2)  (46.8329 , 7)  (45.8441 , 3)  (35.2028 , 4)  
