 -------------------3937------------
(89.1197 , 4)  (62.7817 , 6)  (60.0368 , 7)  (54.3515 , 9)  (54.0489 , 5)  (52.4627 , 1)  (48.3735 , 2)  (45.3471 , 8)  (41.8615 , 3)  
(95.5217 , 3)  (67.0985 , 7)  (56.0839 , 2)  (53.8199 , 4)  (52.8884 , 5)  (50.0587 , 9)  (49.9492 , 6)  (44.091 , 1)  (39.375 , 8)  
(95.5406 , 5)  (64.1477 , 7)  (52.0398 , 6)  (51.9619 , 1)  (51.4399 , 3)  (48.9277 , 2)  (48.6776 , 8)  (40.9613 , 9)  (33.0595 , 4)  
(94.2071 , 7)  (76.4367 , 9)  (70.5163 , 6)  (64.7089 , 5)  (52.0455 , 1)  (49.3609 , 3)  (48.5643 , 2)  (29.8969 , 8)  (18.2024 , 4)  
(95.6987 , 2)  (68.029 , 9)  (63.4545 , 6)  (59.7602 , 1)  (54.0359 , 7)  (50.3237 , 8)  (41.3285 , 5)  (39.9888 , 3)  (35.0332 , 4)  
(102.77 , 1)  (68.5689 , 6)  (64.2674 , 5)  (61.3463 , 7)  (57.66 , 9)  (56.8662 , 2)  (39.6749 , 3)  (35.8768 , 4)  (24.0609 , 8)  
(77.6825 , 9)  (71.8337 , 7)  (67.0618 , 6)  (66.8339 , 1)  (61.9146 , 2)  (59.0758 , 8)  (49.761 , 3)  (42.7929 , 5)  (15.4204 , 4)  
(103.781 , 6)  (61.1503 , 1)  (60.9034 , 7)  (59.5378 , 5)  (56.6389 , 9)  (49.0648 , 8)  (43.4848 , 3)  (37.9044 , 2)  (33.9163 , 4)  
(96.5406 , 8)  (64.6894 , 9)  (62.2832 , 6)  (56.1567 , 2)  (55.4393 , 7)  (53.3433 , 1)  (48.6681 , 3)  (37.9083 , 5)  (37.0759 , 4)  
