 -------------------891------------
(100.586 , 5)  (57.9404 , 7)  (55.0246 , 9)  (54.3776 , 8)  (51.9271 , 1)  (51.8662 , 6)  (51.7615 , 2)  (42.5876 , 3)  (41.5742 , 4)  
(98.4055 , 4)  (62.6749 , 5)  (60.1594 , 6)  (59.1078 , 2)  (55.3364 , 9)  (55.0867 , 7)  (44.6325 , 1)  (40.9396 , 3)  (38.085 , 8)  
(105.606 , 6)  (77.5769 , 9)  (61.0833 , 2)  (51.5995 , 1)  (50.9882 , 5)  (42.1324 , 8)  (40.8428 , 7)  (39.5919 , 4)  (30.1529 , 3)  
(102.882 , 7)  (62.3591 , 2)  (56.1562 , 3)  (52.2007 , 4)  (49.9396 , 6)  (49.0057 , 1)  (46.9223 , 5)  (46.8539 , 9)  (40.984 , 8)  
(100.909 , 1)  (70.0181 , 6)  (57.6833 , 5)  (57.3869 , 2)  (54.4263 , 9)  (49.1899 , 3)  (47.6084 , 4)  (45.7763 , 7)  (26.3419 , 8)  
(87.5571 , 9)  (84.4994 , 4)  (74.8516 , 6)  (61.6509 , 2)  (52.0529 , 1)  (45.8329 , 7)  (40.1258 , 5)  (39.9072 , 3)  (31.1723 , 8)  
(96.1177 , 3)  (67.8086 , 7)  (55.3636 , 6)  (55.0713 , 9)  (49.7389 , 2)  (49.6532 , 8)  (48.9264 , 1)  (42.7346 , 5)  (41.7382 , 4)  
(89.968 , 2)  (63.0598 , 3)  (59.3432 , 6)  (58.6014 , 7)  (56.7672 , 8)  (54.4037 , 5)  (47.978 , 4)  (42.7307 , 9)  (38.7632 , 1)  
(98.9193 , 8)  (60.0018 , 2)  (58.8656 , 9)  (58.4683 , 6)  (52.1485 , 7)  (48.4465 , 5)  (47.6968 , 4)  (47.2533 , 1)  (39.8973 , 3)  
