 -------------------4609------------
(106.673 , 6)  (57.4573 , 4)  (55.1345 , 7)  (49.7916 , 1)  (49.3801 , 2)  (49.0682 , 9)  (48.713 , 3)  (48.4569 , 8)  (47.276 , 5)  
(81.9166 , 3)  (71.5946 , 5)  (61.0203 , 7)  (52.3097 , 2)  (51.7939 , 4)  (51.2357 , 6)  (49.6676 , 1)  (44.96 , 8)  (43.319 , 9)  
(90.6329 , 7)  (69.4928 , 2)  (54.392 , 6)  (53.2566 , 1)  (52.4216 , 3)  (51.2614 , 8)  (46.9192 , 4)  (44.6516 , 5)  (43.434 , 9)  
(103.647 , 4)  (63.5571 , 6)  (62.9592 , 9)  (60.0427 , 2)  (52.514 , 7)  (49.1386 , 1)  (45.9035 , 5)  (41.389 , 8)  (38.094 , 3)  
(94.818 , 1)  (65.1312 , 6)  (61.9185 , 7)  (57.4422 , 5)  (56.021 , 2)  (54.8269 , 9)  (45.9252 , 4)  (42.3696 , 3)  (39.7948 , 8)  
(98.9604 , 5)  (62.5317 , 9)  (58.2654 , 3)  (55.6886 , 6)  (53.6497 , 1)  (52.4738 , 7)  (42.968 , 2)  (41.8157 , 8)  (35.2294 , 4)  
(99.1586 , 8)  (69.4365 , 3)  (61.7051 , 6)  (61.6485 , 2)  (55.5349 , 9)  (52.8543 , 1)  (50.9114 , 7)  (45.4764 , 4)  (30.2437 , 5)  
(91.9648 , 2)  (64.2599 , 3)  (63.2455 , 7)  (62.7708 , 6)  (55.1485 , 1)  (51.8496 , 9)  (50.5076 , 4)  (48.7336 , 5)  (42.7592 , 8)  
(95.2638 , 9)  (69.6957 , 7)  (58.0681 , 1)  (57.4004 , 6)  (57.1795 , 2)  (45.0523 , 3)  (43.7068 , 5)  (43.0433 , 8)  (34.7009 , 4)  
