 -------------------888------------
(99.9067 , 6)  (58.1998 , 4)  (54.94 , 3)  (52.7675 , 5)  (52.7393 , 1)  (50.2585 , 2)  (48.4281 , 7)  (47.7778 , 8)  (44.9133 , 9)  
(99.131 , 3)  (59.7329 , 7)  (59.4221 , 5)  (55.6341 , 6)  (51.9541 , 2)  (51.5074 , 1)  (47.7591 , 9)  (39.5308 , 8)  (37.1202 , 4)  
(88.2205 , 8)  (60.4811 , 7)  (57.6622 , 3)  (57.1727 , 6)  (56.1357 , 4)  (54.6597 , 2)  (45.8924 , 5)  (45.105 , 9)  (43.6473 , 1)  
(96.4931 , 2)  (84.042 , 7)  (72.3314 , 6)  (57.8454 , 8)  (50.0926 , 1)  (48.9299 , 9)  (46.6488 , 5)  (38.8638 , 3)  (30.994 , 4)  
(101.276 , 1)  (66.8767 , 6)  (61.2371 , 2)  (60.9491 , 5)  (59.428 , 7)  (50.7557 , 9)  (40.3618 , 3)  (36.5111 , 4)  (30.1331 , 8)  
(91.5248 , 4)  (78.3996 , 9)  (73.8981 , 6)  (63.2548 , 2)  (55.4795 , 1)  (54.5017 , 7)  (51.1142 , 5)  (35.0014 , 8)  (26.5746 , 3)  
(98.17 , 9)  (66.2951 , 6)  (55.2557 , 1)  (50.4146 , 8)  (49.7851 , 3)  (47.9231 , 7)  (45.3407 , 4)  (45.02 , 5)  (44.7632 , 2)  
(91.6567 , 7)  (64.6775 , 2)  (63.614 , 6)  (61.9962 , 9)  (58.7513 , 5)  (47.702 , 1)  (43.2309 , 3)  (41.5351 , 4)  (29.4712 , 8)  
(79.6529 , 5)  (73.5697 , 3)  (69.8464 , 6)  (66.6943 , 9)  (66.0065 , 1)  (65.0795 , 7)  (41.0361 , 8)  (39.0744 , 2)  (19.0293 , 4)  
