 -------------------3118------------
(105.567 , 4)  (57.158 , 9)  (56.9828 , 6)  (52.8735 , 2)  (50.3805 , 3)  (49.4297 , 5)  (49.0463 , 1)  (46.5664 , 8)  (44.6225 , 7)  
(96.345 , 5)  (57.0603 , 6)  (56.5604 , 8)  (55.3785 , 1)  (54.8786 , 4)  (51.799 , 2)  (49.5292 , 7)  (45.2234 , 3)  (41.9609 , 9)  
(70.1985 , 2)  (64.3235 , 7)  (57.6411 , 5)  (57.5723 , 3)  (53.2163 , 4)  (53.021 , 9)  (50.225 , 6)  (47.7454 , 8)  (47.1424 , 1)  
(94.4838 , 9)  (69.1326 , 6)  (56.8297 , 7)  (54.4308 , 5)  (52.4323 , 1)  (49.4531 , 2)  (47.8964 , 8)  (42.2304 , 3)  (38.7753 , 4)  
(102.514 , 8)  (55.851 , 2)  (55.1517 , 5)  (53.2 , 9)  (51.5647 , 7)  (47.1782 , 4)  (46.6643 , 3)  (46.5606 , 6)  (40.1225 , 1)  
(102.369 , 1)  (60.4589 , 7)  (55.5614 , 6)  (54.8382 , 2)  (50.2977 , 9)  (49.3952 , 5)  (47.1383 , 4)  (46.9648 , 3)  (40.725 , 8)  
(83.3495 , 3)  (66.1359 , 7)  (59.3127 , 9)  (58.5713 , 6)  (56.8062 , 5)  (48.9257 , 8)  (48.0396 , 1)  (45.8477 , 2)  (42.8692 , 4)  
(80.8419 , 7)  (75.3436 , 6)  (59.9075 , 1)  (58.2039 , 4)  (55.3542 , 2)  (54.0168 , 8)  (53.0538 , 3)  (50.8564 , 5)  (32.6255 , 9)  
(98.0802 , 6)  (56.2155 , 1)  (55.4647 , 8)  (50.685 , 2)  (50.6064 , 7)  (48.8235 , 4)  (48.7508 , 9)  (46.4115 , 5)  (45.8944 , 3)  
