 -------------------3369------------
(72.5625 , 2)  (62.4357 , 7)  (61.3019 , 5)  (57.5734 , 8)  (53.8305 , 3)  (48.3274 , 1)  (47.9167 , 4)  (46.8669 , 9)  (46.636 , 6)  
(103.681 , 1)  (65.3131 , 7)  (52.6098 , 2)  (49.3919 , 6)  (49.2499 , 9)  (47.991 , 5)  (47.8089 , 4)  (44.4546 , 3)  (40.3076 , 8)  
(74.584 , 6)  (70.5381 , 5)  (58.0105 , 9)  (53.3759 , 8)  (52.7628 , 1)  (51.3292 , 3)  (45.4384 , 2)  (45.2442 , 7)  (41.2315 , 4)  
(104.05 , 5)  (67.3108 , 7)  (54.8854 , 1)  (52.5244 , 4)  (51.563 , 8)  (50.3917 , 2)  (49.8137 , 6)  (41.6648 , 3)  (31.3153 , 9)  
(104.537 , 7)  (65.7727 , 6)  (59.1939 , 1)  (57.6574 , 5)  (56.2784 , 9)  (48.4129 , 2)  (44.9035 , 3)  (39.5975 , 4)  (32.9205 , 8)  
(98.6566 , 9)  (56.3005 , 2)  (55.0572 , 7)  (52.8757 , 4)  (49.8888 , 3)  (48.4981 , 6)  (47.6823 , 5)  (45.8638 , 1)  (35.4112 , 8)  
(97.4937 , 4)  (69.6708 , 2)  (67.2034 , 6)  (58.7884 , 1)  (54.8109 , 7)  (48.739 , 5)  (44.7494 , 9)  (40.8729 , 3)  (38.4207 , 8)  
(81.859 , 8)  (72.4344 , 9)  (71.4835 , 2)  (57.9314 , 1)  (56.4117 , 6)  (48.2414 , 7)  (48.2362 , 5)  (42.9071 , 3)  (31.9149 , 4)  
(103.5 , 3)  (56.5392 , 1)  (53.6001 , 7)  (53.0502 , 9)  (52.5965 , 6)  (51.5143 , 2)  (49.3444 , 8)  (46.0851 , 5)  (43.5656 , 4)  
