 -------------------4435------------
(99.488 , 3)  (61.4105 , 9)  (60.9219 , 7)  (52.5504 , 1)  (52.2226 , 6)  (48.9426 , 5)  (45.6927 , 2)  (44.9197 , 8)  (44.7616 , 4)  
(104.408 , 8)  (55.5572 , 6)  (55.0776 , 3)  (50.8454 , 1)  (49.6955 , 7)  (49.1077 , 4)  (49.0857 , 9)  (48.426 , 2)  (45.3238 , 5)  
(84.4941 , 9)  (69.6606 , 3)  (61.0596 , 5)  (51.3945 , 8)  (51.2994 , 2)  (49.1113 , 4)  (46.2373 , 6)  (45.9673 , 1)  (40.063 , 7)  
(105.581 , 6)  (56.9163 , 9)  (54.7701 , 3)  (53.1861 , 1)  (51.7648 , 7)  (48.2736 , 2)  (46.1267 , 8)  (45.7355 , 5)  (45.6249 , 4)  
(97.586 , 4)  (60.9463 , 9)  (58.6446 , 6)  (57.7539 , 1)  (56.5564 , 2)  (49.1948 , 7)  (47.4567 , 5)  (45.5419 , 3)  (36.8958 , 8)  
(101.655 , 1)  (68.1409 , 7)  (62.2503 , 6)  (54.6925 , 5)  (50.5144 , 9)  (49.5135 , 2)  (43.4767 , 3)  (41.9063 , 4)  (37.9378 , 8)  
(96.971 , 5)  (58.9114 , 6)  (58.6378 , 7)  (58.5523 , 9)  (56.277 , 2)  (50.4218 , 8)  (48.8874 , 1)  (43.3941 , 3)  (33.7258 , 4)  
(88.6313 , 7)  (63.6933 , 2)  (61.7746 , 9)  (60.379 , 6)  (52.5248 , 1)  (48.9809 , 3)  (47.5257 , 8)  (44.158 , 5)  (32.181 , 4)  
(105.952 , 2)  (60.5393 , 7)  (53.1236 , 5)  (52.2016 , 6)  (51.8853 , 3)  (51.4549 , 9)  (46.8688 , 1)  (41.505 , 8)  (41.2046 , 4)  
