 -------------------3110------------
(104.704 , 4)  (58.1237 , 2)  (55.8639 , 6)  (53.2864 , 9)  (51.1647 , 3)  (48.471 , 1)  (46.1052 , 8)  (46.1017 , 5)  (45.4251 , 7)  
(89.7553 , 5)  (62.8093 , 6)  (61.396 , 1)  (58.8217 , 8)  (52.1073 , 3)  (50.7157 , 4)  (50.6016 , 9)  (48.6604 , 7)  (44.1652 , 2)  
(68.3124 , 2)  (65.7189 , 7)  (56.7926 , 5)  (55.9265 , 9)  (54.1234 , 3)  (53.9665 , 6)  (49.1542 , 8)  (48.3305 , 4)  (45.6281 , 1)  
(92.7388 , 9)  (69.3387 , 6)  (59.4823 , 7)  (58.8443 , 2)  (58.4033 , 5)  (52.8833 , 1)  (45.9098 , 8)  (42.045 , 4)  (40.9653 , 3)  
(103.072 , 8)  (58.5571 , 5)  (55.9039 , 7)  (54.9733 , 2)  (50.6289 , 9)  (48.8815 , 4)  (46.9873 , 6)  (45.7432 , 3)  (38.1931 , 1)  
(101.092 , 1)  (59.6891 , 7)  (53.0981 , 4)  (52.534 , 6)  (52.1086 , 5)  (51.2653 , 2)  (49.5831 , 9)  (49.2807 , 3)  (39.3029 , 8)  
(80.7757 , 3)  (64.9024 , 7)  (62.5964 , 6)  (60.1092 , 5)  (56.7007 , 9)  (49.5516 , 1)  (47.5127 , 2)  (45.8062 , 8)  (38.4144 , 4)  
(81.1171 , 7)  (76.0073 , 6)  (61.7644 , 4)  (59.4659 , 1)  (58.1527 , 8)  (54.4942 , 3)  (50.8928 , 2)  (46.5931 , 5)  (30.3123 , 9)  
(96.7535 , 6)  (59.8453 , 1)  (57.8372 , 9)  (53.0589 , 2)  (52.311 , 8)  (50.4931 , 5)  (49.2913 , 7)  (44.8158 , 4)  (35.4872 , 3)  
