 -------------------497------------
(102.302 , 9)  (58.6762 , 2)  (55.4577 , 7)  (54.2247 , 6)  (50.4604 , 3)  (47.8456 , 4)  (46.5065 , 1)  (45.1908 , 5)  (37.9429 , 8)  
(71.4628 , 3)  (64.2107 , 7)  (63.9809 , 1)  (61.5741 , 5)  (55.6526 , 8)  (55.2583 , 6)  (50.6096 , 4)  (48.1637 , 9)  (47.3779 , 2)  
(95.1477 , 7)  (63.3526 , 9)  (60.9665 , 6)  (56.4351 , 5)  (54.8498 , 3)  (50.9051 , 1)  (48.6733 , 4)  (39.3511 , 8)  (35.9413 , 2)  
(92.3859 , 8)  (60.2613 , 2)  (60.066 , 1)  (59.8431 , 6)  (58.3019 , 9)  (57.2674 , 7)  (45.6888 , 4)  (44.6582 , 5)  (41.7601 , 3)  
(95.4638 , 2)  (62.7475 , 6)  (54.9468 , 1)  (53.3134 , 8)  (51.5138 , 9)  (49.7513 , 7)  (46.9951 , 3)  (46.6017 , 5)  (41.5526 , 4)  
(87.034 , 4)  (69.1105 , 6)  (64.2829 , 1)  (53.6107 , 2)  (52.4419 , 9)  (51.0747 , 7)  (42.2088 , 3)  (41.4751 , 5)  (40.4869 , 8)  
(102.657 , 1)  (71.3632 , 6)  (62.5488 , 7)  (58.3662 , 5)  (57.6748 , 2)  (51.9115 , 9)  (39.3898 , 4)  (38.2903 , 3)  (27.4292 , 8)  
(91.2533 , 5)  (72.103 , 6)  (66.1878 , 9)  (57.7252 , 7)  (54.0407 , 1)  (53.3674 , 2)  (47.7379 , 8)  (33.6691 , 3)  (24.5058 , 4)  
(107.492 , 6)  (57.7346 , 7)  (53.3949 , 8)  (53.028 , 9)  (51.1957 , 5)  (48.398 , 2)  (46.1671 , 1)  (42.3831 , 4)  (37.4348 , 3)  
