 -------------------3043------------
(83.8909 , 2)  (66.5689 , 7)  (61.2328 , 8)  (57.4822 , 1)  (54.3319 , 6)  (51.9077 , 4)  (49.541 , 3)  (46.7024 , 9)  (44.9642 , 5)  
(86.714 , 9)  (61.031 , 6)  (57.6537 , 7)  (54.5167 , 8)  (51.9614 , 2)  (46.3985 , 1)  (45.1849 , 4)  (44.9965 , 3)  (44.3567 , 5)  
(104.374 , 6)  (52.6897 , 1)  (52.6544 , 9)  (52.5401 , 3)  (52.5078 , 7)  (49.9129 , 5)  (48.3292 , 2)  (43.5506 , 8)  (42.7808 , 4)  
(104.414 , 8)  (60.801 , 9)  (57.3152 , 2)  (55.3026 , 1)  (52.0036 , 7)  (49.3766 , 6)  (48.8966 , 5)  (46.7534 , 4)  (31.6822 , 3)  
(82.9114 , 3)  (63.2134 , 9)  (59.0605 , 8)  (56.6037 , 7)  (54.1292 , 4)  (53.7184 , 5)  (51.8119 , 2)  (51.5198 , 6)  (46.2335 , 1)  
(100.396 , 1)  (57.4905 , 7)  (54.9146 , 2)  (53.1388 , 5)  (50.4003 , 6)  (48.621 , 4)  (47.1872 , 8)  (46.3817 , 3)  (44.7456 , 9)  
(101.068 , 5)  (63.3865 , 9)  (60.7314 , 6)  (59.6189 , 7)  (49.1142 , 2)  (44.9858 , 3)  (44.3939 , 8)  (43.6867 , 1)  (38.8125 , 4)  
(103.232 , 4)  (58.264 , 6)  (54.4169 , 7)  (52.1186 , 9)  (49.5704 , 2)  (49.2101 , 1)  (48.5392 , 3)  (47.8853 , 8)  (45.5941 , 5)  
(104.966 , 7)  (61.6517 , 6)  (57.8636 , 9)  (49.5629 , 5)  (49.5 , 1)  (49.4063 , 2)  (42.213 , 8)  (42.0315 , 3)  (38.5666 , 4)  
