 -------------------1234------------
(82.2812 , 4)  (75.7442 , 9)  (62.4723 , 6)  (61.0663 , 7)  (55.9404 , 2)  (46.2384 , 3)  (45.3583 , 5)  (42.8646 , 8)  (41.0962 , 1)  
(93.3514 , 3)  (68.2204 , 5)  (63.9248 , 6)  (58.1994 , 7)  (57.2554 , 2)  (53.9359 , 9)  (49.4437 , 8)  (45.5925 , 1)  (43.4745 , 4)  
(101.04 , 1)  (66.3107 , 2)  (65.5089 , 9)  (60.8847 , 5)  (57.5414 , 7)  (57.1509 , 6)  (35.3703 , 3)  (32.75 , 4)  (31.693 , 8)  
(97.9353 , 2)  (74.951 , 7)  (64.2643 , 6)  (52.1014 , 5)  (50.9513 , 1)  (49.1192 , 8)  (42.1516 , 3)  (41.7731 , 9)  (36.8878 , 4)  
(95.7819 , 8)  (67.412 , 6)  (65.1644 , 7)  (60.1425 , 9)  (58.3492 , 2)  (50.4354 , 5)  (49.7294 , 1)  (39.9195 , 3)  (27.8454 , 4)  
(103.51 , 6)  (67.524 , 5)  (58.1741 , 9)  (53.2471 , 2)  (53.1768 , 1)  (52.0323 , 7)  (41.4838 , 8)  (34.8416 , 3)  (29.1182 , 4)  
(93.9814 , 9)  (67.7776 , 6)  (60.3414 , 1)  (57.0284 , 5)  (49.3697 , 7)  (48.4143 , 2)  (46.4316 , 3)  (37.0417 , 8)  (36.7775 , 4)  
(105.766 , 7)  (63.6891 , 6)  (60.5067 , 2)  (59.37 , 9)  (51.8253 , 1)  (51.6073 , 5)  (40.639 , 4)  (37.3214 , 3)  (30.4193 , 8)  
(86.8369 , 5)  (83.0164 , 6)  (61.2274 , 7)  (56.3256 , 9)  (55.9551 , 2)  (54.7568 , 8)  (52.891 , 1)  (33.7432 , 3)  (24.5794 , 4)  
