 -------------------4442------------
(98.9263 , 3)  (61.5707 , 7)  (56.1352 , 9)  (52.1536 , 6)  (51.8302 , 4)  (51.076 , 1)  (48.5023 , 5)  (47.6902 , 2)  (47.0356 , 8)  
(104.664 , 8)  (57.6722 , 3)  (54.4168 , 1)  (52.7741 , 7)  (52.206 , 6)  (51.4056 , 4)  (47.2815 , 5)  (46.1631 , 2)  (43.7629 , 9)  
(88.6682 , 9)  (70.6345 , 3)  (59.2776 , 5)  (51.9986 , 8)  (49.0623 , 2)  (48.7621 , 1)  (46.7248 , 6)  (43.7595 , 4)  (38.8479 , 7)  
(105.082 , 6)  (53.6672 , 4)  (53.4333 , 9)  (53.1262 , 3)  (52.7608 , 1)  (52.5073 , 2)  (50.3987 , 7)  (43.7193 , 5)  (43.1011 , 8)  
(103.422 , 4)  (60.4572 , 1)  (59.0198 , 6)  (55.23 , 2)  (51.5198 , 9)  (49.4373 , 8)  (46.0691 , 3)  (45.4955 , 7)  (42.0391 , 5)  
(102.006 , 1)  (66.5109 , 7)  (60.6122 , 6)  (53.2026 , 5)  (51.8667 , 9)  (49.1712 , 2)  (46.1873 , 3)  (40.8725 , 4)  (40.3236 , 8)  
(97.3231 , 5)  (63.2473 , 6)  (57.5478 , 7)  (57.0592 , 9)  (55.9762 , 2)  (47.2556 , 8)  (45.7409 , 1)  (44.2583 , 3)  (33.7779 , 4)  
(86.1289 , 7)  (69.0172 , 6)  (60.1369 , 9)  (58.301 , 1)  (55.4956 , 2)  (53.2906 , 3)  (46.824 , 5)  (45.5799 , 8)  (26.8384 , 4)  
(105.743 , 2)  (58.5248 , 7)  (53.7553 , 5)  (53.6446 , 9)  (50.7681 , 6)  (49.8015 , 3)  (47.8538 , 1)  (40.9573 , 4)  (40.9253 , 8)  
