 -------------------1314------------
(80.1657 , 9)  (74.3896 , 8)  (63.9023 , 1)  (59.4781 , 5)  (50.8793 , 3)  (50.6615 , 7)  (50.3327 , 4)  (50.15 , 6)  (47.7059 , 2)  
(103.92 , 1)  (60.5971 , 6)  (55.0488 , 7)  (50.846 , 8)  (48.508 , 3)  (48.1033 , 4)  (47.8811 , 5)  (46.9338 , 2)  (46.2546 , 9)  
(87.0469 , 3)  (61.368 , 7)  (59.9577 , 9)  (58.6188 , 4)  (55.9803 , 2)  (51.8759 , 1)  (51.4223 , 6)  (49.5183 , 5)  (40.2875 , 8)  
(106.638 , 8)  (61.0307 , 7)  (56.3676 , 6)  (53.8957 , 1)  (50.014 , 4)  (49.3757 , 3)  (44.8649 , 5)  (44.4485 , 9)  (43.2807 , 2)  
(102.663 , 5)  (56.5869 , 9)  (54.033 , 4)  (52.0869 , 2)  (51.7334 , 8)  (47.56 , 1)  (47.0425 , 3)  (46.2347 , 6)  (45.5573 , 7)  
(92.722 , 2)  (72.4122 , 3)  (62.2356 , 7)  (54.8968 , 1)  (53.8378 , 8)  (52.0876 , 4)  (41.1524 , 5)  (40.9184 , 6)  (35.7601 , 9)  
(87.5568 , 4)  (63.6753 , 9)  (63.2622 , 6)  (55.8446 , 1)  (52.8538 , 2)  (49.5994 , 8)  (48.5477 , 7)  (45.9911 , 5)  (44.6478 , 3)  
(104.833 , 6)  (53.2473 , 2)  (52.1671 , 5)  (52.1155 , 7)  (51.2418 , 4)  (49.5063 , 1)  (48.8444 , 8)  (47.8669 , 9)  (44.7562 , 3)  
(95.2468 , 7)  (73.3264 , 2)  (65.1254 , 1)  (64.7995 , 9)  (53.6322 , 6)  (47.8815 , 8)  (46.6637 , 5)  (40.3843 , 4)  (39.4144 , 3)  
