 -------------------192------------
(94.6325 , 2)  (73.1068 , 8)  (60.4598 , 7)  (52.9 , 9)  (49.681 , 5)  (49.2913 , 1)  (46.856 , 3)  (43.8151 , 4)  (41.0472 , 6)  
(106.033 , 5)  (58.099 , 8)  (52.8806 , 2)  (51.1423 , 4)  (50.4049 , 9)  (50.1874 , 7)  (50.166 , 1)  (41.9714 , 6)  (37.8156 , 3)  
(106.93 , 6)  (58.7003 , 4)  (54.8446 , 5)  (49.9214 , 3)  (49.8336 , 7)  (48.8618 , 9)  (48.7562 , 2)  (46.0436 , 8)  (41.2514 , 1)  
(94.5692 , 1)  (69.1935 , 8)  (54.1262 , 2)  (51.0515 , 7)  (50.2654 , 5)  (48.769 , 3)  (47.916 , 9)  (47.548 , 6)  (42.5476 , 4)  
(99.6689 , 7)  (67.6933 , 9)  (60.954 , 6)  (60.8744 , 1)  (55.9614 , 2)  (44.9566 , 5)  (39.2329 , 8)  (39.0482 , 3)  (33.5893 , 4)  
(73.2281 , 4)  (71.7656 , 9)  (63.978 , 1)  (59.2881 , 6)  (50.9279 , 2)  (47.4961 , 5)  (44.7721 , 3)  (41.5104 , 7)  (38.9966 , 8)  
(89.0899 , 9)  (62.3761 , 6)  (60.623 , 5)  (58.6891 , 3)  (51.9391 , 2)  (49.4652 , 8)  (47.9518 , 4)  (45.3005 , 1)  (42.2269 , 7)  
(101.99 , 3)  (61.3996 , 7)  (57.2832 , 6)  (55.0674 , 5)  (50.2502 , 8)  (46.0342 , 1)  (45.8449 , 4)  (43.7838 , 2)  (42.3206 , 9)  
(102.082 , 8)  (62.1682 , 7)  (60.5918 , 6)  (57.0596 , 2)  (53.2516 , 4)  (52.5132 , 5)  (40.5093 , 9)  (39.7991 , 1)  (35.2204 , 3)  
