 -------------------1262------------
(107.507 , 4)  (55.2387 , 6)  (53.651 , 7)  (52.4882 , 2)  (50.0457 , 8)  (48.5098 , 1)  (46.0287 , 9)  (45.9196 , 3)  (39.9094 , 5)  
(102.198 , 1)  (54.8346 , 6)  (52.5088 , 4)  (52.3434 , 7)  (52.2665 , 3)  (52.0261 , 2)  (50.8997 , 8)  (47.9051 , 5)  (43.3921 , 9)  
(95.2621 , 5)  (68.0867 , 3)  (59.3635 , 9)  (55.436 , 1)  (54.9035 , 6)  (53.0117 , 7)  (42.7795 , 8)  (42.3821 , 2)  (34.6295 , 4)  
(91.5717 , 9)  (67.8983 , 6)  (59.1537 , 4)  (55.6669 , 5)  (54.0632 , 2)  (52.9836 , 7)  (51.9053 , 1)  (48.9215 , 8)  (39.5193 , 3)  
(93.9797 , 2)  (71.368 , 7)  (59.8689 , 1)  (59.5303 , 3)  (56.5863 , 8)  (55.5044 , 6)  (40.9265 , 9)  (40.8701 , 5)  (39.367 , 4)  
(101.154 , 8)  (60.337 , 9)  (60.261 , 7)  (57.4552 , 3)  (51.7641 , 1)  (51.6146 , 6)  (44.9417 , 2)  (41.8481 , 4)  (38.1197 , 5)  
(99.697 , 3)  (60.6431 , 6)  (57.972 , 7)  (51.6796 , 2)  (51.4089 , 5)  (50.1342 , 1)  (44.8289 , 9)  (43.4717 , 8)  (39.8499 , 4)  
(89.9396 , 6)  (62.7527 , 1)  (60.0685 , 2)  (57.4331 , 7)  (55.1154 , 5)  (48.2977 , 9)  (43.677 , 3)  (43.5298 , 4)  (40.3214 , 8)  
(104.528 , 7)  (56.3271 , 1)  (56.3271 , 9)  (54.438 , 6)  (52.9573 , 2)  (52.8175 , 3)  (47.2005 , 5)  (43.7885 , 4)  (40.3491 , 8)  
