 -------------------4555------------
(100.209 , 9)  (59.1477 , 4)  (52.3159 , 7)  (50.9041 , 6)  (48.1448 , 2)  (47.9075 , 1)  (47.1341 , 8)  (46.4241 , 3)  (42.3918 , 5)  
(103.062 , 1)  (57.5748 , 8)  (55.7444 , 2)  (53.966 , 6)  (48.6849 , 5)  (48.0107 , 3)  (47.423 , 4)  (46.4713 , 7)  (40.9124 , 9)  
(89.5623 , 8)  (83.5346 , 5)  (59.5322 , 2)  (56.9406 , 7)  (55.7082 , 6)  (45.993 , 1)  (43.3685 , 4)  (42.3291 , 9)  (38.8269 , 3)  
(106.961 , 7)  (59.4113 , 6)  (56.2078 , 9)  (53.494 , 5)  (52.6043 , 2)  (50.7545 , 1)  (45.4124 , 4)  (37.6968 , 3)  (35.8739 , 8)  
(96.0251 , 2)  (69.111 , 1)  (54.8554 , 7)  (54.5465 , 8)  (53.1349 , 6)  (51.2896 , 3)  (46.9304 , 9)  (43.6226 , 5)  (37.6983 , 4)  
(106.349 , 6)  (63.5791 , 5)  (56.6388 , 7)  (50.3456 , 9)  (50.2719 , 1)  (48.1659 , 2)  (46.6746 , 8)  (46.329 , 4)  (44.2966 , 3)  
(105.347 , 3)  (58.9898 , 7)  (56.1738 , 6)  (50.4375 , 5)  (50.2288 , 1)  (49.6343 , 9)  (45.7366 , 2)  (41.6403 , 4)  (35.0695 , 8)  
(101.576 , 4)  (72.249 , 6)  (60.5031 , 9)  (56.2407 , 2)  (56.1551 , 1)  (54.524 , 5)  (52.3392 , 7)  (36.1933 , 8)  (36.0188 , 3)  
(98.4809 , 5)  (71.3184 , 9)  (55.4733 , 7)  (54.6991 , 6)  (54.6675 , 2)  (49.2898 , 3)  (47.3113 , 1)  (44.8506 , 8)  (37.2888 , 4)  
