 -------------------4168------------
(106.813 , 2)  (56.1433 , 7)  (55.2837 , 1)  (54.5311 , 8)  (51.9304 , 6)  (51.0487 , 9)  (48.7842 , 5)  (44.214 , 4)  (40.0342 , 3)  
(105.429 , 7)  (60.9058 , 3)  (59.063 , 1)  (50.9036 , 6)  (49.0384 , 4)  (47.5368 , 2)  (47.1939 , 5)  (46.061 , 9)  (42.5926 , 8)  
(86.236 , 9)  (57.6682 , 7)  (54.0637 , 4)  (53.7345 , 2)  (53.2804 , 1)  (52.9567 , 6)  (50.5137 , 5)  (44.7763 , 3)  (44.4006 , 8)  
(84.7581 , 6)  (70.4961 , 2)  (59.3579 , 7)  (55.9662 , 1)  (54.7142 , 5)  (51.8208 , 9)  (46.3288 , 4)  (43.9137 , 8)  (38.2558 , 3)  
(103.461 , 1)  (57.3245 , 7)  (53.557 , 6)  (52.9026 , 5)  (51.5885 , 2)  (51.3983 , 9)  (49.7702 , 4)  (44.8057 , 3)  (40.707 , 8)  
(107.144 , 8)  (64.3688 , 2)  (55.5569 , 4)  (53.0235 , 6)  (52.0184 , 9)  (50.0236 , 7)  (43.5469 , 1)  (39.8237 , 5)  (38.4398 , 3)  
(82.2894 , 4)  (74.1089 , 9)  (57.536 , 2)  (55.9789 , 7)  (55.5521 , 6)  (52.7885 , 5)  (52.7176 , 1)  (42.1588 , 8)  (41.5006 , 3)  
(103.349 , 5)  (62.0084 , 3)  (56.7818 , 6)  (56.6827 , 9)  (54.9332 , 2)  (54.7173 , 7)  (51.228 , 1)  (38.0736 , 8)  (35.6852 , 4)  
(71.6556 , 3)  (66.2164 , 9)  (61.1316 , 6)  (57.6129 , 8)  (57.4077 , 7)  (57.1429 , 1)  (53.1789 , 2)  (47.6976 , 5)  (38.8962 , 4)  
