 -------------------3201------------
(105.32 , 6)  (61.1979 , 2)  (60.0446 , 4)  (56.6488 , 9)  (52.327 , 5)  (50.7415 , 7)  (44.1184 , 8)  (42.5215 , 1)  (40.7781 , 3)  
(96.598 , 3)  (62.3895 , 7)  (54.9421 , 4)  (53.5437 , 5)  (52.0503 , 6)  (50.8874 , 2)  (50.5682 , 8)  (42.693 , 1)  (39.4546 , 9)  
(106.249 , 7)  (57.0083 , 9)  (54.3024 , 2)  (50.4827 , 6)  (50.4553 , 5)  (49.0662 , 4)  (48.4617 , 1)  (47.0216 , 8)  (44.4755 , 3)  
(104.006 , 1)  (61.8999 , 6)  (61.6624 , 2)  (61.3255 , 5)  (56.4271 , 7)  (52.2033 , 9)  (44.935 , 3)  (36.0269 , 4)  (27.181 , 8)  
(76.2384 , 2)  (74.3183 , 4)  (70.0061 , 6)  (63.7837 , 1)  (63.5496 , 7)  (63.1279 , 5)  (49.6099 , 9)  (36.6347 , 3)  (31.6634 , 8)  
(97.9113 , 8)  (60.4901 , 9)  (56.3012 , 6)  (52.4061 , 7)  (52.0092 , 2)  (48.8305 , 3)  (44.4126 , 1)  (42.8723 , 5)  (38.8583 , 4)  
(87.4022 , 4)  (66.3533 , 9)  (65.7691 , 6)  (57.5005 , 7)  (55.1912 , 2)  (51.9572 , 1)  (50.5367 , 3)  (47.1884 , 5)  (34.0151 , 8)  
(94.7666 , 9)  (71.7507 , 6)  (67.2318 , 1)  (64.4467 , 7)  (58.0176 , 2)  (53.1492 , 5)  (38.8922 , 3)  (28.9298 , 8)  (26.6471 , 4)  
(97.1481 , 5)  (61.7562 , 6)  (60.6013 , 9)  (55.8956 , 1)  (54.6788 , 2)  (48.0654 , 7)  (46.9024 , 8)  (45.1137 , 3)  (31.5067 , 4)  
