 -------------------1076------------
(98.0325 , 2)  (61.9396 , 1)  (59.3259 , 3)  (57.3355 , 6)  (52.7565 , 9)  (51.1956 , 7)  (44.4023 , 4)  (43.8547 , 5)  (42.5611 , 8)  
(75.4854 , 3)  (68.3221 , 7)  (56.803 , 6)  (55.5798 , 2)  (55.5626 , 8)  (54.3042 , 9)  (50.5389 , 5)  (46.0112 , 1)  (41.5298 , 4)  
(101.683 , 1)  (64.8289 , 7)  (60.023 , 6)  (53.2901 , 5)  (51.8309 , 9)  (49.3184 , 2)  (44.8934 , 3)  (43.8007 , 4)  (38.8296 , 8)  
(86.4634 , 4)  (70.1621 , 2)  (60.6108 , 7)  (60.4374 , 8)  (57.3672 , 5)  (56.5005 , 6)  (50.0837 , 1)  (46.0846 , 3)  (35.7314 , 9)  
(94.8389 , 7)  (67.4959 , 2)  (58.1319 , 9)  (50.7107 , 5)  (50.3948 , 6)  (50.3088 , 8)  (46.6307 , 1)  (41.5546 , 3)  (35.7555 , 4)  
(99.6457 , 5)  (61.5472 , 6)  (54.4008 , 9)  (53.1793 , 7)  (52.4199 , 3)  (47.3707 , 2)  (45.4271 , 1)  (43.2533 , 8)  (31.0251 , 4)  
(81.7236 , 8)  (72.0407 , 6)  (68.7562 , 1)  (68.3252 , 7)  (64.2219 , 9)  (54.749 , 2)  (49.9618 , 3)  (43.8735 , 5)  (19.1909 , 4)  
(101.31 , 9)  (66.0567 , 6)  (57.7475 , 2)  (54.3217 , 1)  (50.3928 , 5)  (49.6523 , 7)  (41.5512 , 8)  (39.5107 , 4)  (34.9861 , 3)  
(92.907 , 6)  (63.719 , 2)  (58.0667 , 1)  (57.6524 , 7)  (53.9735 , 5)  (46.0725 , 8)  (45.2838 , 9)  (43.979 , 4)  (41.3632 , 3)  
