 -------------------996------------
(103.122 , 1)  (60.9529 , 2)  (60.1191 , 6)  (56.7662 , 7)  (54.7484 , 5)  (51.6896 , 9)  (42.5867 , 4)  (42.2327 , 3)  (35.7185 , 8)  
(97.6208 , 6)  (72.1689 , 2)  (69.8219 , 5)  (62.0111 , 9)  (57.0045 , 1)  (44.4617 , 7)  (43.411 , 8)  (42.5553 , 4)  (37.2073 , 3)  
(101.389 , 9)  (55.4862 , 7)  (54.4491 , 2)  (51.286 , 6)  (50.0883 , 5)  (49.5725 , 3)  (48.3449 , 1)  (46.9781 , 4)  (37.4302 , 8)  
(105.769 , 3)  (58.7466 , 6)  (57.0867 , 7)  (54.8597 , 8)  (52.3659 , 1)  (48.9399 , 9)  (44.3198 , 5)  (43.2567 , 4)  (41.3204 , 2)  
(103.779 , 7)  (64.8766 , 6)  (62.5556 , 9)  (58.8544 , 1)  (51.2191 , 2)  (44.3307 , 5)  (36.3728 , 4)  (35.5689 , 3)  (33.7102 , 8)  
(97.2546 , 2)  (62.1576 , 7)  (55.7316 , 1)  (55.0717 , 8)  (54.4146 , 6)  (50.2003 , 9)  (49.503 , 5)  (42.0565 , 4)  (39.3687 , 3)  
(93.3761 , 8)  (80.2241 , 6)  (61.3685 , 7)  (59.7205 , 9)  (58.7597 , 2)  (57.2786 , 1)  (42.9703 , 3)  (41.157 , 5)  (18.1256 , 4)  
(72.8547 , 4)  (72.5603 , 6)  (69.3672 , 9)  (58.4105 , 7)  (57.1974 , 5)  (50.9271 , 1)  (50.4712 , 2)  (41.3325 , 3)  (39.8917 , 8)  
(94.207 , 5)  (67.756 , 6)  (65.4643 , 7)  (55.6558 , 1)  (51.3293 , 3)  (50.4389 , 8)  (50.1503 , 9)  (35.15 , 4)  (28.3229 , 2)  
