 -------------------4181------------
(105.994 , 2)  (60.2379 , 7)  (55.2739 , 1)  (54.0441 , 6)  (54.0338 , 9)  (50.4739 , 8)  (48.6641 , 5)  (40.1768 , 4)  (40.0829 , 3)  
(106.397 , 7)  (59.1201 , 3)  (58.4646 , 1)  (50.3271 , 4)  (49.609 , 6)  (48.793 , 5)  (48.6109 , 2)  (43.8619 , 8)  (43.2432 , 9)  
(88.1009 , 9)  (58.9495 , 7)  (55.1062 , 6)  (54.4486 , 4)  (51.8795 , 5)  (50.3999 , 2)  (49.205 , 1)  (45.2875 , 3)  (42.3723 , 8)  
(83.4858 , 6)  (70.8913 , 2)  (58.8994 , 7)  (55.8985 , 5)  (54.6201 , 1)  (51.8515 , 9)  (48.8749 , 4)  (43.0693 , 8)  (38.8136 , 3)  
(103.378 , 1)  (55.8004 , 6)  (55.6019 , 7)  (54.5604 , 5)  (53.284 , 2)  (51.4058 , 9)  (46.8108 , 4)  (46.0665 , 3)  (39.6974 , 8)  
(106.854 , 8)  (59.5217 , 4)  (57.3694 , 2)  (50.5488 , 9)  (49.8874 , 7)  (48.8306 , 6)  (47.6575 , 3)  (44.2775 , 5)  (44.2685 , 1)  
(74.099 , 4)  (71.7807 , 9)  (66.4287 , 6)  (60.3942 , 2)  (58.1373 , 1)  (56.8617 , 7)  (54.238 , 5)  (41.7515 , 3)  (37.2106 , 8)  
(103.162 , 5)  (62.164 , 3)  (59.139 , 6)  (57.8995 , 2)  (55.951 , 7)  (52.0884 , 9)  (48.0928 , 1)  (36.6269 , 8)  (34.7942 , 4)  
(81.0492 , 3)  (63.3047 , 9)  (59.198 , 6)  (56.3819 , 7)  (55.534 , 8)  (49.6422 , 1)  (49.4665 , 5)  (48.1602 , 2)  (47.8186 , 4)  
