 -------------------420------------
(81.0096 , 8)  (70.3155 , 5)  (58.4212 , 6)  (58.4175 , 2)  (53.6235 , 1)  (53.089 , 9)  (48.5938 , 7)  (42.64 , 3)  (41.3007 , 4)  
(100.883 , 5)  (65.0276 , 6)  (57.8536 , 2)  (57.137 , 3)  (53.4596 , 4)  (50.5279 , 7)  (48.5657 , 1)  (44.7465 , 9)  (38.9308 , 8)  
(93.8733 , 4)  (60.7585 , 1)  (60.1096 , 6)  (55.3208 , 2)  (55.1198 , 9)  (50.4696 , 8)  (48.3408 , 3)  (48.0319 , 7)  (42.9138 , 5)  
(95.9763 , 1)  (60.2949 , 2)  (58.0845 , 6)  (52.1412 , 8)  (51.2176 , 7)  (50.7364 , 5)  (50.3837 , 3)  (42.8581 , 4)  (41.2733 , 9)  
(85.9894 , 3)  (70.2361 , 1)  (56.0202 , 8)  (53.3109 , 9)  (51.0329 , 5)  (49.8822 , 7)  (49.4691 , 2)  (49.3685 , 6)  (44.0676 , 4)  
(101.029 , 9)  (55.4872 , 6)  (54.1382 , 7)  (53.8581 , 2)  (50.8731 , 8)  (49.9393 , 1)  (49.8027 , 3)  (45.3467 , 4)  (43.3938 , 5)  
(103.185 , 7)  (62.2557 , 2)  (59.2231 , 1)  (57.3804 , 6)  (51.4674 , 9)  (50.184 , 3)  (47.2084 , 5)  (40.5802 , 4)  (37.2905 , 8)  
(100.481 , 6)  (55.9747 , 5)  (55.1186 , 4)  (51.9928 , 7)  (51.5819 , 9)  (49.5977 , 2)  (49.3195 , 1)  (46.2459 , 8)  (35.9414 , 3)  
(99.8339 , 2)  (60.8151 , 9)  (59.3841 , 6)  (58.0039 , 1)  (56.2171 , 7)  (51.4418 , 5)  (46.176 , 3)  (44.9054 , 4)  (39.4613 , 8)  
