 -------------------856------------
(98.4202 , 7)  (54.31 , 6)  (54.1893 , 9)  (51.9566 , 1)  (50.8072 , 2)  (50.4183 , 4)  (48.7174 , 3)  (48.5499 , 5)  (45.4525 , 8)  
(99.4111 , 5)  (65.7026 , 8)  (54.7631 , 7)  (54.6782 , 2)  (52.5024 , 1)  (51.8829 , 6)  (49.0596 , 9)  (43.8758 , 4)  (42.1785 , 3)  
(98.8102 , 3)  (61.7398 , 2)  (57.5903 , 7)  (55.8593 , 1)  (51.5971 , 9)  (51.4367 , 6)  (47.6941 , 5)  (45.2339 , 4)  (41.9268 , 8)  
(100.71 , 9)  (65.3894 , 6)  (60.8719 , 1)  (53.5917 , 2)  (52.5785 , 7)  (50.7446 , 5)  (43.4105 , 3)  (36.7877 , 4)  (33.0157 , 8)  
(96.5669 , 1)  (70.9843 , 2)  (63.9761 , 6)  (62.7622 , 5)  (54.0767 , 9)  (49.827 , 7)  (42.9304 , 4)  (34.2806 , 3)  (30.9962 , 8)  
(101.823 , 2)  (70.5303 , 6)  (59.0685 , 9)  (49.4979 , 1)  (48.312 , 5)  (46.2243 , 7)  (46.035 , 8)  (42.9584 , 3)  (40.364 , 4)  
(90.2336 , 4)  (81.9784 , 6)  (65.821 , 7)  (58.04 , 9)  (56.4907 , 5)  (51.8495 , 2)  (48.2538 , 1)  (41.5862 , 8)  (30.5253 , 3)  
(106.353 , 6)  (58.0375 , 5)  (56.1629 , 7)  (54.1758 , 1)  (52.8326 , 9)  (46.4484 , 3)  (44.3231 , 2)  (43.908 , 4)  (43.4083 , 8)  
(92.5477 , 8)  (72.8112 , 6)  (69.9137 , 2)  (62.5651 , 9)  (55.9573 , 7)  (50.8348 , 1)  (42.512 , 3)  (41.9998 , 5)  (34.0616 , 4)  
