 -------------------4084------------
(101.636 , 2)  (68.9868 , 8)  (55.6488 , 7)  (54.3511 , 6)  (54.2925 , 9)  (53.9484 , 4)  (47.4404 , 3)  (45.9641 , 5)  (41.5346 , 1)  
(99.2266 , 3)  (65.9764 , 5)  (63.5142 , 9)  (57.5658 , 6)  (48.5115 , 1)  (43.9329 , 4)  (43.0033 , 2)  (40.0292 , 7)  (36.6617 , 8)  
(94.1548 , 4)  (67.2984 , 1)  (59.4119 , 3)  (57.0441 , 9)  (51.3736 , 2)  (51.3333 , 7)  (49.523 , 5)  (48.2222 , 6)  (38.5897 , 8)  
(107.847 , 7)  (56.7155 , 6)  (55.4999 , 5)  (52.8781 , 1)  (51.8997 , 9)  (47.319 , 4)  (44.6923 , 8)  (44.4478 , 2)  (37.4321 , 3)  
(99.8082 , 9)  (59.6081 , 6)  (53.1396 , 2)  (51.2154 , 7)  (48.8051 , 3)  (47.6827 , 4)  (45.8908 , 1)  (42.423 , 5)  (39.9644 , 8)  
(93.6081 , 8)  (71.3789 , 2)  (58.1676 , 9)  (57.5141 , 7)  (55.6053 , 1)  (52.926 , 6)  (44.7943 , 3)  (42.9134 , 4)  (36.773 , 5)  
(102.561 , 6)  (59.3862 , 4)  (56.6313 , 5)  (55.1188 , 7)  (54.7438 , 8)  (48.027 , 3)  (48.0232 , 9)  (47.1027 , 1)  (46.8296 , 2)  
(105.731 , 5)  (60.534 , 8)  (54.1523 , 9)  (50.8367 , 6)  (48.375 , 4)  (48.289 , 1)  (48.107 , 2)  (44.149 , 7)  (39.3785 , 3)  
(102.353 , 1)  (58.6462 , 7)  (55.8688 , 9)  (53.3259 , 5)  (52.0769 , 3)  (48.4326 , 6)  (47.35 , 4)  (47.3265 , 8)  (42.6573 , 2)  
