 -------------------1130------------
(94.1075 , 2)  (57.6064 , 1)  (57.0549 , 7)  (56.9231 , 8)  (55.929 , 6)  (52.3102 , 9)  (46.0714 , 4)  (44.924 , 5)  (41.1369 , 3)  
(86.6985 , 4)  (64.9415 , 6)  (61.3278 , 7)  (55.0377 , 9)  (53.9816 , 2)  (53.3919 , 1)  (51.7773 , 5)  (47.9954 , 8)  (41.8167 , 3)  
(96.506 , 8)  (56.8523 , 6)  (56.5758 , 7)  (53.657 , 5)  (50.9391 , 9)  (49.9283 , 3)  (48.9155 , 4)  (48.666 , 1)  (48.144 , 2)  
(93.4329 , 7)  (75.4799 , 2)  (62.1188 , 4)  (58.8825 , 9)  (58.179 , 6)  (55.3049 , 5)  (45.2886 , 8)  (42.0718 , 1)  (38.8433 , 3)  
(103.402 , 6)  (65.6824 , 5)  (56.2939 , 9)  (56.0663 , 2)  (55.1405 , 1)  (49.3689 , 7)  (38.3621 , 3)  (37.8727 , 4)  (31.0096 , 8)  
(96.6574 , 5)  (69.2465 , 2)  (59.7431 , 7)  (55.9471 , 1)  (52.2193 , 4)  (50.1504 , 8)  (43.3242 , 9)  (42.528 , 6)  (28.963 , 3)  
(90.3884 , 9)  (68.265 , 6)  (63.8488 , 7)  (51.194 , 3)  (50.7485 , 1)  (50.5082 , 2)  (46.9039 , 4)  (46.3022 , 5)  (38.9669 , 8)  
(99.3354 , 1)  (67.5431 , 7)  (65.4213 , 5)  (64.2434 , 6)  (55.7945 , 2)  (52.6768 , 9)  (36.5096 , 8)  (34.3379 , 4)  (33.6727 , 3)  
(93.3756 , 3)  (65.685 , 7)  (65.4899 , 6)  (57.8398 , 8)  (54.2391 , 2)  (48.7059 , 5)  (44.4718 , 9)  (41.0928 , 4)  (35.9892 , 1)  
