 -------------------5045------------
(84.6808 , 2)  (71.089 , 6)  (61.5064 , 5)  (56.4556 , 4)  (53.9679 , 7)  (51.7513 , 3)  (50.6111 , 1)  (42.2923 , 8)  (40.1419 , 9)  
(87.1369 , 7)  (85.7106 , 2)  (55.3099 , 1)  (51.1749 , 9)  (50.7789 , 8)  (49.4611 , 6)  (46.5567 , 3)  (45.5699 , 5)  (44.1967 , 4)  
(102.03 , 4)  (64.2533 , 6)  (61.7196 , 5)  (57.7637 , 7)  (57.0499 , 2)  (49.051 , 9)  (45.4258 , 8)  (44.593 , 1)  (41.158 , 3)  
(88.2945 , 8)  (64.1102 , 6)  (63.8597 , 7)  (63.7664 , 2)  (55.5941 , 3)  (46.7992 , 5)  (45.7349 , 9)  (44.7631 , 1)  (41.1715 , 4)  
(86.7045 , 3)  (75.0249 , 7)  (64.4827 , 6)  (60.2864 , 5)  (58.7543 , 9)  (51.8875 , 2)  (50.0792 , 1)  (36.3548 , 4)  (30.4635 , 8)  
(98.7481 , 1)  (67.5408 , 6)  (63.5739 , 7)  (58.6271 , 5)  (57.5151 , 9)  (54.9381 , 2)  (44.3745 , 3)  (37.7308 , 8)  (30.9836 , 4)  
(82.6905 , 5)  (74.6594 , 6)  (63.4312 , 9)  (61.6654 , 2)  (61.4409 , 1)  (58.9058 , 7)  (48.8688 , 3)  (40.9591 , 8)  (28.0067 , 4)  
(95.9224 , 9)  (64.7394 , 6)  (60.2914 , 2)  (55.6478 , 7)  (54.1533 , 1)  (54.0408 , 5)  (44.3821 , 3)  (40.3939 , 4)  (38.2273 , 8)  
(103.861 , 6)  (71.978 , 5)  (57.0457 , 1)  (52.8048 , 9)  (50.0431 , 7)  (47.7905 , 2)  (42.3059 , 3)  (37.4255 , 8)  (32.5348 , 4)  
