 -------------------649------------
(101.518 , 3)  (57.2529 , 7)  (56.2218 , 6)  (54.2786 , 2)  (52.8546 , 9)  (51.2452 , 8)  (47.6972 , 1)  (45.6063 , 5)  (39.2077 , 4)  
(96.4555 , 5)  (67.6887 , 7)  (53.6213 , 6)  (52.1435 , 4)  (51.0814 , 2)  (50.8673 , 9)  (47.0098 , 8)  (46.1345 , 3)  (45.4381 , 1)  
(97.4237 , 8)  (63.6968 , 2)  (62.8034 , 6)  (57.3228 , 7)  (55.2524 , 9)  (48.1505 , 1)  (43.745 , 5)  (43.3546 , 4)  (36.1322 , 3)  
(92.3759 , 2)  (63.3139 , 6)  (59.0108 , 3)  (56.3965 , 7)  (53.8375 , 1)  (49.8357 , 4)  (49.6647 , 5)  (48.8897 , 8)  (43.2698 , 9)  
(98.5134 , 6)  (61.6596 , 7)  (60.705 , 2)  (59.4818 , 5)  (53.9344 , 9)  (53.3129 , 8)  (47.3511 , 4)  (44.2637 , 3)  (37.1998 , 1)  
(103.906 , 1)  (62.8551 , 7)  (56.3619 , 2)  (52.6416 , 5)  (51.7817 , 9)  (49.4439 , 6)  (41.3412 , 3)  (40.6498 , 4)  (40.0944 , 8)  
(89.5173 , 7)  (71.8635 , 9)  (65.8284 , 6)  (57.6715 , 5)  (56.6143 , 2)  (52.3632 , 1)  (45.8958 , 8)  (36.6946 , 3)  (35.1016 , 4)  
(90.2222 , 9)  (82.4956 , 7)  (67.9703 , 6)  (63.5225 , 2)  (54.6559 , 5)  (52.8464 , 1)  (43.1754 , 3)  (34.4415 , 8)  (25.4122 , 4)  
(103.747 , 4)  (57.8023 , 6)  (53.5273 , 2)  (52.9215 , 1)  (49.7145 , 7)  (49.208 , 9)  (48.4891 , 5)  (47.8502 , 3)  (43.6119 , 8)  
