 -------------------845------------
(103.744 , 7)  (55.023 , 4)  (52.1612 , 2)  (50.5992 , 3)  (50.3343 , 5)  (49.0117 , 6)  (48.7528 , 1)  (45.8417 , 9)  (45.2315 , 8)  
(98.1674 , 5)  (66.0388 , 8)  (58.2784 , 7)  (55.0606 , 2)  (50.7481 , 6)  (48.1126 , 9)  (47.1892 , 1)  (46.9145 , 3)  (46.378 , 4)  
(97.9375 , 3)  (63.1064 , 2)  (59.4971 , 7)  (55.1459 , 1)  (51.5583 , 6)  (47.9541 , 9)  (47.0095 , 5)  (46.8974 , 4)  (41.4114 , 8)  
(99.872 , 9)  (62.825 , 6)  (57.5717 , 1)  (52.2754 , 2)  (51.7242 , 7)  (49.1647 , 5)  (47.0675 , 3)  (42.1279 , 4)  (33.7121 , 8)  
(95.7849 , 1)  (68.4675 , 2)  (64.6139 , 6)  (64.1685 , 5)  (52.3314 , 9)  (50.7553 , 7)  (44.5933 , 4)  (34.885 , 3)  (32.0434 , 8)  
(102.227 , 2)  (69.8062 , 6)  (57.1969 , 9)  (52.7784 , 1)  (47.8375 , 5)  (46.0863 , 7)  (44.4393 , 8)  (43.884 , 3)  (40.8789 , 4)  
(97.7357 , 4)  (80.1109 , 6)  (65.0428 , 7)  (54.6415 , 5)  (48.5365 , 2)  (47.2874 , 1)  (46.3496 , 9)  (44.6422 , 8)  (38.998 , 3)  
(106.335 , 6)  (55.9655 , 5)  (55.6999 , 9)  (54.9179 , 1)  (52.1168 , 7)  (51.9312 , 2)  (45.2105 , 4)  (42.4979 , 3)  (41.0518 , 8)  
(95.5817 , 8)  (70.8871 , 2)  (67.159 , 6)  (59.7507 , 9)  (54.3284 , 7)  (50.3198 , 1)  (44.8982 , 5)  (39.402 , 4)  (38.1497 , 3)  
