 -------------------857------------
(99.708 , 7)  (54.281 , 2)  (54.0425 , 6)  (53.6773 , 9)  (52.8102 , 1)  (51.6462 , 4)  (48.6796 , 5)  (48.5635 , 3)  (41.7561 , 8)  
(100.422 , 5)  (64.8435 , 8)  (54.4024 , 7)  (53.761 , 2)  (53.0832 , 1)  (50.9345 , 6)  (50.2381 , 9)  (43.5521 , 3)  (43.167 , 4)  
(104.691 , 3)  (59.8104 , 2)  (55.6159 , 9)  (52.3265 , 1)  (49.6897 , 7)  (49.4089 , 4)  (48.1218 , 6)  (43.6162 , 5)  (38.1084 , 8)  
(99.3722 , 9)  (64.2349 , 6)  (58.9471 , 1)  (55.1185 , 2)  (53.0374 , 7)  (49.6775 , 5)  (45.9921 , 3)  (39.6301 , 4)  (32.1834 , 8)  
(96.8034 , 1)  (68.1854 , 2)  (63.1672 , 6)  (63.0412 , 5)  (53.6352 , 7)  (51.7355 , 9)  (42.7062 , 4)  (36.5055 , 8)  (33.6057 , 3)  
(99.3587 , 2)  (71.065 , 6)  (58.3831 , 9)  (50.6265 , 7)  (48.8256 , 8)  (46.8078 , 5)  (43.7822 , 1)  (41.8736 , 4)  (37.9227 , 3)  
(93.434 , 4)  (80.0226 , 6)  (66.3267 , 7)  (57.4829 , 5)  (55.2979 , 9)  (52.5192 , 2)  (50.4898 , 1)  (41.7271 , 8)  (29.9228 , 3)  
(106.92 , 6)  (58.3592 , 5)  (57.0969 , 9)  (54.9816 , 1)  (52.4559 , 7)  (49.9834 , 2)  (44.0422 , 3)  (40.5451 , 4)  (39.0803 , 8)  
(93.9134 , 8)  (71.3074 , 6)  (70.7485 , 2)  (62.6877 , 9)  (57.5804 , 7)  (49.1216 , 1)  (45.7241 , 5)  (37.3349 , 4)  (36.4361 , 3)  
