 -------------------1647------------
(102.731 , 8)  (57.4186 , 1)  (55.9248 , 2)  (52.5774 , 7)  (50.693 , 9)  (50.2599 , 4)  (47.2876 , 5)  (42.0049 , 6)  (40.4866 , 3)  
(105.876 , 7)  (58.8183 , 9)  (55.7449 , 6)  (50.0439 , 2)  (49.2571 , 1)  (49.2442 , 4)  (47.8444 , 5)  (44.0757 , 3)  (38.2737 , 8)  
(88.3599 , 6)  (77.6069 , 5)  (60.4132 , 7)  (54.6679 , 9)  (53.0999 , 8)  (47.6967 , 1)  (46.999 , 2)  (44.744 , 4)  (37.8643 , 3)  
(81.8525 , 9)  (61.9857 , 6)  (58.7377 , 7)  (58.4417 , 8)  (54.5266 , 2)  (51.7128 , 1)  (50.3906 , 5)  (43.1246 , 3)  (42.7531 , 4)  
(77.5631 , 4)  (76.5678 , 9)  (61.6033 , 7)  (55.7994 , 6)  (52.7259 , 1)  (52.0538 , 5)  (51.6829 , 2)  (43.8715 , 8)  (36.1833 , 3)  
(105.273 , 3)  (54.3519 , 8)  (53.8333 , 7)  (53.6264 , 6)  (51.3869 , 2)  (48.8227 , 5)  (48.8092 , 9)  (45.5811 , 1)  (39.9637 , 4)  
(86.9324 , 2)  (75.4513 , 6)  (63.1233 , 7)  (58.4889 , 1)  (57.8881 , 9)  (47.7751 , 5)  (45.9209 , 3)  (42.0187 , 8)  (33.9844 , 4)  
(73.893 , 5)  (73.6109 , 7)  (63.6425 , 9)  (60.1257 , 6)  (58.4015 , 8)  (57.2871 , 3)  (45.1492 , 2)  (42.5838 , 1)  (37.067 , 4)  
(103.545 , 1)  (66.3502 , 7)  (57.8357 , 6)  (54.677 , 2)  (54.4847 , 5)  (50.9735 , 9)  (43.5113 , 4)  (41.5296 , 3)  (36.2402 , 8)  
