 -------------------204------------
(95.4806 , 2)  (75.5523 , 8)  (62.2307 , 7)  (49.6981 , 9)  (49.0184 , 5)  (47.483 , 4)  (46.6679 , 1)  (43.8953 , 6)  (43.1886 , 3)  
(106.638 , 5)  (57.9823 , 8)  (52.7299 , 2)  (51.7195 , 1)  (51.2437 , 4)  (49.6048 , 9)  (46.3844 , 7)  (39.9811 , 6)  (39.6327 , 3)  
(104.929 , 6)  (59.9838 , 5)  (50.4858 , 9)  (49.1265 , 3)  (48.9836 , 7)  (48.7356 , 2)  (48.4334 , 4)  (46.7316 , 8)  (41.0153 , 1)  
(97.3454 , 1)  (65.9503 , 8)  (55.3562 , 2)  (52.2052 , 5)  (47.775 , 3)  (46.6621 , 6)  (46.6269 , 4)  (43.9375 , 9)  (42.7564 , 7)  
(97.7786 , 7)  (71.897 , 9)  (63.1777 , 2)  (60.9122 , 6)  (58.5187 , 1)  (46.6712 , 5)  (37.565 , 3)  (35.8025 , 4)  (34.551 , 8)  
(78.6942 , 4)  (65.2596 , 9)  (64.5967 , 1)  (59.6961 , 6)  (48.5918 , 3)  (47.892 , 2)  (46.5856 , 5)  (42.9866 , 7)  (38.7645 , 8)  
(93.5646 , 9)  (65.0066 , 6)  (61.751 , 5)  (54.0767 , 3)  (52.4599 , 2)  (47.5133 , 7)  (44.6863 , 4)  (44.5076 , 1)  (40.4326 , 8)  
(100.632 , 3)  (65.4756 , 7)  (61.8206 , 6)  (58.3252 , 5)  (48.5704 , 8)  (47.723 , 1)  (44.2357 , 2)  (42.8539 , 4)  (40.8005 , 9)  
(99.9264 , 8)  (64.516 , 6)  (64.4208 , 7)  (57.9955 , 2)  (54.9347 , 5)  (52.9847 , 4)  (40.3106 , 9)  (38.5351 , 1)  (35.5596 , 3)  
