 -------------------3926------------
(97.5257 , 5)  (76.6797 , 6)  (58.0557 , 7)  (53.5075 , 1)  (50.3123 , 2)  (46.0443 , 9)  (44.0961 , 8)  (38.1222 , 4)  (37.6333 , 3)  
(97.8205 , 4)  (64.1676 , 9)  (62.9418 , 6)  (61.7534 , 2)  (53.6808 , 1)  (52.3157 , 7)  (51.8867 , 5)  (38.6796 , 3)  (36.7992 , 8)  
(106.439 , 6)  (63.4369 , 5)  (59.6217 , 9)  (51.9922 , 7)  (50.0202 , 2)  (46.305 , 8)  (45.4497 , 1)  (38.0377 , 4)  (34.3474 , 3)  
(99.9164 , 1)  (71.7496 , 5)  (69.4715 , 6)  (67.1945 , 2)  (61.7344 , 7)  (55.3911 , 9)  (40.049 , 3)  (24.9407 , 8)  (24.3788 , 4)  
(102.044 , 2)  (65.927 , 6)  (59.9122 , 7)  (59.698 , 9)  (50.3995 , 8)  (49.6553 , 1)  (47.1771 , 3)  (46.1634 , 4)  (37.3422 , 5)  
(105.807 , 7)  (67.0596 , 6)  (60.951 , 9)  (58.6076 , 5)  (56.3241 , 1)  (53.0884 , 2)  (38.2546 , 8)  (30.9986 , 4)  (29.523 , 3)  
(96.5379 , 9)  (72.3785 , 6)  (69.5976 , 7)  (59.5378 , 1)  (58.169 , 2)  (45.8922 , 5)  (41.0937 , 3)  (37.8549 , 8)  (33.1842 , 4)  
(95.3095 , 8)  (74.902 , 6)  (69.6265 , 7)  (58.6579 , 2)  (55.7864 , 3)  (49.5916 , 9)  (46.687 , 1)  (41.233 , 4)  (32.9439 , 5)  
(84.7067 , 3)  (67.8585 , 7)  (64.3989 , 2)  (62.4936 , 6)  (57.3598 , 1)  (53.5967 , 9)  (45.2152 , 8)  (45.2059 , 5)  (34.374 , 4)  
