 -------------------1909------------
(109.186 , 4)  (58.3585 , 7)  (55.878 , 2)  (55.4456 , 6)  (53.5827 , 5)  (48.9218 , 9)  (44.3197 , 8)  (40.6372 , 1)  (30.7093 , 3)  
(92.0115 , 5)  (72.7765 , 6)  (69.734 , 8)  (59.3662 , 7)  (55.8192 , 2)  (52.0924 , 9)  (45.0846 , 1)  (35.6231 , 4)  (27.6586 , 3)  
(101.207 , 2)  (60.2705 , 9)  (59.6889 , 3)  (55.7745 , 1)  (54.2501 , 8)  (51.4182 , 6)  (50.5241 , 7)  (40.2341 , 4)  (37.7022 , 5)  
(94.1545 , 9)  (64.0842 , 7)  (62.1328 , 1)  (60.4179 , 8)  (60.1487 , 2)  (53.752 , 6)  (44.6467 , 5)  (42.3793 , 3)  (39.2637 , 4)  
(102.371 , 6)  (56.1108 , 4)  (55.0529 , 9)  (55.05 , 1)  (53.4425 , 5)  (53.007 , 7)  (50.4308 , 3)  (46.4485 , 2)  (41.0823 , 8)  
(106.282 , 7)  (55.794 , 2)  (50.7937 , 1)  (50.2326 , 6)  (48.3021 , 9)  (47.0733 , 4)  (43.2545 , 5)  (42.5602 , 3)  (41.9797 , 8)  
(74.8545 , 8)  (71.4188 , 7)  (67.9518 , 9)  (65.387 , 6)  (59.4852 , 2)  (55.1327 , 1)  (48.1952 , 5)  (47.6358 , 3)  (30.3424 , 4)  
(86.7469 , 1)  (70.7932 , 6)  (64.7129 , 7)  (57.0386 , 5)  (56.2345 , 2)  (46.6869 , 3)  (43.8437 , 8)  (42.8038 , 4)  (42.6176 , 9)  
(101.814 , 3)  (63.0821 , 7)  (61.8352 , 6)  (53.0136 , 9)  (51.9466 , 2)  (46.8668 , 1)  (44.4061 , 8)  (43.9992 , 5)  (43.9895 , 4)  
