 -------------------1148------------
(94.3402 , 2)  (59.4051 , 6)  (56.6186 , 1)  (54.4284 , 7)  (53.3576 , 8)  (52.138 , 9)  (49.8335 , 5)  (39.7522 , 3)  (36.9846 , 4)  
(83.5799 , 4)  (64.2286 , 6)  (63.4878 , 7)  (57.3659 , 2)  (55.3865 , 5)  (54.8518 , 8)  (51.5424 , 1)  (49.3307 , 9)  (38.493 , 3)  
(94.2201 , 8)  (58.3661 , 6)  (55.564 , 9)  (55.0967 , 7)  (50.8145 , 5)  (50.5232 , 2)  (49.5457 , 3)  (47.402 , 1)  (45.5286 , 4)  
(94.4758 , 7)  (75.7468 , 2)  (68.606 , 9)  (56.7784 , 6)  (56.6182 , 4)  (47.9884 , 5)  (43.7118 , 1)  (43.6588 , 8)  (38.0937 , 3)  
(101.71 , 6)  (62.9732 , 5)  (59.6087 , 2)  (53.4098 , 1)  (53.0509 , 7)  (47.6753 , 4)  (47.3529 , 9)  (38.1789 , 3)  (35.1496 , 8)  
(91.1147 , 5)  (71.8064 , 2)  (58.9323 , 8)  (56.3379 , 9)  (54.9682 , 7)  (50.3863 , 1)  (49.6621 , 4)  (40.4267 , 6)  (30.7926 , 3)  
(89.7571 , 9)  (73.4118 , 6)  (65.4253 , 7)  (54.088 , 2)  (52.4005 , 1)  (50.1285 , 3)  (44.8769 , 5)  (38.3569 , 4)  (36.74 , 8)  
(98.8524 , 1)  (68.9169 , 7)  (66.8246 , 5)  (64.2724 , 6)  (55.3875 , 2)  (52.9302 , 9)  (39.0726 , 8)  (32.2466 , 4)  (30.34 , 3)  
(91.8242 , 3)  (64.3458 , 6)  (63.5808 , 7)  (61.3776 , 8)  (55.736 , 2)  (48.974 , 5)  (45.009 , 9)  (41.7069 , 4)  (38.2524 , 1)  
