 -------------------350------------
(105.846 , 3)  (56.0314 , 6)  (53.8878 , 7)  (50.1801 , 1)  (49.6488 , 2)  (49.4931 , 5)  (49.4322 , 8)  (47.0174 , 4)  (46.982 , 9)  
(100.018 , 7)  (62.2145 , 9)  (57.6413 , 2)  (52.4185 , 1)  (51.5828 , 3)  (51.5615 , 6)  (50.5866 , 4)  (50.1524 , 8)  (45.9659 , 5)  
(88.2307 , 2)  (60.6814 , 8)  (57.3439 , 5)  (55.0292 , 6)  (51.504 , 9)  (51.4962 , 3)  (51.216 , 1)  (46.2013 , 4)  (45.7752 , 7)  
(105.663 , 6)  (59.0649 , 9)  (58.959 , 7)  (54.9128 , 2)  (54.4811 , 8)  (49.815 , 5)  (44.561 , 1)  (43.0519 , 3)  (37.3235 , 4)  
(98.4197 , 4)  (73.6659 , 9)  (55.2753 , 7)  (55.0128 , 2)  (50.1667 , 6)  (47.9513 , 1)  (46.5451 , 3)  (45.1055 , 5)  (38.9888 , 8)  
(96.3011 , 1)  (58.2321 , 6)  (57.3231 , 9)  (57.2816 , 2)  (53.1159 , 7)  (49.7358 , 5)  (49.1114 , 4)  (47.9338 , 8)  (43.7523 , 3)  
(96.0972 , 5)  (65.9543 , 7)  (61.3714 , 6)  (58.0578 , 2)  (56.2133 , 8)  (50.8728 , 1)  (46.4678 , 9)  (43.6381 , 3)  (34.6782 , 4)  
(103.043 , 9)  (65.4705 , 6)  (59.3525 , 2)  (59.0519 , 7)  (50.92 , 1)  (47.5575 , 3)  (42.6509 , 5)  (35.6668 , 8)  (32.6279 , 4)  
(105.232 , 8)  (67.2704 , 2)  (61.8009 , 6)  (54.9705 , 9)  (54.7565 , 7)  (48.4387 , 4)  (47.4992 , 5)  (36.4674 , 1)  (36.4018 , 3)  
