 -------------------912------------
(97.1198 , 5)  (56.9422 , 6)  (56.9044 , 1)  (56.1804 , 9)  (54.2738 , 8)  (52.213 , 3)  (50.8095 , 7)  (45.0435 , 2)  (36.7593 , 4)  
(90.6226 , 4)  (68.6268 , 5)  (61.3466 , 9)  (57.7634 , 2)  (57.585 , 7)  (57.4676 , 6)  (53.5723 , 1)  (36.8971 , 8)  (35.1039 , 3)  
(106.718 , 6)  (65.7958 , 9)  (56.0825 , 5)  (50.4856 , 1)  (49.0035 , 7)  (44.8703 , 8)  (41.7996 , 3)  (41.5771 , 2)  (36.552 , 4)  
(106.555 , 7)  (62.4412 , 6)  (58.5076 , 5)  (53.3368 , 9)  (51.3659 , 1)  (49.53 , 2)  (40.4297 , 4)  (38.1512 , 3)  (38.031 , 8)  
(102.02 , 1)  (73.6085 , 6)  (63.4498 , 5)  (61.1722 , 2)  (51.2865 , 7)  (50.6429 , 9)  (44.3833 , 3)  (39.3247 , 4)  (25.9776 , 8)  
(99.3204 , 9)  (68.741 , 6)  (56.3718 , 2)  (52.4059 , 4)  (49.5254 , 1)  (49.3372 , 5)  (44.5771 , 7)  (40.6754 , 8)  (40.6349 , 3)  
(95.0367 , 3)  (66.9554 , 7)  (58.3816 , 6)  (54.5516 , 2)  (53.8626 , 1)  (52.2802 , 9)  (47.8006 , 5)  (47.6919 , 8)  (36.0759 , 4)  
(96.8323 , 2)  (63.477 , 6)  (60.8436 , 3)  (56.4276 , 7)  (49.7324 , 5)  (48.2565 , 8)  (47.6206 , 1)  (45.4391 , 9)  (42.0264 , 4)  
(96.0788 , 8)  (64.9377 , 6)  (60.6886 , 2)  (57.5537 , 9)  (57.237 , 7)  (51.2468 , 1)  (50.7815 , 5)  (40.37 , 4)  (34.1796 , 3)  
