 -------------------2239------------
(97.8277 , 5)  (61.7912 , 2)  (61.3818 , 6)  (55.9492 , 9)  (52.448 , 1)  (47.3682 , 3)  (46.8237 , 7)  (44.1282 , 8)  (42.4665 , 4)  
(104.803 , 7)  (53.8176 , 2)  (52.7688 , 4)  (51.7786 , 6)  (50.9568 , 8)  (49.7067 , 3)  (49.6235 , 9)  (49.5931 , 5)  (46.8189 , 1)  
(106.456 , 3)  (56.5534 , 1)  (53.8938 , 4)  (52.4745 , 8)  (51.4543 , 6)  (50.7293 , 9)  (47.5271 , 2)  (44.8935 , 7)  (42.2181 , 5)  
(87.7308 , 4)  (69.9913 , 9)  (58.9545 , 6)  (55.9891 , 3)  (53.7693 , 1)  (51.999 , 8)  (46.5881 , 7)  (45.6104 , 5)  (43.9648 , 2)  
(98.0207 , 2)  (58.6588 , 9)  (58.4089 , 6)  (54.0359 , 7)  (53.5539 , 3)  (48.1507 , 8)  (47.9509 , 5)  (46.8245 , 4)  (45.2828 , 1)  
(104.842 , 1)  (60.2627 , 6)  (57.0221 , 7)  (53.9521 , 3)  (51.4407 , 5)  (47.6511 , 4)  (47.4132 , 8)  (47.3987 , 9)  (44.0173 , 2)  
(96.0603 , 9)  (71.0466 , 6)  (56.4924 , 5)  (55.4136 , 1)  (51.6705 , 7)  (49.5688 , 2)  (48.3459 , 3)  (46.5316 , 4)  (37.2314 , 8)  
(108.615 , 6)  (58.3819 , 7)  (52.1622 , 9)  (51.7789 , 5)  (49.5857 , 1)  (45.7497 , 2)  (43.8598 , 8)  (43.1822 , 4)  (40.4868 , 3)  
(88.2465 , 8)  (64.5458 , 9)  (60.0429 , 7)  (58.3636 , 2)  (51.9365 , 3)  (49.8138 , 5)  (49.01 , 6)  (47.0046 , 1)  (40.4147 , 4)  
