 -------------------3934------------
(96.3359 , 5)  (69.7126 , 6)  (56.5793 , 7)  (53.6883 , 1)  (50.0848 , 9)  (49.9858 , 2)  (47.864 , 3)  (44.1848 , 8)  (34.5104 , 4)  
(98.8174 , 4)  (63.0347 , 6)  (62.5483 , 9)  (59.5626 , 2)  (53.5772 , 7)  (52.7923 , 1)  (51.5065 , 5)  (39.468 , 3)  (36.1048 , 8)  
(105.889 , 6)  (64.6083 , 5)  (60.2349 , 9)  (52.2447 , 7)  (51.9013 , 8)  (49.2136 , 2)  (44.3747 , 1)  (37.4569 , 4)  (31.9664 , 3)  
(100.077 , 1)  (68.6313 , 6)  (68.0264 , 2)  (66.5795 , 5)  (63.5748 , 7)  (55.589 , 9)  (41.3871 , 3)  (25.7459 , 8)  (23.4892 , 4)  
(99.468 , 2)  (64.961 , 6)  (57.8361 , 9)  (57.2244 , 7)  (53.9271 , 8)  (49.2607 , 3)  (48.9009 , 1)  (48.2366 , 4)  (43.1193 , 5)  
(104.777 , 7)  (65.381 , 6)  (60.1852 , 2)  (57.55 , 9)  (57.1451 , 5)  (56.0182 , 1)  (36.3492 , 8)  (35.9789 , 4)  (31.835 , 3)  
(96.575 , 9)  (73.5783 , 6)  (71.7434 , 7)  (59.6084 , 1)  (57.2235 , 2)  (45.6863 , 5)  (39.7556 , 3)  (37.7711 , 8)  (32.4628 , 4)  
(93.8866 , 8)  (77.5773 , 6)  (74.9893 , 7)  (57.3796 , 2)  (53.2702 , 3)  (49.9851 , 9)  (43.6685 , 1)  (43.0866 , 4)  (34.8173 , 5)  
(79.8474 , 3)  (72.109 , 7)  (65.1116 , 6)  (60.6169 , 2)  (55.2918 , 1)  (54.7307 , 8)  (51.3616 , 5)  (49.729 , 9)  (38.6978 , 4)  
