 -------------------528------------
(93.9351 , 8)  (65.8817 , 2)  (60.7374 , 5)  (59.8443 , 9)  (52.2314 , 3)  (50.5943 , 6)  (46.526 , 1)  (45.0891 , 7)  (43.075 , 4)  
(97.3632 , 5)  (60.3618 , 2)  (56.8821 , 1)  (56.6211 , 9)  (51.0768 , 6)  (50.8688 , 7)  (49.3824 , 3)  (48.2164 , 8)  (35.9092 , 4)  
(107.585 , 7)  (54.4257 , 2)  (52.5579 , 3)  (52.5461 , 4)  (51.4905 , 1)  (49.8469 , 6)  (48.7696 , 8)  (47.4421 , 5)  (43.0918 , 9)  
(106.58 , 3)  (57.7406 , 7)  (56.6348 , 2)  (55.1598 , 6)  (48.4169 , 8)  (48.0648 , 5)  (47.1509 , 1)  (46.5892 , 9)  (42.788 , 4)  
(107.021 , 4)  (52.3811 , 1)  (52.3608 , 7)  (51.9715 , 6)  (51.854 , 8)  (50.0643 , 3)  (45.9629 , 9)  (45.6249 , 2)  (41.276 , 5)  
(100.257 , 6)  (54.4396 , 9)  (52.8771 , 8)  (52.4891 , 1)  (51.1915 , 7)  (51.1532 , 3)  (47.5047 , 2)  (45.8471 , 5)  (40.3947 , 4)  
(84.8178 , 9)  (71.8452 , 1)  (60.3451 , 7)  (55.2949 , 6)  (53.8855 , 2)  (51.2516 , 3)  (44.3045 , 4)  (43.6059 , 5)  (37.0887 , 8)  
(100.795 , 1)  (65.3126 , 7)  (56.5022 , 5)  (56.429 , 6)  (55.0875 , 2)  (52.7405 , 9)  (44.1329 , 3)  (37.2638 , 8)  (36.2698 , 4)  
(99.6686 , 2)  (65.7419 , 7)  (59.001 , 8)  (58.5511 , 6)  (56.4354 , 3)  (53.1593 , 1)  (47.4932 , 9)  (40.3888 , 5)  (38.0734 , 4)  
