 -------------------401------------
(84.9406 , 8)  (66.9626 , 5)  (55.5751 , 1)  (54.7254 , 2)  (53.2932 , 6)  (51.9805 , 9)  (47.2288 , 3)  (44.8977 , 4)  (43.35 , 7)  
(101.191 , 5)  (65.9355 , 6)  (59.1218 , 3)  (54.9631 , 2)  (52.2991 , 7)  (51.7292 , 4)  (48.1141 , 1)  (44.7131 , 9)  (37.7616 , 8)  
(94.2845 , 4)  (63.1782 , 6)  (60.263 , 2)  (59.4112 , 1)  (52.1597 , 9)  (50.6834 , 7)  (49.5002 , 8)  (45.4185 , 5)  (41.7391 , 3)  
(94.2554 , 1)  (65.3718 , 2)  (60.8555 , 6)  (56.4041 , 7)  (49.9604 , 5)  (49.7934 , 8)  (49.2163 , 4)  (42.0885 , 3)  (38.0665 , 9)  
(81.0074 , 3)  (68.5916 , 1)  (56.9272 , 2)  (55.9054 , 7)  (55.8639 , 9)  (54.4782 , 5)  (52.0435 , 6)  (51.6407 , 8)  (37.9308 , 4)  
(102.846 , 9)  (59.0358 , 2)  (58.6065 , 6)  (52.5661 , 7)  (50.4057 , 8)  (46.6385 , 4)  (45.8488 , 1)  (43.3217 , 5)  (41.359 , 3)  
(102.382 , 7)  (63.2945 , 1)  (61.7366 , 2)  (59.5067 , 6)  (49.943 , 9)  (48.7182 , 3)  (47.2176 , 5)  (39.4566 , 4)  (39.4279 , 8)  
(100.596 , 6)  (59.5397 , 5)  (55.8691 , 9)  (51.6908 , 1)  (49.6894 , 7)  (49.6593 , 4)  (46.5962 , 8)  (42.8516 , 2)  (37.2893 , 3)  
(101.098 , 2)  (63.0245 , 9)  (61.33 , 1)  (54.8139 , 6)  (51.3467 , 7)  (50.3743 , 5)  (47.9807 , 3)  (42.2947 , 4)  (36.341 , 8)  
