 -------------------905------------
(96.8 , 5)  (60.4696 , 9)  (57.157 , 8)  (57.0924 , 6)  (51.9142 , 1)  (47.365 , 7)  (45.9185 , 2)  (42.2081 , 3)  (41.0984 , 4)  
(94.4688 , 4)  (69.8536 , 5)  (57.5219 , 9)  (57.4402 , 2)  (57.1825 , 7)  (54.0152 , 6)  (51.7526 , 1)  (38.0038 , 8)  (34.4076 , 3)  
(104.691 , 6)  (68.0536 , 9)  (62.5549 , 5)  (52.4097 , 1)  (46.2164 , 2)  (45.2697 , 7)  (42.6557 , 3)  (39.7991 , 8)  (39.2116 , 4)  
(106.936 , 7)  (65.3113 , 6)  (58.4613 , 5)  (50.1368 , 9)  (48.1932 , 1)  (45.9726 , 2)  (41.3678 , 3)  (39.822 , 4)  (38.2844 , 8)  
(102.367 , 1)  (74.2954 , 6)  (64.0509 , 5)  (58.1899 , 2)  (51.8029 , 7)  (47.3151 , 9)  (44.1505 , 4)  (41.4416 , 3)  (28.9577 , 8)  
(101.778 , 9)  (68.495 , 6)  (57.8651 , 2)  (50.9992 , 5)  (50.4529 , 1)  (45.7954 , 4)  (43.3861 , 7)  (41.2774 , 3)  (38.916 , 8)  
(96.2438 , 3)  (60.2628 , 7)  (59.2025 , 6)  (58.9454 , 9)  (54.4753 , 1)  (53.3903 , 8)  (52.947 , 2)  (46.4512 , 5)  (35.49 , 4)  
(93.2894 , 2)  (69.156 , 3)  (66.0552 , 6)  (55.1629 , 7)  (52.3083 , 8)  (48.0307 , 5)  (47.4248 , 9)  (46.798 , 1)  (37.2602 , 4)  
(96.9423 , 8)  (69.3685 , 6)  (61.6952 , 2)  (61.4453 , 9)  (56.5125 , 7)  (48.7143 , 1)  (48.054 , 5)  (38.1418 , 3)  (36.1156 , 4)  
