 -------------------908------------
(86.7612 , 5)  (66.173 , 6)  (61.8169 , 9)  (58.8933 , 7)  (58.3153 , 8)  (53.2784 , 1)  (52.9998 , 2)  (49.5825 , 3)  (30.976 , 4)  
(93.4192 , 4)  (61.6891 , 6)  (61.5126 , 9)  (57.8604 , 5)  (56.7311 , 2)  (54.8499 , 7)  (52.9354 , 1)  (39.0875 , 3)  (35.2555 , 8)  
(104.377 , 6)  (78.4033 , 9)  (57.7126 , 5)  (51.7564 , 1)  (46.3963 , 2)  (42.2929 , 7)  (42.1724 , 3)  (36.4136 , 4)  (36.2886 , 8)  
(106.609 , 7)  (61.3065 , 6)  (58.6679 , 5)  (50.1649 , 9)  (49.6194 , 2)  (48.4876 , 1)  (41.3608 , 4)  (39.4941 , 3)  (37.8504 , 8)  
(102.208 , 1)  (72.9944 , 6)  (66.4033 , 5)  (62.6801 , 2)  (52.92 , 9)  (50.9799 , 7)  (39.2617 , 3)  (34.7414 , 4)  (27.9226 , 8)  
(98.1407 , 9)  (70.1143 , 6)  (57.4773 , 2)  (52.1544 , 1)  (49.4638 , 4)  (46.1086 , 7)  (44.5969 , 5)  (43.8141 , 8)  (38.5215 , 3)  
(94.6398 , 3)  (67.6309 , 7)  (60.0811 , 6)  (56.2386 , 1)  (55.1829 , 9)  (50.3568 , 2)  (49.1207 , 8)  (46.5678 , 5)  (34.1809 , 4)  
(91.0419 , 2)  (70.116 , 3)  (64.8927 , 6)  (58.6297 , 8)  (54.1788 , 7)  (47.0792 , 9)  (45.0914 , 5)  (40.9648 , 4)  (40.4254 , 1)  
(92.1787 , 8)  (63.3967 , 6)  (63.279 , 2)  (60.7951 , 9)  (53.6517 , 7)  (53.5848 , 5)  (51.5782 , 1)  (37.4479 , 4)  (36.7622 , 3)  
