 -------------------116------------
(104.659 , 7)  (62.2976 , 4)  (57.357 , 1)  (56.5842 , 5)  (47.9339 , 6)  (47.6362 , 8)  (43.3458 , 2)  (43.0551 , 3)  (41.992 , 9)  
(107.528 , 4)  (52.9418 , 1)  (52.8308 , 2)  (50.9282 , 8)  (50.6616 , 6)  (47.9276 , 3)  (47.2091 , 7)  (46.9925 , 9)  (42.4857 , 5)  
(85.5127 , 8)  (69.3998 , 9)  (56.7795 , 2)  (56.4166 , 1)  (53.1947 , 5)  (52.156 , 7)  (48.7021 , 6)  (48.2011 , 3)  (44.9095 , 4)  
(101.325 , 3)  (54.4676 , 2)  (50.5822 , 1)  (50.5195 , 6)  (50.1811 , 4)  (48.8411 , 9)  (48.7378 , 5)  (47.7169 , 7)  (43.1179 , 8)  
(105.054 , 6)  (53.3805 , 2)  (52.0686 , 7)  (51.7336 , 9)  (51.4553 , 4)  (47.1797 , 5)  (46.3536 , 1)  (46.2859 , 8)  (45.0525 , 3)  
(95.0106 , 9)  (60.3549 , 8)  (58.5017 , 7)  (57.9102 , 2)  (53.527 , 6)  (51.7555 , 5)  (50.9235 , 1)  (46.3485 , 4)  (45.3999 , 3)  
(87.3347 , 2)  (62.1365 , 9)  (59.1601 , 6)  (57.0533 , 1)  (56.88 , 5)  (55.797 , 7)  (54.4489 , 3)  (42.2607 , 4)  (34.7889 , 8)  
(101.071 , 1)  (66.5969 , 7)  (63.4318 , 6)  (56.7695 , 2)  (55.649 , 5)  (46.9488 , 9)  (44.3848 , 4)  (44.0067 , 3)  (34.2147 , 8)  
(91.8763 , 5)  (65.7697 , 9)  (60.6388 , 3)  (60.5093 , 2)  (55.4608 , 6)  (49.583 , 7)  (46.2989 , 1)  (44.7073 , 8)  (36.9382 , 4)  
