 -------------------4582------------
(102.566 , 5)  (56.953 , 3)  (56.2382 , 7)  (55.8208 , 2)  (54.1829 , 9)  (52.9421 , 6)  (47.7353 , 1)  (43.5385 , 4)  (35.3694 , 8)  
(99.3286 , 2)  (56.0214 , 3)  (53.6962 , 9)  (53.3479 , 7)  (51.9855 , 5)  (49.9878 , 4)  (48.6891 , 8)  (45.6102 , 1)  (45.3601 , 6)  
(92.0133 , 4)  (66.1432 , 7)  (60.2761 , 9)  (57.5114 , 1)  (54.0094 , 3)  (53.6301 , 6)  (50.0296 , 2)  (45.762 , 8)  (43.3748 , 5)  
(95.2516 , 8)  (56.9671 , 7)  (56.3313 , 4)  (55.9227 , 2)  (55.1453 , 1)  (52.3361 , 6)  (52.205 , 5)  (49.5266 , 3)  (41.3013 , 9)  
(96.6275 , 1)  (62.9042 , 7)  (58.5944 , 6)  (54.7648 , 5)  (53.6868 , 2)  (51.9262 , 9)  (47.5023 , 8)  (43.6868 , 3)  (38.2775 , 4)  
(102.841 , 3)  (57.6171 , 7)  (55.3071 , 5)  (52.0965 , 6)  (50.637 , 4)  (49.7267 , 1)  (48.6579 , 2)  (46.2773 , 9)  (38.2046 , 8)  
(98.3187 , 9)  (60.9486 , 6)  (56.6587 , 2)  (49.9476 , 1)  (49.662 , 5)  (49.5879 , 7)  (49.3242 , 4)  (44.6381 , 8)  (37.7098 , 3)  
(94.992 , 6)  (71.4517 , 5)  (57.767 , 9)  (53.3442 , 1)  (51.5243 , 2)  (49.2216 , 3)  (47.4674 , 7)  (37.2277 , 8)  (34.6175 , 4)  
(106.823 , 7)  (61.1636 , 6)  (52.8294 , 9)  (50.0662 , 1)  (48.9232 , 5)  (47.7003 , 8)  (47.2964 , 2)  (41.0309 , 4)  (39.7898 , 3)  
