 -------------------1011------------
(101.071 , 1)  (64.6021 , 2)  (63.5544 , 7)  (60.5783 , 6)  (57.543 , 5)  (55.3362 , 9)  (38.0333 , 4)  (37.5388 , 3)  (27.6394 , 8)  
(97.4279 , 6)  (69.1266 , 9)  (67.8975 , 5)  (64.7546 , 2)  (52.1148 , 7)  (51.9883 , 1)  (49.5614 , 8)  (38.0763 , 4)  (32.1265 , 3)  
(101.656 , 9)  (59.4694 , 2)  (51.3775 , 5)  (51.1739 , 6)  (50.3615 , 1)  (47.8943 , 4)  (47.4613 , 7)  (47.4123 , 3)  (39.562 , 8)  
(106.2 , 3)  (59.9908 , 6)  (58.8281 , 7)  (52.9995 , 1)  (52.9804 , 8)  (48.2606 , 9)  (44.3022 , 5)  (41.5107 , 4)  (40.3114 , 2)  
(103.462 , 7)  (67.6288 , 6)  (64.7815 , 9)  (58.0919 , 1)  (55.5577 , 2)  (47.6988 , 5)  (33.4648 , 3)  (32.2508 , 4)  (30.7883 , 8)  
(94.6709 , 2)  (60.597 , 7)  (59.6631 , 1)  (55.7477 , 8)  (53.2037 , 6)  (48.9959 , 5)  (48.0532 , 9)  (44.7983 , 3)  (43.2056 , 4)  
(86.3442 , 8)  (74.9528 , 6)  (63.0456 , 1)  (61.1933 , 9)  (58.6443 , 2)  (56.8277 , 7)  (52.1085 , 3)  (45.0186 , 5)  (19.3692 , 4)  
(72.9996 , 4)  (72.8369 , 6)  (65.1542 , 9)  (59.9979 , 5)  (58.9689 , 7)  (50.6952 , 2)  (48.7065 , 1)  (43.6245 , 3)  (40.9939 , 8)  
(91.8913 , 5)  (69.5583 , 7)  (69.0334 , 6)  (57.6155 , 1)  (53.4519 , 9)  (53.3202 , 3)  (45.7491 , 8)  (32.99 , 2)  (29.5534 , 4)  
