 -------------------3101------------
(106.278 , 4)  (56.0535 , 6)  (54.456 , 2)  (50.977 , 8)  (50.4927 , 3)  (50.457 , 1)  (47.33 , 9)  (46.0026 , 5)  (43.5643 , 7)  
(91.1979 , 5)  (63.5321 , 6)  (58.3916 , 1)  (55.1204 , 2)  (54.9228 , 8)  (52.181 , 4)  (48.5263 , 7)  (48.1212 , 9)  (44.8585 , 3)  
(70.0195 , 2)  (67.8321 , 7)  (55.6563 , 3)  (55.0907 , 9)  (54.5133 , 5)  (52.6919 , 6)  (47.5639 , 1)  (47.3072 , 8)  (45.6164 , 4)  
(91.964 , 9)  (67.287 , 6)  (57.8295 , 7)  (53.2104 , 5)  (51.8311 , 2)  (51.4913 , 8)  (49.6692 , 1)  (45.8994 , 3)  (41.7699 , 4)  
(101.597 , 8)  (59.9896 , 5)  (58.5728 , 7)  (57.6445 , 2)  (50.1082 , 6)  (48.5648 , 9)  (44.7772 , 4)  (41.1712 , 3)  (37.1657 , 1)  
(102.081 , 1)  (55.9908 , 7)  (53.0038 , 2)  (51.9 , 9)  (51.8788 , 6)  (51.5467 , 3)  (50.1636 , 4)  (49.2257 , 5)  (40.6145 , 8)  
(79.378 , 3)  (65.3589 , 7)  (63.189 , 6)  (57.2536 , 5)  (56.7613 , 9)  (51.8538 , 8)  (47.668 , 2)  (45.5443 , 1)  (40.1956 , 4)  
(79.4234 , 7)  (73.0961 , 6)  (65.1635 , 4)  (58.6053 , 1)  (57.8344 , 2)  (56.0764 , 3)  (53.4325 , 8)  (45.3544 , 5)  (32.3079 , 9)  
(98.2504 , 6)  (57.2285 , 1)  (54.4371 , 8)  (51.0941 , 2)  (50.749 , 7)  (49.9114 , 9)  (49.1471 , 5)  (44.497 , 4)  (44.4399 , 3)  
