 -------------------4445------------
(94.0957 , 3)  (66.2254 , 7)  (54.9368 , 9)  (53.2634 , 5)  (52.3859 , 2)  (51.3611 , 1)  (50.8165 , 6)  (49.3271 , 4)  (47.9346 , 8)  
(105.189 , 8)  (55.7846 , 3)  (51.6364 , 6)  (49.9243 , 7)  (49.749 , 4)  (49.6759 , 1)  (49.0536 , 9)  (45.139 , 5)  (44.7936 , 2)  
(86.2177 , 9)  (71.4797 , 3)  (59.6632 , 5)  (53.3697 , 8)  (49.1841 , 2)  (47.6657 , 1)  (47.5941 , 4)  (43.3938 , 6)  (38.6725 , 7)  
(105.138 , 6)  (57.5915 , 9)  (54.4004 , 3)  (54.0492 , 2)  (53.2653 , 1)  (52.0025 , 7)  (47.6128 , 4)  (44.5942 , 5)  (42.3778 , 8)  
(103.036 , 4)  (59.6081 , 1)  (58.3217 , 6)  (52.413 , 2)  (51.2657 , 8)  (49.1101 , 3)  (47.9452 , 7)  (44.9152 , 9)  (41.8225 , 5)  
(102.156 , 1)  (61.7683 , 7)  (58.862 , 6)  (53.6931 , 5)  (48.5209 , 2)  (48.0089 , 9)  (45.3514 , 4)  (44.9922 , 3)  (42.8815 , 8)  
(97.1218 , 5)  (59.8867 , 7)  (59.634 , 9)  (58.5898 , 6)  (54.9484 , 2)  (50.8475 , 8)  (48.8926 , 1)  (43.6056 , 3)  (33.8009 , 4)  
(93.8124 , 7)  (57.6908 , 6)  (53.2622 , 9)  (51.8208 , 3)  (50.1101 , 1)  (50.1095 , 2)  (49.7525 , 5)  (45.652 , 8)  (38.2376 , 4)  
(107.213 , 2)  (60.9204 , 7)  (57.3035 , 5)  (55.6044 , 6)  (49.8683 , 1)  (48.437 , 9)  (41.1975 , 4)  (39.6899 , 8)  (36.0996 , 3)  
