 -------------------4617------------
(104.494 , 6)  (65.344 , 4)  (53.5312 , 8)  (53.3186 , 3)  (50.7914 , 1)  (50.3927 , 7)  (47.1407 , 2)  (46.7363 , 9)  (46.4453 , 5)  
(82.1302 , 3)  (65.4368 , 7)  (65.0016 , 5)  (52.3232 , 2)  (50.6136 , 8)  (49.9111 , 1)  (48.6184 , 9)  (47.7924 , 6)  (45.5473 , 4)  
(90.5088 , 7)  (72.3094 , 2)  (58.2526 , 6)  (52.4444 , 1)  (51.8249 , 8)  (48.7629 , 3)  (43.9882 , 4)  (43.5607 , 9)  (41.9509 , 5)  
(103.946 , 4)  (63.8485 , 9)  (61.5437 , 6)  (54.9813 , 2)  (49.0304 , 1)  (49.0243 , 7)  (46.9003 , 5)  (41.8038 , 8)  (39.1486 , 3)  
(94.1945 , 1)  (65.6596 , 7)  (63.1521 , 6)  (62.3682 , 5)  (57.8618 , 2)  (55.3356 , 9)  (44.1367 , 4)  (41.6068 , 8)  (36.9413 , 3)  
(98.3805 , 5)  (60.1429 , 3)  (59.5641 , 6)  (58.6091 , 9)  (53.584 , 7)  (53.5576 , 1)  (42.588 , 8)  (41.8879 , 2)  (34.9583 , 4)  
(94.4373 , 8)  (75.2797 , 3)  (64.2934 , 6)  (62.8104 , 2)  (53.4885 , 7)  (53.2323 , 9)  (50.3125 , 4)  (43.5911 , 1)  (28.9426 , 5)  
(91.8907 , 2)  (62.3431 , 6)  (62.2983 , 7)  (62.218 , 3)  (55.6939 , 9)  (55.0785 , 1)  (50.8725 , 5)  (50.6591 , 4)  (37.7154 , 8)  
(93.9338 , 9)  (70.7814 , 7)  (60.8408 , 6)  (55.2548 , 1)  (54.6684 , 2)  (47.5432 , 8)  (44.4854 , 3)  (43.6636 , 5)  (36.3393 , 4)  
