 -------------------1137------------
(99.8229 , 2)  (59.6613 , 1)  (55.5946 , 6)  (54.8681 , 9)  (53.2937 , 5)  (52.9638 , 7)  (51.8934 , 8)  (39.0093 , 4)  (29.0978 , 3)  
(87.4117 , 4)  (65.6224 , 7)  (61.4345 , 6)  (54.7531 , 5)  (52.9648 , 2)  (51.5035 , 1)  (50.4101 , 9)  (50.4069 , 8)  (39.4587 , 3)  
(96.2565 , 8)  (60.0466 , 6)  (58.0336 , 7)  (55.0632 , 3)  (53.9948 , 5)  (52.6501 , 9)  (48.0069 , 1)  (43.778 , 4)  (43.6662 , 2)  
(92.2882 , 7)  (72.129 , 2)  (65.7644 , 4)  (55.2815 , 9)  (54.5585 , 6)  (50.5793 , 8)  (47.4334 , 3)  (46.0449 , 5)  (38.5856 , 1)  
(101.821 , 6)  (66.5355 , 5)  (55.0763 , 1)  (54.8404 , 9)  (54.0771 , 2)  (50.5194 , 7)  (42.9616 , 4)  (41.0597 , 3)  (30.7935 , 8)  
(94.3267 , 5)  (66.9896 , 2)  (59.8491 , 7)  (55.8994 , 8)  (52.6556 , 1)  (51.0072 , 4)  (50.4148 , 9)  (40.6805 , 6)  (32.6199 , 3)  
(89.2803 , 9)  (67.0803 , 7)  (63.5337 , 6)  (54.4657 , 2)  (52.3721 , 1)  (49.6272 , 3)  (46.791 , 5)  (43.3372 , 4)  (40.4705 , 8)  
(99.3853 , 1)  (66.2556 , 7)  (66.2144 , 5)  (64.1533 , 6)  (53.8204 , 2)  (51.5202 , 9)  (37.8054 , 8)  (36.4449 , 4)  (33.9551 , 3)  
(90.3407 , 3)  (66.9998 , 6)  (65.1617 , 7)  (58.7907 , 8)  (54.0617 , 2)  (50.473 , 5)  (45.3621 , 9)  (40.0893 , 4)  (36.5612 , 1)  
