 -------------------207------------
(91.2775 , 2)  (77.4851 , 8)  (59.251 , 7)  (53.0452 , 3)  (50.5883 , 5)  (48.4953 , 9)  (47.3886 , 1)  (45.1147 , 4)  (43.4658 , 6)  
(104.314 , 5)  (60.9439 , 2)  (55.657 , 9)  (53.4229 , 8)  (51.4633 , 7)  (48.9571 , 4)  (48.1054 , 1)  (45.5064 , 6)  (38.7774 , 3)  
(106.187 , 6)  (57.6195 , 5)  (52.5938 , 3)  (50.8059 , 4)  (50.2282 , 9)  (50.1064 , 8)  (48.9462 , 7)  (44.036 , 2)  (37.9034 , 1)  
(96.2186 , 1)  (65.4674 , 8)  (53.4425 , 2)  (50.8141 , 5)  (49.3912 , 3)  (49.2126 , 7)  (47.6876 , 6)  (46.1229 , 9)  (44.4735 , 4)  
(99.0911 , 7)  (68.4113 , 9)  (62.6312 , 6)  (60.487 , 1)  (55.6481 , 2)  (46.0858 , 5)  (39.0908 , 8)  (37.5975 , 3)  (31.3402 , 4)  
(75.3911 , 4)  (71.6301 , 9)  (60.9568 , 6)  (60.0801 , 1)  (54.7379 , 2)  (47.7291 , 3)  (45.6225 , 5)  (44.9576 , 7)  (40.1522 , 8)  
(91.3428 , 9)  (65.0381 , 6)  (60.3161 , 5)  (55.3219 , 3)  (48.8656 , 2)  (47.4612 , 1)  (46.7344 , 8)  (45.9035 , 7)  (44.248 , 4)  
(92.706 , 3)  (62.9782 , 5)  (62.5547 , 6)  (59.656 , 7)  (50.3793 , 2)  (48.9515 , 8)  (47.0137 , 1)  (46.9345 , 9)  (43.4312 , 4)  
(100.032 , 8)  (63.559 , 7)  (61.291 , 2)  (57.7932 , 6)  (49.8537 , 9)  (48.8487 , 5)  (47.7675 , 4)  (47.3213 , 1)  (35.316 , 3)  
