 -------------------4371------------
(100.488 , 9)  (57.7865 , 2)  (52.304 , 4)  (51.7443 , 7)  (51.7382 , 6)  (51.2927 , 1)  (49.3299 , 8)  (44.2034 , 5)  (41.891 , 3)  
(83.7235 , 7)  (65.9025 , 8)  (64.3372 , 2)  (64.1702 , 4)  (55.2177 , 1)  (50.2852 , 3)  (47.712 , 9)  (43.1504 , 5)  (41.5177 , 6)  
(103.829 , 6)  (58.2433 , 2)  (55.0755 , 8)  (54.6665 , 9)  (53.4043 , 3)  (50.3903 , 4)  (46.0046 , 1)  (45.8068 , 7)  (41.0231 , 5)  
(86.3428 , 3)  (56.9892 , 6)  (56.6064 , 1)  (56.3142 , 8)  (54.9584 , 2)  (52.3455 , 9)  (52.1113 , 7)  (50.8715 , 5)  (46.2169 , 4)  
(95.6978 , 4)  (70.9425 , 9)  (65.6041 , 6)  (57.5718 , 7)  (52.78 , 2)  (49.4437 , 1)  (45.0225 , 3)  (44.1383 , 8)  (43.746 , 5)  
(86.02 , 8)  (65.1595 , 2)  (56.5479 , 7)  (56.4287 , 6)  (53.3879 , 3)  (51.6994 , 9)  (51.4287 , 4)  (47.1987 , 5)  (45.4172 , 1)  
(72.2905 , 2)  (71.4785 , 1)  (66.4321 , 7)  (57.7346 , 6)  (55.257 , 5)  (52.2523 , 3)  (49.3512 , 8)  (49.3253 , 9)  (41.6011 , 4)  
(100.472 , 5)  (61.2929 , 6)  (60.7348 , 9)  (53.4468 , 7)  (49.6443 , 2)  (49.0516 , 1)  (48.9087 , 4)  (46.3274 , 3)  (42.8028 , 8)  
(102.512 , 1)  (64.8496 , 7)  (59.2058 , 9)  (57.6449 , 2)  (54.2398 , 6)  (54.151 , 5)  (41.2818 , 3)  (37.0379 , 4)  (35.0423 , 8)  
