 -------------------4368------------
(101.096 , 9)  (58.1483 , 2)  (55.8148 , 4)  (54.1598 , 6)  (50.2332 , 7)  (45.1525 , 5)  (45.0239 , 8)  (43.8921 , 1)  (42.2038 , 3)  
(87.2285 , 7)  (62.5746 , 8)  (61.0836 , 9)  (60.1838 , 4)  (59.9183 , 2)  (49.7933 , 6)  (49.7487 , 1)  (45.7516 , 3)  (42.6343 , 5)  
(103.945 , 6)  (58.1382 , 8)  (54.919 , 2)  (51.4226 , 4)  (51.104 , 9)  (50.7923 , 3)  (48.3374 , 7)  (44.45 , 1)  (43.2587 , 5)  
(80.8872 , 3)  (60.3223 , 6)  (59.7469 , 2)  (55.7341 , 8)  (55.5091 , 9)  (55.4481 , 7)  (54.671 , 1)  (51.5693 , 5)  (44.4961 , 4)  
(97.4686 , 4)  (68.7501 , 9)  (65.7947 , 6)  (58.9092 , 7)  (58.5656 , 2)  (48.2103 , 1)  (43.5021 , 8)  (42.6576 , 3)  (37.7751 , 5)  
(88.4051 , 8)  (66.3145 , 3)  (65.1877 , 6)  (59.1634 , 7)  (52.1347 , 2)  (52.1261 , 4)  (46.4364 , 9)  (44.3309 , 1)  (35.3912 , 5)  
(72.0928 , 2)  (70.6959 , 1)  (70.0986 , 7)  (57.3255 , 6)  (55.3013 , 5)  (49.289 , 8)  (48.4868 , 9)  (46.3 , 3)  (44.1123 , 4)  
(101.078 , 5)  (65.2625 , 6)  (59.7503 , 7)  (52.5966 , 2)  (50.8547 , 1)  (49.6802 , 9)  (46.4633 , 8)  (46.4402 , 4)  (45.9055 , 3)  
(102.918 , 1)  (64.6458 , 7)  (57.5188 , 9)  (56.287 , 2)  (54.6196 , 5)  (54.2345 , 6)  (40.9597 , 3)  (37.5978 , 4)  (36.0298 , 8)  
