 -------------------994------------
(103.456 , 1)  (59.6451 , 6)  (56.9753 , 7)  (54.8925 , 2)  (53.7116 , 5)  (49.0855 , 9)  (45.7136 , 3)  (42.8247 , 4)  (42.542 , 8)  
(98.2105 , 6)  (69.9123 , 5)  (69.0287 , 2)  (64.6348 , 9)  (56.6265 , 1)  (49.6495 , 7)  (47.6177 , 8)  (37.5858 , 4)  (35.5004 , 3)  
(102.344 , 9)  (61.8892 , 2)  (50.8294 , 6)  (49.747 , 5)  (49.1125 , 7)  (48.9191 , 1)  (47.5912 , 4)  (44.3876 , 3)  (38.0859 , 8)  
(105.217 , 3)  (58.6671 , 6)  (56.7797 , 7)  (55.2979 , 8)  (52.0886 , 1)  (50.9755 , 9)  (44.5713 , 2)  (44.1277 , 5)  (40.9541 , 4)  
(103.658 , 7)  (64.4687 , 6)  (62.5437 , 9)  (59.1205 , 1)  (52.4385 , 2)  (45.2263 , 5)  (36.6364 , 4)  (35.7086 , 3)  (32.3343 , 8)  
(96.568 , 2)  (63.5778 , 7)  (55.8379 , 1)  (54.6477 , 8)  (53.8231 , 6)  (49.311 , 5)  (48.6892 , 9)  (42.6706 , 3)  (40.3991 , 4)  
(92.5252 , 8)  (78.2902 , 6)  (62.6381 , 7)  (62.5789 , 9)  (60.8181 , 2)  (57.521 , 1)  (43.636 , 3)  (39.8566 , 5)  (19.1458 , 4)  
(74.8931 , 4)  (72.6822 , 9)  (69.6725 , 6)  (58.9424 , 5)  (58.1691 , 7)  (51.2625 , 2)  (50.0132 , 1)  (40.9531 , 3)  (34.7622 , 8)  
(95.9604 , 5)  (66.3955 , 7)  (65.8057 , 6)  (54.5972 , 1)  (49.8379 , 9)  (49.8229 , 3)  (44.8985 , 8)  (35.4422 , 4)  (31.0654 , 2)  
