 -------------------1866------------
(108.593 , 4)  (67.8557 , 8)  (56.3318 , 2)  (55.9041 , 7)  (49.2589 , 1)  (48.5769 , 5)  (45.3518 , 3)  (43.5182 , 6)  (23.5959 , 9)  
(105.458 , 6)  (54.8058 , 4)  (54.1855 , 3)  (53.6675 , 7)  (53.5017 , 1)  (49.736 , 8)  (48.9047 , 5)  (48.0174 , 9)  (42.5857 , 2)  
(89.1033 , 9)  (78.0235 , 5)  (57.5705 , 6)  (55.0953 , 7)  (54.4682 , 2)  (52.9694 , 4)  (44.5829 , 1)  (41.3711 , 8)  (34.7693 , 3)  
(94.823 , 3)  (61.4734 , 6)  (56.03 , 7)  (55.34 , 8)  (51.9074 , 4)  (51.2409 , 5)  (49.6062 , 2)  (46.4752 , 1)  (43.1649 , 9)  
(109.5 , 2)  (59.2928 , 7)  (52.5388 , 9)  (50.3907 , 6)  (49.1592 , 8)  (48.2756 , 1)  (47.1174 , 5)  (43.8146 , 4)  (39.1885 , 3)  
(96.4233 , 5)  (58.75 , 6)  (52.4239 , 2)  (51.5572 , 1)  (50.5022 , 3)  (50.1346 , 9)  (50.0565 , 8)  (49.0398 , 7)  (40.0231 , 4)  
(103.069 , 1)  (62.6518 , 6)  (62.4234 , 7)  (59.3694 , 5)  (58.432 , 2)  (55.7338 , 9)  (42.3453 , 3)  (36.7653 , 4)  (25.5711 , 8)  
(72.0923 , 7)  (68.563 , 9)  (62.7292 , 5)  (61.6616 , 2)  (60.285 , 8)  (58.1634 , 1)  (57.4247 , 6)  (48.8936 , 3)  (34.0207 , 4)  
(78.7488 , 8)  (68.2902 , 9)  (65.5052 , 2)  (61.2725 , 6)  (50.3952 , 7)  (47.4383 , 1)  (46.028 , 5)  (45.4706 , 3)  (43.0828 , 4)  
