 -------------------4549------------
(100.548 , 9)  (55.1141 , 7)  (54.7169 , 6)  (54.4679 , 4)  (51.7509 , 2)  (47.2327 , 1)  (46.5158 , 8)  (43.555 , 5)  (43.5494 , 3)  
(103.654 , 1)  (57.0687 , 8)  (55.7204 , 2)  (50.671 , 6)  (50.6499 , 3)  (50.2508 , 5)  (49.4715 , 4)  (41.1651 , 7)  (37.0457 , 9)  
(95.5546 , 8)  (83.2517 , 5)  (61.5313 , 7)  (58.0007 , 6)  (54.3881 , 2)  (46.2416 , 1)  (41.8025 , 4)  (40.1416 , 9)  (39.0852 , 3)  
(106.386 , 7)  (56.9303 , 6)  (55.6821 , 9)  (52.4566 , 5)  (51.4782 , 1)  (49.2852 , 2)  (41.7862 , 8)  (40.3754 , 4)  (40.3356 , 3)  
(96.5078 , 2)  (69.033 , 1)  (57.0868 , 6)  (55.5294 , 7)  (51.6402 , 9)  (51.461 , 8)  (46.1579 , 3)  (43.9288 , 5)  (34.0842 , 4)  
(108.134 , 6)  (59.6915 , 5)  (50.9594 , 2)  (50.7863 , 9)  (50.6125 , 7)  (48.4624 , 1)  (46.6454 , 4)  (45.6417 , 3)  (44.3275 , 8)  
(104.207 , 3)  (57.4796 , 6)  (53.231 , 9)  (52.927 , 7)  (51.1917 , 1)  (49.8763 , 5)  (49.8756 , 2)  (40.6521 , 4)  (34.8137 , 8)  
(103.385 , 4)  (66.557 , 6)  (54.4076 , 7)  (53.3507 , 2)  (53.017 , 5)  (52.7796 , 1)  (52.4697 , 9)  (43.9745 , 8)  (38.5518 , 3)  
(99.5486 , 5)  (68.329 , 9)  (58.4339 , 7)  (55.1016 , 6)  (53.6455 , 2)  (47.8613 , 3)  (47.8376 , 1)  (46.0823 , 8)  (39.7757 , 4)  
