 -------------------76------------
(100.47 , 3)  (63.6061 , 2)  (55.2285 , 6)  (51.9034 , 5)  (49.0588 , 1)  (48.0791 , 8)  (46.9642 , 4)  (46.4953 , 7)  (44.5963 , 9)  
(108.538 , 7)  (55.1354 , 4)  (52.8491 , 2)  (51.9158 , 5)  (49.3561 , 9)  (48.0617 , 8)  (47.3153 , 1)  (44.4674 , 6)  (40.9802 , 3)  
(106.307 , 5)  (61.1179 , 8)  (54.7544 , 4)  (53.1601 , 1)  (49.2305 , 2)  (49.1258 , 7)  (49.074 , 3)  (42.1608 , 9)  (35.2942 , 6)  
(98.228 , 6)  (59.7294 , 1)  (55.8861 , 2)  (55.1112 , 8)  (54.306 , 7)  (52.0801 , 5)  (50.5222 , 3)  (50.2793 , 4)  (45.4347 , 9)  
(104.246 , 1)  (59.4541 , 7)  (55.0492 , 3)  (51.6099 , 4)  (51.0369 , 6)  (47.6582 , 2)  (46.9694 , 8)  (46.7001 , 5)  (45.1295 , 9)  
(76.8375 , 4)  (73.8724 , 8)  (54.8764 , 7)  (54.509 , 5)  (52.9073 , 3)  (52.8461 , 6)  (52.6354 , 2)  (50.961 , 1)  (44.9709 , 9)  
(80.411 , 9)  (73.3519 , 2)  (61.4594 , 6)  (59.8222 , 7)  (56.5951 , 1)  (53.7077 , 5)  (51.4035 , 4)  (49.5896 , 3)  (43.4265 , 8)  
(96.7784 , 8)  (60.4819 , 2)  (56.4428 , 9)  (53.4281 , 6)  (52.1638 , 1)  (50.562 , 7)  (47.8029 , 3)  (47.4173 , 5)  (44.1651 , 4)  
(103.398 , 2)  (58.6744 , 6)  (56.4898 , 7)  (55.9332 , 1)  (54.6874 , 5)  (52.1776 , 9)  (49.355 , 3)  (43.0639 , 4)  (38.3064 , 8)  
