 -------------------842------------
(99.4681 , 7)  (56.8323 , 9)  (56.0882 , 6)  (53.4767 , 2)  (52.3461 , 1)  (49.635 , 4)  (48.581 , 3)  (46.092 , 5)  (41.5439 , 8)  
(98.7989 , 5)  (65.0274 , 8)  (57.1499 , 7)  (55.5245 , 2)  (54.0899 , 6)  (48.5888 , 9)  (47.661 , 1)  (44.9362 , 3)  (44.9067 , 4)  
(98.9876 , 3)  (61.7389 , 2)  (55.1325 , 9)  (54.0533 , 7)  (53.2825 , 1)  (51.9299 , 6)  (47.0478 , 5)  (46.2298 , 4)  (41.1375 , 8)  
(99.9687 , 9)  (61.9911 , 6)  (55.9575 , 1)  (51.9357 , 5)  (50.66 , 2)  (47.9383 , 3)  (47.6699 , 7)  (44.3039 , 4)  (35.6952 , 8)  
(95.7401 , 1)  (69.3939 , 2)  (64.8952 , 6)  (62.2105 , 5)  (52.2766 , 9)  (50.2572 , 7)  (42.7368 , 4)  (35.263 , 3)  (33.967 , 8)  
(102.251 , 2)  (69.4929 , 6)  (53.4317 , 9)  (52.4558 , 1)  (48.1577 , 7)  (47.3823 , 5)  (46.3731 , 3)  (45.2651 , 8)  (40.0518 , 4)  
(92.2793 , 4)  (80.2864 , 6)  (65.1104 , 7)  (55.6902 , 9)  (55.4241 , 5)  (51.6091 , 2)  (48.8469 , 1)  (43.619 , 8)  (31.2249 , 3)  
(107.07 , 6)  (56.8639 , 5)  (56.7985 , 9)  (54.5574 , 1)  (53.0449 , 7)  (49.3875 , 2)  (43.3896 , 3)  (40.3503 , 8)  (40.2983 , 4)  
(90.7737 , 8)  (74.6461 , 6)  (74.5467 , 2)  (62.5399 , 9)  (56.3565 , 7)  (50.0416 , 1)  (43.1357 , 3)  (42.2173 , 5)  (33.1682 , 4)  
