 -------------------914------------
(92.9438 , 5)  (62.8777 , 6)  (57.9049 , 9)  (57.8821 , 8)  (54.945 , 1)  (53.0141 , 7)  (50.1972 , 3)  (47.9564 , 2)  (33.7216 , 4)  
(88.2 , 4)  (65.9402 , 5)  (64.5052 , 6)  (62.76 , 9)  (60.9046 , 2)  (56.7789 , 7)  (51.0983 , 1)  (35.8309 , 3)  (34.0984 , 8)  
(107.398 , 6)  (67.5101 , 9)  (52.8975 , 5)  (51.5077 , 1)  (47.8948 , 2)  (46.841 , 7)  (39.138 , 8)  (38.0552 , 3)  (38.0434 , 4)  
(106.887 , 7)  (62.1709 , 5)  (61.6753 , 6)  (51.1574 , 9)  (48.3455 , 1)  (44.5357 , 2)  (41.0429 , 8)  (39.8061 , 4)  (38.4841 , 3)  
(101.144 , 1)  (72.2973 , 6)  (67.2241 , 5)  (59.2364 , 2)  (55.605 , 7)  (50.6076 , 9)  (43.2163 , 3)  (30.4288 , 8)  (29.6422 , 4)  
(99.6084 , 9)  (74.3979 , 6)  (57.5224 , 2)  (52.663 , 7)  (51.8515 , 1)  (45.8037 , 5)  (40.4356 , 4)  (39.0413 , 8)  (38.8061 , 3)  
(94.7146 , 3)  (67.3257 , 7)  (58.9816 , 6)  (54.5145 , 8)  (53.5699 , 9)  (50.9702 , 1)  (50.8249 , 2)  (45.9663 , 5)  (36.449 , 4)  
(94.9017 , 2)  (69.0645 , 3)  (62.3067 , 6)  (54.9776 , 7)  (51.0303 , 8)  (50.8977 , 5)  (46.1834 , 9)  (43.8861 , 1)  (42.713 , 4)  
(95.9749 , 8)  (65.5916 , 6)  (60.1982 , 2)  (57.5575 , 7)  (56.0499 , 9)  (52.1682 , 5)  (47.3536 , 1)  (41.3618 , 4)  (35.1962 , 3)  
