 -------------------418------------
(83.8193 , 8)  (62.0006 , 2)  (61.3324 , 5)  (54.1262 , 6)  (50.728 , 1)  (48.0116 , 7)  (47.4336 , 9)  (45.7403 , 4)  (45.0095 , 3)  
(101.599 , 5)  (65.9949 , 6)  (59.8033 , 4)  (56.942 , 3)  (51.8614 , 2)  (47.9198 , 7)  (47.0513 , 1)  (44.6867 , 9)  (40.0976 , 8)  
(94.3703 , 4)  (62.4251 , 6)  (59.3729 , 1)  (57.1374 , 2)  (53.9139 , 9)  (51.0594 , 8)  (48.0182 , 3)  (47.4502 , 7)  (44.8737 , 5)  
(95.6439 , 1)  (60.7138 , 3)  (59.7329 , 2)  (56.1359 , 6)  (53.7184 , 8)  (50.9472 , 7)  (46.9181 , 5)  (42.1914 , 4)  (38.5001 , 9)  
(85.6089 , 3)  (70.653 , 1)  (54.7858 , 9)  (54.7052 , 2)  (53.0774 , 8)  (52.6409 , 7)  (51.3202 , 5)  (48.5466 , 6)  (41.3662 , 4)  
(100.823 , 9)  (61.8885 , 6)  (56.5356 , 2)  (54.0273 , 7)  (52.4907 , 8)  (46.1542 , 1)  (45.0081 , 3)  (44.6634 , 5)  (44.1041 , 4)  
(103.842 , 7)  (60.2555 , 2)  (58.6957 , 6)  (57.5477 , 1)  (50.4088 , 9)  (48.3231 , 3)  (47.2272 , 5)  (40.5703 , 4)  (36.9868 , 8)  
(100.694 , 6)  (57.5581 , 7)  (53.3954 , 5)  (51.785 , 4)  (51.3568 , 2)  (51.1675 , 1)  (46.7312 , 8)  (44.5355 , 9)  (39.9211 , 3)  
(100.855 , 2)  (58.7545 , 9)  (56.6966 , 1)  (53.9619 , 6)  (50.7179 , 3)  (49.9384 , 7)  (47.7825 , 5)  (43.2901 , 4)  (42.5237 , 8)  
