 -------------------4569------------
(103.73 , 5)  (56.8516 , 2)  (56.158 , 9)  (55.1928 , 7)  (50.7792 , 6)  (50.3648 , 3)  (45.2705 , 4)  (44.9393 , 1)  (36.4787 , 8)  
(99.1491 , 2)  (56.518 , 7)  (55.1184 , 5)  (54.7177 , 3)  (51.9019 , 9)  (49.6239 , 8)  (48.5615 , 1)  (47.0877 , 4)  (42.8761 , 6)  
(91.2202 , 4)  (63.9813 , 9)  (63.9513 , 7)  (58.9813 , 6)  (57.4261 , 1)  (53.562 , 2)  (49.4111 , 5)  (45.5708 , 3)  (39.3482 , 8)  
(96.3354 , 8)  (57.2391 , 7)  (57.2128 , 4)  (55.7936 , 1)  (52.8254 , 2)  (52.0752 , 5)  (52.056 , 6)  (50.7241 , 3)  (38.4294 , 9)  
(97.5495 , 1)  (59.3652 , 2)  (56.6647 , 6)  (56.3964 , 7)  (55.7139 , 5)  (51.4461 , 9)  (50.6803 , 8)  (40.8335 , 3)  (38.2952 , 4)  
(105.318 , 3)  (57.2626 , 7)  (54.6224 , 6)  (50.6553 , 5)  (48.6871 , 1)  (47.4672 , 4)  (46.0761 , 2)  (44.5416 , 9)  (37.1215 , 8)  
(99.3795 , 9)  (65.2901 , 6)  (56.438 , 2)  (51.505 , 1)  (51.333 , 5)  (47.2149 , 4)  (45.9615 , 7)  (42.4815 , 8)  (37.7525 , 3)  
(95.3946 , 6)  (67.1025 , 5)  (57.8073 , 2)  (55.4269 , 9)  (51.5752 , 7)  (50.3993 , 1)  (44.0921 , 3)  (39.3199 , 8)  (35.4406 , 4)  
(106.861 , 7)  (59.281 , 6)  (52.1838 , 1)  (51.0551 , 5)  (50.7214 , 9)  (50.0971 , 2)  (42.2181 , 8)  (41.9834 , 3)  (41.8386 , 4)  
