 -------------------213------------
(97.3809 , 4)  (67.526 , 6)  (55.5614 , 8)  (55.1617 , 7)  (54.9733 , 1)  (49.8933 , 2)  (49.0842 , 3)  (46.566 , 5)  (41.6775 , 9)  
(101.632 , 1)  (58.8215 , 2)  (56.0806 , 8)  (55.3505 , 5)  (53.6941 , 7)  (51.0561 , 9)  (42.4768 , 6)  (41.4213 , 4)  (39.2051 , 3)  
(101.504 , 6)  (60.7639 , 9)  (57.2899 , 5)  (54.5638 , 7)  (52.8407 , 2)  (52.7582 , 1)  (44.4088 , 4)  (42.1513 , 3)  (38.4879 , 8)  
(101.085 , 2)  (58.8253 , 7)  (55.9918 , 6)  (53.2149 , 5)  (52.9469 , 3)  (49.3066 , 1)  (49.0263 , 8)  (48.8873 , 9)  (40.6095 , 4)  
(79.8324 , 9)  (67.9319 , 7)  (61.5993 , 6)  (52.7071 , 5)  (49.3539 , 4)  (48.0401 , 8)  (45.9079 , 2)  (45.5383 , 1)  (43.8266 , 3)  
(104.226 , 7)  (58.9793 , 9)  (57.5334 , 1)  (57.2462 , 6)  (51.9432 , 2)  (45.9372 , 5)  (45.3581 , 3)  (40.2369 , 8)  (35.1677 , 4)  
(99.9397 , 5)  (58.6555 , 7)  (57.7215 , 6)  (52.8678 , 2)  (52.1548 , 8)  (50.1569 , 9)  (48.2119 , 3)  (44.7134 , 1)  (35.9139 , 4)  
(94.1428 , 3)  (60.2597 , 7)  (55.4959 , 9)  (53.5788 , 6)  (53.2355 , 4)  (51.5303 , 2)  (47.539 , 5)  (45.3178 , 1)  (40.7377 , 8)  
(74.3884 , 8)  (62.3799 , 7)  (62.0435 , 9)  (58.6827 , 6)  (53.8789 , 1)  (52.0961 , 3)  (49.8554 , 2)  (48.229 , 4)  (46.6409 , 5)  
