 -------------------1863------------
(108.667 , 4)  (61.5066 , 8)  (60.8195 , 7)  (58.19 , 2)  (49.4261 , 5)  (47.3252 , 1)  (44.4149 , 3)  (42.8229 , 6)  (28.239 , 9)  
(105.82 , 6)  (55.2913 , 7)  (54.4874 , 4)  (53.552 , 1)  (52.2562 , 3)  (51.4627 , 8)  (51.1697 , 5)  (47.5794 , 9)  (41.588 , 2)  
(88.9631 , 9)  (82.2424 , 5)  (55.2146 , 4)  (55.0462 , 6)  (52.7613 , 7)  (48.8744 , 2)  (47.2138 , 1)  (45.2364 , 3)  (42.3457 , 8)  
(95.5435 , 3)  (61.3054 , 6)  (56.5125 , 7)  (54.847 , 8)  (54.7343 , 4)  (51.5115 , 2)  (50.4401 , 5)  (46.3206 , 1)  (42.3833 , 9)  
(109.418 , 2)  (55.5969 , 7)  (52.9694 , 8)  (49.272 , 6)  (48.8739 , 4)  (48.0898 , 9)  (47.0277 , 1)  (46.5629 , 5)  (42.7481 , 3)  
(97.2808 , 5)  (58.5128 , 6)  (54.0715 , 2)  (53.425 , 3)  (51.0187 , 9)  (49.8788 , 1)  (47.6275 , 7)  (47.4737 , 8)  (40.4285 , 4)  
(103.265 , 1)  (63.9749 , 7)  (59.3814 , 6)  (57.3395 , 2)  (55.2842 , 5)  (54.3328 , 9)  (42.7031 , 3)  (40.0118 , 4)  (29.9336 , 8)  
(75.9865 , 7)  (66.9325 , 5)  (64.5656 , 9)  (64.0738 , 2)  (63.8644 , 8)  (51.3425 , 3)  (48.1063 , 6)  (47.9984 , 1)  (39.7445 , 4)  
(81.1061 , 8)  (71.0277 , 9)  (64.4325 , 2)  (61.1438 , 6)  (48.7933 , 7)  (46.3942 , 1)  (46.0983 , 3)  (42.1269 , 4)  (41.0737 , 5)  
