 -------------------586------------
(104.056 , 8)  (59.2357 , 2)  (54.9119 , 7)  (51.2095 , 4)  (50.8885 , 6)  (50.417 , 1)  (49.4037 , 5)  (48.3813 , 3)  (45.0249 , 9)  
(106.2 , 2)  (57.8716 , 4)  (51.9425 , 1)  (49.9504 , 5)  (49.6732 , 9)  (48.4509 , 8)  (47.9209 , 7)  (46.5613 , 3)  (43.9027 , 6)  
(99.629 , 4)  (61.4064 , 9)  (59.7808 , 6)  (57.4728 , 7)  (51.9333 , 2)  (51.0224 , 5)  (45.5272 , 3)  (43.5792 , 1)  (41.6793 , 8)  
(83.4983 , 9)  (74.0708 , 8)  (67.3281 , 7)  (62.5215 , 1)  (49.4274 , 6)  (49.2822 , 4)  (46.8124 , 5)  (45.7558 , 2)  (44.2239 , 3)  
(94.2618 , 7)  (74.683 , 9)  (56.1702 , 2)  (51.4529 , 6)  (50.1494 , 1)  (49.5323 , 3)  (45.9893 , 5)  (43.3087 , 4)  (31.2047 , 8)  
(102.168 , 1)  (60.9285 , 3)  (51.9951 , 7)  (51.3746 , 8)  (48.7541 , 6)  (47.7945 , 9)  (47.5984 , 2)  (45.1136 , 5)  (44.0138 , 4)  
(96.9524 , 6)  (59.6386 , 4)  (53.9443 , 9)  (51.6584 , 1)  (47.7014 , 2)  (47.4197 , 7)  (47.385 , 3)  (43.9663 , 8)  (42.9517 , 5)  
(97.5706 , 3)  (61.9767 , 7)  (60.8873 , 6)  (60.4365 , 5)  (55.1558 , 1)  (47.0271 , 2)  (45.3691 , 8)  (44.0798 , 4)  (41.0277 , 9)  
(99.0217 , 5)  (59.8118 , 7)  (58.3051 , 6)  (56.8204 , 8)  (50.5361 , 3)  (48.6232 , 1)  (44.5322 , 2)  (42.8585 , 9)  (42.331 , 4)  
