 -------------------4443------------
(97.4708 , 3)  (61.6685 , 7)  (57.2692 , 9)  (51.9992 , 1)  (51.2017 , 6)  (49.6482 , 4)  (48.3176 , 2)  (48.0297 , 5)  (46.1705 , 8)  
(103.631 , 8)  (54.3864 , 3)  (52.7362 , 4)  (51.9618 , 1)  (51.0129 , 6)  (49.7861 , 2)  (48.9693 , 9)  (48.6207 , 5)  (45.7249 , 7)  
(82.7969 , 9)  (73.0785 , 3)  (58.9047 , 5)  (56.8368 , 8)  (49.5243 , 1)  (48.4589 , 4)  (46.8781 , 2)  (42.7959 , 7)  (42.5111 , 6)  
(105.315 , 6)  (55.6662 , 9)  (55.619 , 1)  (53.9288 , 7)  (52.8524 , 3)  (48.4191 , 8)  (48.3285 , 2)  (45.3533 , 5)  (43.9712 , 4)  
(103.529 , 4)  (57.9881 , 1)  (57.2198 , 6)  (56.254 , 2)  (52.5111 , 9)  (49.9236 , 8)  (47.3356 , 3)  (46.9367 , 7)  (42.4022 , 5)  
(102.151 , 1)  (64.4969 , 7)  (60.3076 , 6)  (54.0673 , 5)  (50.6898 , 2)  (49.4514 , 9)  (43.1468 , 4)  (42.2139 , 3)  (40.3297 , 8)  
(97.6632 , 5)  (61.9642 , 6)  (60.3576 , 9)  (56.2102 , 2)  (56.0447 , 7)  (47.3839 , 1)  (46.7788 , 8)  (42.0952 , 3)  (34.0506 , 4)  
(88.4609 , 7)  (60.1164 , 6)  (58.4284 , 9)  (56.7451 , 2)  (50.6283 , 3)  (49.5441 , 1)  (48.6389 , 5)  (47.5853 , 8)  (35.6642 , 4)  
(106.809 , 2)  (57.9479 , 5)  (56.3948 , 7)  (55.5052 , 6)  (52.073 , 1)  (48.3699 , 9)  (41.4764 , 4)  (40.4766 , 8)  (36.7048 , 3)  
