 -------------------4355------------
(98.1588 , 9)  (61.9633 , 7)  (60.1795 , 2)  (57.9256 , 4)  (56.3592 , 6)  (45.5086 , 1)  (44.7212 , 8)  (44.62 , 3)  (41.8808 , 5)  
(89.357 , 7)  (63.7885 , 2)  (62.9364 , 8)  (55.4065 , 4)  (52.8061 , 1)  (49.5496 , 6)  (49.2194 , 9)  (46.2125 , 5)  (45.2498 , 3)  
(104.885 , 6)  (56.9607 , 2)  (53.2323 , 8)  (52.4838 , 4)  (50.8438 , 3)  (48.3173 , 7)  (48.0386 , 5)  (46.3945 , 9)  (43.4059 , 1)  
(70.7536 , 3)  (62.2831 , 6)  (61.7285 , 5)  (58.3266 , 9)  (57.7327 , 2)  (55.2872 , 1)  (54.3773 , 8)  (50.9835 , 4)  (46.7432 , 7)  
(95.3243 , 4)  (73.4219 , 9)  (67.2199 , 6)  (62.2137 , 2)  (59.9804 , 7)  (51.087 , 1)  (39.0396 , 8)  (38.6859 , 5)  (35.6989 , 3)  
(88.2211 , 8)  (64.2262 , 7)  (59.9713 , 6)  (59.631 , 2)  (56.843 , 4)  (55.1468 , 3)  (45.8069 , 9)  (45.6156 , 5)  (41.8296 , 1)  
(77.5765 , 2)  (71.002 , 7)  (70.0153 , 1)  (68.6157 , 5)  (65.8149 , 6)  (50.5424 , 9)  (39.9274 , 3)  (38.5532 , 8)  (34.9798 , 4)  
(95.4247 , 5)  (65.2944 , 6)  (59.4703 , 7)  (56.9557 , 9)  (49.5393 , 3)  (48.3595 , 8)  (45.449 , 1)  (44.585 , 4)  (44.4355 , 2)  
(102.398 , 1)  (61.9376 , 2)  (61.4895 , 6)  (60.7403 , 5)  (58.8687 , 9)  (54.5104 , 7)  (44.5413 , 3)  (31.7379 , 4)  (24.9054 , 8)  
