 -------------------720------------
(104.99 , 2)  (62.08 , 7)  (54.6994 , 9)  (52.805 , 6)  (49.3956 , 8)  (46.7107 , 4)  (44.6712 , 5)  (42.6059 , 1)  (42.4952 , 3)  
(100.316 , 9)  (53.1215 , 7)  (51.6181 , 8)  (51.341 , 2)  (50.603 , 1)  (49.5544 , 6)  (46.9483 , 5)  (46.7169 , 3)  (46.45 , 4)  
(80.4162 , 8)  (74.2442 , 3)  (62.5041 , 9)  (59.3704 , 7)  (57.8675 , 6)  (52.4336 , 4)  (46.784 , 5)  (45.6661 , 2)  (43.0024 , 1)  
(102.244 , 4)  (64.4293 , 2)  (60.332 , 6)  (56.6866 , 5)  (56.2403 , 1)  (55.5401 , 7)  (49.187 , 8)  (48.2713 , 3)  (29.5198 , 9)  
(101.803 , 6)  (64.3418 , 5)  (61.2016 , 4)  (57.1424 , 2)  (56.4397 , 7)  (50.0886 , 3)  (41.5516 , 9)  (41.4101 , 1)  (39.5806 , 8)  
(97.0196 , 7)  (62.661 , 6)  (62.2613 , 2)  (57.0388 , 4)  (51.9985 , 3)  (49.0214 , 5)  (47.8314 , 8)  (42.4595 , 1)  (40.6936 , 9)  
(88.635 , 3)  (61.9351 , 2)  (61.5586 , 9)  (60.205 , 6)  (55.7498 , 1)  (55.4694 , 7)  (39.517 , 8)  (39.274 , 5)  (38.5675 , 4)  
(89.5857 , 5)  (75.0472 , 7)  (71.0744 , 6)  (58.3489 , 2)  (53.8454 , 3)  (53.4016 , 8)  (50.5876 , 1)  (41.6038 , 9)  (30.3454 , 4)  
(97.3446 , 1)  (72.6255 , 2)  (69.2886 , 9)  (61.8472 , 6)  (57.1969 , 7)  (53.1056 , 5)  (35.3195 , 3)  (32.1471 , 8)  (20.7377 , 4)  
