 -------------------1499------------
(101.71 , 6)  (66.1285 , 4)  (57.3211 , 5)  (52.3267 , 7)  (50.3358 , 9)  (49.7109 , 3)  (49.1645 , 2)  (46.7907 , 8)  (46.3458 , 1)  
(99.312 , 9)  (62.5052 , 7)  (61.6028 , 6)  (52.9911 , 4)  (52.561 , 2)  (51.2916 , 3)  (45.4979 , 5)  (43.5998 , 1)  (41.952 , 8)  
(84.5558 , 8)  (71.0248 , 2)  (67.7941 , 6)  (61.9639 , 7)  (55.3961 , 9)  (53.1307 , 1)  (39.3568 , 4)  (38.6209 , 3)  (38.1635 , 5)  
(97.0647 , 5)  (61.9131 , 6)  (53.4607 , 3)  (51.3215 , 8)  (49.623 , 7)  (47.7824 , 9)  (45.6232 , 2)  (44.7936 , 1)  (42.3114 , 4)  
(103.505 , 1)  (61.6601 , 7)  (56.7669 , 6)  (55.9592 , 2)  (54.6454 , 5)  (50.784 , 9)  (41.0358 , 4)  (39.3653 , 3)  (37.2189 , 8)  
(90.696 , 4)  (84.4697 , 6)  (58.1801 , 7)  (57.7835 , 9)  (51.2898 , 2)  (47.705 , 5)  (47.489 , 1)  (45.1085 , 3)  (37.1787 , 8)  
(97.7878 , 3)  (68.1755 , 5)  (63.5363 , 6)  (62.8595 , 7)  (51.379 , 1)  (44.2834 , 2)  (43.7662 , 4)  (39.8553 , 9)  (35.0202 , 8)  
(103.055 , 2)  (60.239 , 7)  (57.2897 , 9)  (55.6825 , 3)  (55.3842 , 5)  (52.8536 , 1)  (52.5874 , 6)  (47.1493 , 8)  (38.3164 , 4)  
(88.4515 , 7)  (71.4493 , 2)  (63.2973 , 6)  (55.8852 , 1)  (53.7061 , 3)  (52.4052 , 4)  (50.4991 , 9)  (42.9755 , 5)  (37.8283 , 8)  
