 -------------------659------------
(99.6217 , 3)  (57.7901 , 7)  (50.9351 , 6)  (50.8784 , 2)  (49.7671 , 9)  (49.4526 , 5)  (47.3376 , 8)  (46.3522 , 1)  (45.7374 , 4)  
(91.3943 , 5)  (72.6553 , 7)  (58.4858 , 6)  (51.3657 , 3)  (48.2945 , 9)  (48.1885 , 2)  (45.4663 , 4)  (44.7915 , 1)  (44.4926 , 8)  
(96.8912 , 8)  (65.2807 , 6)  (64.6067 , 2)  (57.9824 , 7)  (54.8133 , 9)  (51.6424 , 1)  (45.3412 , 5)  (40.9452 , 4)  (35.0056 , 3)  
(89.2453 , 2)  (65.4272 , 3)  (62.1813 , 6)  (56.1667 , 4)  (53.4134 , 7)  (52.5601 , 1)  (51.3225 , 8)  (46.8857 , 5)  (37.7384 , 9)  
(98.9914 , 6)  (61.4079 , 7)  (59.7378 , 2)  (57.6331 , 9)  (54.9657 , 8)  (53.5795 , 5)  (50.1503 , 3)  (41.5849 , 4)  (37.2316 , 1)  
(103.573 , 1)  (60.4745 , 2)  (59.3909 , 7)  (54.474 , 5)  (52.2676 , 9)  (48.0695 , 6)  (42.9841 , 8)  (39.6128 , 3)  (37.3022 , 4)  
(90.5432 , 7)  (79.0379 , 9)  (70.0892 , 6)  (56.7007 , 2)  (55.3029 , 1)  (47.6213 , 5)  (42.8444 , 8)  (35.2906 , 3)  (28.5675 , 4)  
(89.7153 , 9)  (75.8657 , 7)  (63.5562 , 2)  (61.3113 , 6)  (53.5954 , 1)  (53.418 , 5)  (45.3633 , 3)  (38.4365 , 8)  (34.0405 , 4)  
(104.182 , 4)  (64.5634 , 6)  (54.0681 , 3)  (53.9433 , 9)  (52.1718 , 2)  (52.0897 , 7)  (49.6212 , 1)  (46.635 , 5)  (34.307 , 8)  
