 -------------------4606------------
(106.689 , 6)  (57.6953 , 4)  (54.2505 , 7)  (49.814 , 1)  (48.9869 , 2)  (48.9627 , 9)  (48.6267 , 8)  (48.4724 , 3)  (46.9136 , 5)  
(81.0215 , 3)  (68.2156 , 5)  (62.1038 , 7)  (55.3939 , 2)  (52.164 , 6)  (50.0108 , 1)  (49.5914 , 4)  (44.8248 , 8)  (43.1557 , 9)  
(91.6144 , 7)  (69.982 , 2)  (54.7289 , 6)  (53.5498 , 1)  (52.7905 , 8)  (50.9486 , 3)  (47.7238 , 4)  (44.3075 , 5)  (41.9168 , 9)  
(104.61 , 4)  (61.8912 , 9)  (57.1899 , 6)  (51.8396 , 2)  (50.1066 , 1)  (49.1078 , 7)  (45.1478 , 3)  (44.7156 , 5)  (41.9906 , 8)  
(96.656 , 1)  (58.327 , 6)  (58.1291 , 7)  (56.8816 , 9)  (53.0174 , 5)  (51.5727 , 2)  (49.9353 , 3)  (45.3712 , 8)  (44.4043 , 4)  
(100.16 , 5)  (56.8989 , 3)  (55.6938 , 6)  (54.4716 , 9)  (52.4185 , 1)  (49.4672 , 7)  (46.8728 , 8)  (42.7646 , 4)  (38.772 , 2)  
(101.485 , 8)  (64.9388 , 2)  (64.7852 , 3)  (57.8501 , 6)  (56.0279 , 9)  (55.8388 , 1)  (52.7753 , 7)  (48.5958 , 4)  (31.3897 , 5)  
(94.2314 , 2)  (65.0406 , 7)  (60.616 , 6)  (57.7921 , 3)  (55.2974 , 1)  (53.0591 , 9)  (52.1861 , 4)  (50.5697 , 5)  (40.377 , 8)  
(94.347 , 9)  (68.8266 , 7)  (58.6164 , 6)  (57.9404 , 2)  (57.0123 , 1)  (46.8953 , 8)  (44.8504 , 3)  (44.6686 , 5)  (34.9395 , 4)  
