 -------------------4994------------
(97.0124 , 5)  (73.2501 , 6)  (65.2403 , 9)  (64.5148 , 2)  (56.4077 , 7)  (46.2814 , 1)  (36.0401 , 3)  (30.4254 , 8)  (29.399 , 4)  
(82.676 , 2)  (72.7007 , 9)  (67.8225 , 7)  (65.7899 , 6)  (52.4743 , 3)  (47.7665 , 8)  (45.0805 , 4)  (44.748 , 1)  (41.1921 , 5)  
(80.5888 , 4)  (63.5277 , 2)  (62.4913 , 9)  (62.2811 , 1)  (61.7495 , 6)  (54.8711 , 5)  (52.7367 , 7)  (43.8157 , 3)  (29.3299 , 8)  
(84.3503 , 8)  (71.4007 , 6)  (66.9207 , 9)  (64.2736 , 2)  (58.9945 , 1)  (55.9649 , 7)  (50.3496 , 5)  (35.8592 , 3)  (25.913 , 4)  
(107.544 , 7)  (75.6413 , 6)  (57.892 , 9)  (56.6576 , 1)  (53.2597 , 5)  (50.1727 , 2)  (37.6745 , 3)  (32.1632 , 8)  (22.6229 , 4)  
(98.0703 , 9)  (79.6893 , 6)  (69.4538 , 7)  (54.3013 , 1)  (53.1304 , 2)  (46.0333 , 3)  (42.8752 , 5)  (33.7786 , 8)  (25.9894 , 4)  
(103.352 , 6)  (76.5053 , 5)  (65.4173 , 9)  (52.2844 , 2)  (49.5491 , 7)  (45.6723 , 3)  (42.2174 , 1)  (38.8072 , 8)  (34.0156 , 4)  
(94.2436 , 3)  (66.2803 , 1)  (65.7064 , 6)  (62.7931 , 9)  (59.2914 , 7)  (58.073 , 2)  (53.7524 , 5)  (25.8461 , 8)  (23.2503 , 4)  
(96.9048 , 1)  (76.7303 , 6)  (71.8865 , 9)  (69.389 , 7)  (68.2488 , 5)  (63.047 , 2)  (45.8715 , 3)  (18.5112 , 8)  (7.60308 , 4)  
