 -------------------968------------
(92.0138 , 1)  (64.5388 , 7)  (62.0289 , 6)  (58.5044 , 4)  (51.8715 , 2)  (51.3619 , 5)  (50.7769 , 3)  (43.7831 , 8)  (42.3065 , 9)  
(87.9606 , 2)  (78.9391 , 1)  (53.8059 , 4)  (52.0655 , 7)  (51.0466 , 3)  (50.161 , 8)  (49.5629 , 9)  (46.5493 , 6)  (43.0103 , 5)  
(94.5689 , 6)  (74.2019 , 8)  (70.009 , 5)  (58.496 , 3)  (51.984 , 7)  (48.5891 , 1)  (48.4302 , 4)  (40.2771 , 2)  (34.0782 , 9)  
(103.985 , 3)  (55.7541 , 6)  (51.8954 , 9)  (50.3875 , 5)  (49.8413 , 1)  (46.5843 , 7)  (45.752 , 2)  (45.7367 , 4)  (41.9107 , 8)  
(96.9311 , 8)  (63.0366 , 1)  (55.9744 , 7)  (53.9835 , 9)  (52.8892 , 3)  (51.9376 , 5)  (49.9403 , 6)  (45.7384 , 2)  (45.4608 , 4)  
(104.841 , 5)  (59.9272 , 9)  (55.8096 , 3)  (53.3475 , 6)  (51.2808 , 7)  (49.7246 , 2)  (49.4014 , 1)  (46.1654 , 4)  (41.1534 , 8)  
(97.9505 , 4)  (61.4499 , 6)  (59.6906 , 7)  (55.9955 , 1)  (52.9166 , 9)  (50.9213 , 5)  (47.3901 , 3)  (46.1396 , 2)  (41.9158 , 8)  
(99.3927 , 9)  (55.6661 , 6)  (55.1378 , 7)  (51.9665 , 1)  (51.6999 , 3)  (50.0807 , 2)  (48.4449 , 4)  (47.4634 , 5)  (36.9892 , 8)  
(99.6096 , 7)  (60.99 , 1)  (56.8388 , 8)  (53.7928 , 3)  (49.9034 , 2)  (46.489 , 5)  (45.3789 , 6)  (44.1716 , 4)  (39.3904 , 9)  
