 -------------------344------------
(93.3614 , 9)  (66.619 , 7)  (53.7583 , 6)  (52.451 , 8)  (51.8526 , 5)  (51.8312 , 1)  (50.2428 , 2)  (50.1222 , 4)  (42.8587 , 3)  
(104.732 , 8)  (56.287 , 5)  (52.7544 , 4)  (50.8035 , 1)  (50.7893 , 9)  (49.9529 , 3)  (46.5268 , 6)  (45.9084 , 2)  (45.242 , 7)  
(102.48 , 3)  (60.552 , 6)  (56.3231 , 8)  (54.3648 , 4)  (51.7265 , 2)  (50.722 , 7)  (47.814 , 5)  (47.5024 , 1)  (47.0279 , 9)  
(89.4714 , 4)  (60.3302 , 9)  (58.06 , 6)  (57.1324 , 2)  (55.571 , 1)  (53.3554 , 7)  (52.4991 , 3)  (46.6203 , 5)  (39.2388 , 8)  
(107.725 , 6)  (59.1152 , 4)  (54.6085 , 7)  (54.2345 , 5)  (51.2955 , 9)  (50.9983 , 3)  (50.1191 , 1)  (46.7343 , 2)  (43.7807 , 8)  
(102.298 , 1)  (54.0235 , 9)  (53.2618 , 7)  (52.6654 , 3)  (52.4998 , 6)  (52.3679 , 8)  (50.8286 , 5)  (45.4237 , 2)  (45.3226 , 4)  
(104.087 , 7)  (60.1874 , 6)  (57.1014 , 2)  (52.5392 , 1)  (48.9037 , 5)  (48.2356 , 9)  (45.6823 , 3)  (43.9522 , 4)  (39.8908 , 8)  
(104 , 5)  (61.593 , 7)  (53.2612 , 2)  (49.7386 , 6)  (49.4914 , 1)  (49.4322 , 3)  (45.484 , 9)  (43.5 , 8)  (40.5625 , 4)  
(105.123 , 2)  (56.6419 , 8)  (53.8304 , 4)  (51.7978 , 3)  (51.6382 , 7)  (50.439 , 1)  (49.7318 , 9)  (48.3798 , 6)  (44.207 , 5)  
