 -------------------694------------
(98.4462 , 1)  (62.003 , 7)  (55.6128 , 3)  (54.155 , 8)  (50.6292 , 4)  (49.3466 , 6)  (47.5668 , 2)  (44.4527 , 5)  (43.97 , 9)  
(84.2252 , 8)  (65.2499 , 7)  (55.9904 , 6)  (55.7515 , 2)  (55.098 , 5)  (51.7077 , 9)  (50.2445 , 4)  (45.8869 , 3)  (44.7886 , 1)  
(83.8097 , 5)  (64.0309 , 8)  (62.2652 , 4)  (58.7422 , 3)  (57.3568 , 1)  (54.5892 , 6)  (52.6024 , 7)  (43.5728 , 9)  (32.6687 , 2)  
(102.966 , 2)  (56.1528 , 9)  (55.1797 , 3)  (53.2479 , 1)  (50.4722 , 5)  (50.0648 , 8)  (47.1585 , 6)  (44.9284 , 4)  (41.5385 , 7)  
(100.077 , 3)  (60.3637 , 1)  (55.2296 , 9)  (55.2021 , 7)  (55.1624 , 6)  (48.5057 , 2)  (47.4513 , 8)  (43.4114 , 4)  (39.9745 , 5)  
(97.4369 , 9)  (59.8193 , 6)  (56.3952 , 3)  (54.1796 , 4)  (53.296 , 7)  (45.8639 , 2)  (45.8465 , 8)  (44.5913 , 5)  (43.6884 , 1)  
(94.194 , 7)  (63.3469 , 9)  (55.5392 , 3)  (55.4059 , 1)  (53.5777 , 6)  (53.027 , 2)  (48.291 , 5)  (41.9645 , 4)  (37.4891 , 8)  
(101.817 , 4)  (60.4648 , 6)  (58.5677 , 1)  (57.9747 , 9)  (48.0606 , 7)  (47.2177 , 5)  (45.8904 , 8)  (44.8126 , 2)  (40.2533 , 3)  
(103.962 , 6)  (57.4155 , 3)  (54.3872 , 2)  (53.9603 , 4)  (52.5188 , 9)  (51.1741 , 1)  (47.8585 , 5)  (46.6056 , 7)  (41.6817 , 8)  
