 -------------------272------------
(103.11 , 5)  (67.8161 , 8)  (66.7215 , 2)  (49.17 , 1)  (48.6372 , 6)  (46.5663 , 3)  (45.1609 , 9)  (42.2046 , 4)  (40.5984 , 7)  
(95.8873 , 8)  (70.9929 , 6)  (55.8956 , 2)  (54.2127 , 9)  (53.8178 , 3)  (52.4219 , 7)  (47.0209 , 5)  (45.6829 , 1)  (36.8369 , 4)  
(102.065 , 1)  (68.4676 , 7)  (51.4004 , 4)  (51.2436 , 5)  (50.5243 , 2)  (50.1599 , 6)  (47.6714 , 3)  (47.0428 , 9)  (39.6988 , 8)  
(95.4155 , 6)  (56.5199 , 3)  (55.9312 , 9)  (55.5819 , 5)  (50.6449 , 1)  (48.9173 , 4)  (47.2311 , 7)  (41.9928 , 8)  (34.8749 , 2)  
(95.4432 , 3)  (67.9058 , 7)  (59.8019 , 2)  (56.6365 , 6)  (52.5048 , 9)  (49.5664 , 1)  (45.5158 , 8)  (44.5812 , 5)  (40.6766 , 4)  
(104.037 , 2)  (58.1922 , 9)  (57.9613 , 7)  (56.3158 , 6)  (52.9027 , 5)  (48.5672 , 3)  (46.7207 , 1)  (42.7506 , 4)  (41.4944 , 8)  
(105.621 , 7)  (56.5833 , 9)  (51.9748 , 2)  (50.6179 , 1)  (50.4779 , 6)  (49.2508 , 4)  (48.6045 , 3)  (47.8338 , 8)  (41.0595 , 5)  
(88.3707 , 4)  (59.4785 , 8)  (57.7526 , 6)  (52.554 , 7)  (50.6916 , 5)  (49.5156 , 9)  (49.0907 , 2)  (48.8881 , 1)  (44.0418 , 3)  
(88.1891 , 9)  (65.6533 , 4)  (61.5726 , 7)  (58.4916 , 3)  (50.3664 , 5)  (49.7507 , 6)  (47.3025 , 2)  (39.7894 , 1)  (37.7347 , 8)  
