 -------------------379------------
(102.404 , 3)  (55.6866 , 5)  (54.8575 , 8)  (53.8668 , 7)  (51.1785 , 2)  (50.8634 , 6)  (50.4362 , 4)  (43.4534 , 9)  (43.1325 , 1)  
(79.0485 , 6)  (68.495 , 9)  (60.0827 , 2)  (58.0839 , 4)  (55.1254 , 8)  (54.4117 , 7)  (51.3182 , 5)  (41.8443 , 3)  (41.5112 , 1)  
(98.5981 , 1)  (69.309 , 2)  (55.8938 , 4)  (51.3019 , 9)  (46.4935 , 8)  (46.2819 , 3)  (46.0687 , 7)  (45.9156 , 5)  (38.4654 , 6)  
(95.5739 , 8)  (62.3414 , 6)  (56.1506 , 2)  (55.853 , 7)  (54.9291 , 9)  (52.9524 , 5)  (45.5134 , 4)  (45.3236 , 1)  (45.2793 , 3)  
(104.464 , 4)  (61.2888 , 2)  (61.2203 , 7)  (53.0662 , 6)  (52.1953 , 9)  (49.7985 , 5)  (43.9667 , 1)  (42.586 , 3)  (38.3911 , 8)  
(102.073 , 5)  (60.6047 , 8)  (54.1722 , 4)  (53.8584 , 3)  (53.5304 , 9)  (46.7473 , 1)  (45.841 , 6)  (44.2551 , 7)  (38.9781 , 2)  
(98.2621 , 7)  (63.2134 , 1)  (61.2488 , 2)  (56.5183 , 6)  (49.2874 , 8)  (48.9905 , 5)  (48.8212 , 9)  (43.6428 , 3)  (39.5548 , 4)  
(76.2332 , 7)  (75.9305 , 9)  (69.0517 , 1)  (58.4871 , 8)  (52.8762 , 6)  (51.2229 , 2)  (46.0721 , 5)  (42.7756 , 3)  (37.3956 , 4)  
(101.183 , 2)  (61.0123 , 6)  (59.9644 , 9)  (59.5954 , 3)  (55.0894 , 1)  (48.8169 , 8)  (43.9569 , 7)  (40.6246 , 5)  (35.7752 , 4)  
