 -------------------713------------
(96.8912 , 2)  (76.16 , 4)  (62.2456 , 7)  (54.4128 , 9)  (54.2605 , 3)  (52.7888 , 5)  (45.5847 , 8)  (43.9947 , 6)  (43.4927 , 1)  
(95.8794 , 7)  (63.8342 , 1)  (60.8776 , 2)  (59.5189 , 3)  (50.7441 , 6)  (50.3847 , 9)  (48.6303 , 4)  (47.3253 , 8)  (44.9196 , 5)  
(78.8911 , 3)  (71.6218 , 7)  (67.8279 , 9)  (54.0753 , 1)  (52.7985 , 4)  (49.245 , 6)  (46.7979 , 8)  (44.8893 , 5)  (40.8851 , 2)  
(95.2613 , 4)  (61.8265 , 1)  (59.2945 , 6)  (58.593 , 7)  (56.8422 , 9)  (51.5791 , 2)  (49.6986 , 8)  (44.9216 , 3)  (44.5272 , 5)  
(97.1002 , 8)  (62.1161 , 2)  (56.886 , 9)  (56.6912 , 6)  (54.0803 , 5)  (52.5676 , 1)  (47.3239 , 4)  (46.3355 , 7)  (42.0359 , 3)  
(101.518 , 9)  (57.739 , 7)  (56.8469 , 6)  (55.6081 , 2)  (48.0485 , 3)  (47.3612 , 1)  (47.3242 , 8)  (42.6534 , 4)  (41.9769 , 5)  
(103.101 , 1)  (61.5724 , 6)  (56.7213 , 7)  (56.0434 , 2)  (55.0361 , 5)  (44.9985 , 9)  (43.5779 , 4)  (42.283 , 3)  (42.0856 , 8)  
(103.186 , 6)  (53.2751 , 7)  (53.026 , 8)  (52.4436 , 1)  (52.2394 , 9)  (51.3046 , 4)  (49.2475 , 2)  (48.3643 , 5)  (42.4529 , 3)  
(93.0836 , 5)  (63.529 , 9)  (61.5816 , 6)  (61.0815 , 3)  (54.2856 , 8)  (53.6407 , 2)  (50.4528 , 7)  (47.6389 , 1)  (39.2382 , 4)  
