 -------------------119------------
(106.428 , 6)  (59.2069 , 3)  (54.9676 , 2)  (51.5191 , 4)  (51.0791 , 8)  (48.5794 , 7)  (47.0441 , 1)  (46.4706 , 9)  (38.5787 , 5)  
(93.4535 , 9)  (57.49 , 7)  (57.2013 , 4)  (52.8862 , 8)  (52.2353 , 3)  (51.4171 , 6)  (51.0544 , 1)  (50.927 , 5)  (49.0706 , 2)  
(99.7692 , 1)  (58.0507 , 3)  (57.441 , 9)  (56.689 , 7)  (53.0737 , 8)  (47.6899 , 6)  (46.8231 , 4)  (44.9531 , 5)  (44.2313 , 2)  
(98.9239 , 3)  (59.4874 , 1)  (57.9596 , 7)  (49.7224 , 2)  (49.4104 , 5)  (47.3473 , 6)  (46.8012 , 8)  (46.7958 , 9)  (43.3141 , 4)  
(93.2881 , 5)  (57.1238 , 3)  (54.6233 , 7)  (52.0794 , 1)  (50.1132 , 8)  (49.0476 , 4)  (48.3522 , 9)  (45.2323 , 2)  (44.6596 , 6)  
(71.9123 , 7)  (71.2457 , 9)  (55.9283 , 6)  (55.0261 , 4)  (54.6461 , 1)  (54.356 , 3)  (50.5882 , 5)  (50.2874 , 2)  (42.8978 , 8)  
(91.7448 , 8)  (66.755 , 2)  (64.3227 , 7)  (62.3806 , 6)  (51.7654 , 3)  (50.2475 , 1)  (48.4908 , 4)  (38.6969 , 9)  (38.5597 , 5)  
(91.6938 , 2)  (72.3602 , 7)  (67.8015 , 6)  (55.5506 , 8)  (51.8224 , 9)  (51.4178 , 3)  (44.5685 , 5)  (41.4383 , 1)  (36.2725 , 4)  
(86.1339 , 4)  (65.1882 , 9)  (63.4944 , 2)  (60.6785 , 1)  (57.0696 , 5)  (54.2636 , 8)  (53.7889 , 6)  (52.065 , 7)  (37.9466 , 3)  
