 -------------------403------------
(103.6 , 3)  (59.8061 , 2)  (54.1949 , 7)  (51.3013 , 5)  (51.1248 , 6)  (51.0248 , 4)  (49.2716 , 9)  (46.5974 , 8)  (42.2377 , 1)  
(82.6132 , 6)  (68.1705 , 9)  (60.7091 , 8)  (56.5297 , 4)  (52.7518 , 7)  (51.0494 , 2)  (46.7555 , 1)  (45.4948 , 3)  (41.3193 , 5)  
(96.7387 , 1)  (74.3345 , 2)  (55.4939 , 9)  (51.9344 , 7)  (49.8036 , 4)  (47.3593 , 8)  (43.6015 , 5)  (40.648 , 6)  (39.406 , 3)  
(98.1572 , 8)  (57.333 , 6)  (55.6123 , 2)  (52.1325 , 5)  (51.7692 , 7)  (50.3529 , 9)  (50.275 , 4)  (49.1776 , 1)  (46.8281 , 3)  
(108.445 , 4)  (59.5749 , 7)  (57.4841 , 2)  (48.1843 , 3)  (46.5245 , 6)  (45.8156 , 9)  (45.3205 , 5)  (44.2336 , 8)  (41.6709 , 1)  
(100.53 , 5)  (59.2036 , 3)  (56.1315 , 9)  (54.2725 , 4)  (51.945 , 6)  (49.2726 , 8)  (46.4299 , 2)  (45.82 , 1)  (40.6889 , 7)  
(98.3331 , 7)  (59.3468 , 2)  (58.6468 , 1)  (58.5615 , 6)  (53.8294 , 8)  (47.8436 , 9)  (47.5582 , 5)  (46.7896 , 3)  (39.3474 , 4)  
(80.6483 , 7)  (73.2418 , 9)  (67.0317 , 1)  (61.1932 , 8)  (51.9913 , 6)  (48.227 , 2)  (44.6337 , 3)  (41.1816 , 5)  (40.1402 , 4)  
(100.115 , 2)  (63.4908 , 3)  (57.9849 , 6)  (57.4361 , 9)  (57.4314 , 1)  (45.4144 , 8)  (43.3995 , 5)  (41.5558 , 7)  (39.1035 , 4)  
