 -------------------18------------
(103.797 , 6)  (61.6734 , 2)  (59.3177 , 5)  (53.5413 , 7)  (48.0918 , 4)  (47.2949 , 3)  (45.4869 , 8)  (42.0693 , 9)  (40.6072 , 1)  
(97.1397 , 7)  (68.524 , 3)  (57.5004 , 8)  (53.0585 , 6)  (52.3146 , 2)  (52.2369 , 5)  (47.2743 , 4)  (46.8068 , 1)  (33.2166 , 9)  
(100.637 , 5)  (65.0756 , 3)  (53.2867 , 7)  (51.3714 , 8)  (51.3198 , 4)  (50.856 , 6)  (48.9465 , 2)  (41.8586 , 1)  (39.0951 , 9)  
(70.7273 , 2)  (68.7631 , 4)  (65.4806 , 8)  (61.058 , 3)  (56.437 , 1)  (54.4443 , 6)  (52.8903 , 7)  (48.5863 , 9)  (47.9811 , 5)  
(100.757 , 9)  (59.9544 , 6)  (54.0815 , 7)  (51.1237 , 2)  (51.1211 , 3)  (49.2034 , 4)  (47.9349 , 1)  (45.7166 , 8)  (43.0896 , 5)  
(94.7017 , 3)  (77.3958 , 5)  (59.3876 , 2)  (51.4514 , 6)  (48.2585 , 4)  (46.6648 , 8)  (45.533 , 1)  (45.0258 , 9)  (42.1378 , 7)  
(96.2874 , 1)  (61.7566 , 7)  (60.6394 , 5)  (59.7502 , 6)  (57.6369 , 2)  (51.2065 , 9)  (43.3995 , 4)  (43.0823 , 3)  (42.5703 , 8)  
(100.218 , 8)  (65.2823 , 2)  (59.3016 , 7)  (56.3965 , 9)  (56.2559 , 1)  (53.9846 , 6)  (49.7574 , 5)  (41.9352 , 3)  (39.4589 , 4)  
(103.42 , 4)  (63.1006 , 2)  (55.2727 , 6)  (52.7971 , 9)  (52.44 , 1)  (50.6979 , 8)  (50.0489 , 3)  (44.4825 , 7)  (37.2875 , 5)  
