 -------------------269------------
(101.299 , 5)  (70.8683 , 9)  (61.3178 , 4)  (52.8258 , 6)  (47.3294 , 1)  (43.8373 , 7)  (42.6166 , 2)  (41.4877 , 8)  (40.736 , 3)  
(107.828 , 6)  (52.9962 , 3)  (51.6484 , 2)  (51.1887 , 4)  (48.9464 , 7)  (48.0117 , 8)  (46.6569 , 9)  (45.9034 , 1)  (44.6746 , 5)  
(100.657 , 2)  (56.4864 , 9)  (52.8006 , 3)  (52.2642 , 7)  (50.319 , 5)  (49.6041 , 1)  (48.3342 , 6)  (47.3969 , 8)  (47.1221 , 4)  
(97.7029 , 9)  (57.4175 , 4)  (57.2648 , 7)  (54.1788 , 6)  (50.2844 , 1)  (47.2936 , 8)  (45.3564 , 3)  (43.5627 , 2)  (41.9552 , 5)  
(93.4525 , 3)  (64.6878 , 7)  (60.432 , 8)  (57.5539 , 6)  (57.3948 , 2)  (49.7902 , 1)  (46.7921 , 4)  (45.9298 , 5)  (40.1692 , 9)  
(96.9415 , 8)  (66.512 , 7)  (63.2115 , 9)  (58.4994 , 3)  (58.1411 , 6)  (52.1688 , 1)  (45.2262 , 2)  (39.7147 , 4)  (39.5533 , 5)  
(106.172 , 4)  (57.8565 , 6)  (57.2174 , 2)  (51.5085 , 1)  (49.858 , 8)  (49.1257 , 3)  (46.1348 , 7)  (43.9515 , 9)  (39.0965 , 5)  
(102.757 , 1)  (58.5364 , 7)  (58.1797 , 6)  (51.0145 , 2)  (49.1692 , 9)  (48.6019 , 5)  (48.4559 , 8)  (47.4599 , 4)  (44.6297 , 3)  
(107.514 , 7)  (59.9005 , 6)  (56.4375 , 3)  (55.0135 , 5)  (51.5612 , 1)  (49.7142 , 8)  (43.2412 , 4)  (35.4838 , 9)  (32.7839 , 2)  
