 -------------------252------------
(93.8915 , 1)  (79.5648 , 7)  (65.2247 , 4)  (56.3617 , 6)  (53.326 , 2)  (48.9701 , 3)  (44.996 , 5)  (35.8542 , 9)  (35.6771 , 8)  
(98.7067 , 4)  (68.9825 , 2)  (55.8894 , 1)  (55.8766 , 7)  (53.7959 , 5)  (49.5579 , 3)  (48.8273 , 6)  (48.1275 , 9)  (38.7523 , 8)  
(98.7495 , 9)  (58.3698 , 4)  (56.5381 , 6)  (52.2651 , 7)  (50.3936 , 8)  (48.8954 , 1)  (47.815 , 3)  (42.8397 , 5)  (42.5473 , 2)  
(90.9914 , 5)  (69.6873 , 9)  (58.9868 , 3)  (53.4804 , 1)  (52.7324 , 6)  (52.3288 , 8)  (46.2831 , 7)  (43.2211 , 4)  (41.9897 , 2)  
(107.483 , 3)  (53.2606 , 6)  (50.9588 , 1)  (50.1274 , 2)  (48.8228 , 5)  (47.7933 , 9)  (47.1063 , 7)  (43.1526 , 4)  (39.6021 , 8)  
(103.75 , 8)  (65.9543 , 6)  (54.4456 , 7)  (53.4407 , 9)  (51.4501 , 1)  (48.7674 , 3)  (44.3694 , 4)  (43.8264 , 2)  (41.665 , 5)  
(89.2859 , 7)  (69.6625 , 8)  (64.192 , 2)  (59.945 , 1)  (55.1097 , 3)  (49.9966 , 5)  (49.9205 , 6)  (42.8057 , 9)  (42.6459 , 4)  
(99.7918 , 2)  (69.6499 , 3)  (62.9055 , 8)  (57.8013 , 9)  (53.0784 , 6)  (52.1808 , 1)  (46.6015 , 4)  (41.4585 , 5)  (38.031 , 7)  
(96.1852 , 6)  (72.8404 , 2)  (60.6828 , 5)  (58.7859 , 8)  (50.0594 , 1)  (49.5364 , 7)  (48.1314 , 4)  (46.2252 , 3)  (39.1444 , 9)  
