 -------------------45------------
(98.2578 , 6)  (71.3138 , 8)  (57.5341 , 3)  (54.2147 , 2)  (52.4294 , 5)  (52.3472 , 7)  (52.3243 , 4)  (49.3629 , 1)  (33.5138 , 9)  
(97.2079 , 8)  (59.7755 , 9)  (57.1053 , 6)  (54.0134 , 1)  (53.5046 , 2)  (52.5203 , 3)  (52.0201 , 7)  (45.8838 , 4)  (39.3561 , 5)  
(88.5061 , 9)  (63.5595 , 6)  (60.664 , 2)  (56.8568 , 8)  (50.8017 , 7)  (50.7428 , 5)  (48.1528 , 1)  (46.9888 , 4)  (38.1152 , 3)  
(95.7587 , 3)  (67.308 , 7)  (55.2561 , 2)  (52.6414 , 6)  (52.5474 , 8)  (51.2632 , 9)  (49.0672 , 1)  (46.5544 , 5)  (43.0544 , 4)  
(106.418 , 7)  (53.1674 , 8)  (51.4967 , 6)  (51.24 , 2)  (50.8256 , 5)  (49.8866 , 1)  (47.4475 , 4)  (46.7628 , 9)  (43.9867 , 3)  
(105.964 , 1)  (56.5009 , 7)  (51.2262 , 3)  (48.1928 , 6)  (47.9271 , 8)  (47.643 , 9)  (46.2054 , 4)  (46.1426 , 5)  (41.2619 , 2)  
(101.878 , 5)  (65.5103 , 3)  (60.7939 , 6)  (58.306 , 1)  (46.3565 , 7)  (45.1058 , 9)  (42.8207 , 2)  (42.761 , 4)  (39.8689 , 8)  
(106.133 , 2)  (57.0899 , 9)  (51.5287 , 7)  (50.2778 , 8)  (50.0228 , 1)  (49.6831 , 3)  (49.5062 , 6)  (48.1431 , 5)  (45.6745 , 4)  
(100.005 , 4)  (63.923 , 9)  (58.621 , 1)  (55.3318 , 7)  (54.612 , 6)  (51.308 , 5)  (46.9399 , 2)  (42.533 , 3)  (41.1073 , 8)  
