 -------------------683------------
(96.311 , 1)  (59.2627 , 3)  (57.2195 , 6)  (55.1978 , 7)  (54.9085 , 8)  (49.803 , 2)  (49.3028 , 9)  (46.5588 , 5)  (41.2652 , 4)  
(90.1767 , 8)  (57.1641 , 7)  (55.0226 , 3)  (53.4073 , 5)  (53.1412 , 2)  (51.3725 , 6)  (50.2612 , 4)  (48.371 , 9)  (48.1401 , 1)  
(81.706 , 5)  (61.5717 , 8)  (60.7751 , 1)  (59.5068 , 4)  (56.7985 , 6)  (54.8636 , 3)  (50.8867 , 7)  (49.5245 , 9)  (39.1076 , 2)  
(101.8 , 2)  (61.3812 , 3)  (55.7538 , 1)  (55.6821 , 9)  (52.551 , 5)  (49.7693 , 8)  (47.6842 , 4)  (42.9783 , 6)  (39.9629 , 7)  
(101.474 , 3)  (58.5995 , 1)  (55.725 , 9)  (54.3769 , 6)  (53.6872 , 7)  (49.171 , 2)  (43.3181 , 4)  (42.2737 , 5)  (39.9909 , 8)  
(98.58 , 9)  (59.9697 , 6)  (53.3839 , 7)  (50.2321 , 3)  (49.2602 , 4)  (48.9647 , 2)  (46.6434 , 8)  (46.2255 , 5)  (43.9547 , 1)  
(94.3136 , 7)  (63.7498 , 9)  (55.4763 , 6)  (54.6567 , 1)  (54.2532 , 3)  (52.4788 , 2)  (47.9019 , 5)  (43.1703 , 4)  (37.2059 , 8)  
(98.464 , 4)  (62.2956 , 9)  (62.2054 , 6)  (58.4717 , 1)  (53.0224 , 7)  (49.1507 , 5)  (47.104 , 2)  (43.8321 , 8)  (37.1284 , 3)  
(102.752 , 6)  (59.4022 , 3)  (57.1712 , 4)  (57.0782 , 2)  (51.1441 , 1)  (49.9432 , 8)  (49.3537 , 7)  (48.0992 , 9)  (44.0053 , 5)  
