 -------------------155------------
(95.3592 , 9)  (59.4739 , 7)  (59.1582 , 6)  (54.1833 , 4)  (52.5477 , 1)  (50.8833 , 8)  (50.6721 , 2)  (50.2683 , 3)  (37.9571 , 5)  
(105.137 , 7)  (56.5237 , 3)  (52.5788 , 6)  (51.9718 , 1)  (51.1259 , 4)  (50.6868 , 5)  (49.9506 , 8)  (44.4792 , 2)  (42.6993 , 9)  
(104.882 , 2)  (58.7347 , 9)  (53.7584 , 8)  (52.9081 , 1)  (52.395 , 5)  (51.1609 , 4)  (50.3848 , 3)  (50.2101 , 6)  (37.9518 , 7)  
(95.058 , 8)  (75.8301 , 5)  (55.9861 , 9)  (53.842 , 6)  (52.7548 , 3)  (50.8208 , 1)  (50.3696 , 4)  (49.4936 , 2)  (40.5912 , 7)  
(97.49 , 3)  (66.6175 , 2)  (60.0397 , 9)  (59.3175 , 7)  (51.3007 , 6)  (50.1215 , 1)  (49.6154 , 4)  (45.9369 , 5)  (40.3798 , 8)  
(90.4377 , 6)  (65.0915 , 5)  (64.9641 , 8)  (53.2927 , 1)  (52.6225 , 7)  (52.2514 , 3)  (50.7534 , 2)  (45.6282 , 9)  (40.5202 , 4)  
(103.257 , 1)  (63.6097 , 7)  (50.2753 , 4)  (49.0973 , 6)  (48.5557 , 9)  (47.5141 , 5)  (47.2953 , 2)  (47.1443 , 3)  (45.3642 , 8)  
(99.1433 , 4)  (67.2689 , 2)  (59.3848 , 6)  (55.8874 , 1)  (54.8385 , 8)  (52.5777 , 7)  (46.8162 , 5)  (39.9733 , 3)  (38.8968 , 9)  
(88.8907 , 5)  (57.9233 , 6)  (56.3799 , 9)  (55.978 , 3)  (55.7076 , 7)  (54.7091 , 1)  (46.1391 , 2)  (43.1311 , 8)  (39.7431 , 4)  
