 -------------------573------------
(92.2796 , 4)  (77.7407 , 6)  (69.292 , 9)  (55.0433 , 1)  (50.9188 , 7)  (49.9675 , 3)  (48.0823 , 2)  (40.1081 , 5)  (38.4488 , 8)  
(102.417 , 5)  (61.1095 , 4)  (60.8758 , 8)  (49.8355 , 1)  (44.9924 , 7)  (44.6882 , 9)  (43.0895 , 2)  (43.0485 , 3)  (42.444 , 6)  
(89.1008 , 9)  (66.2459 , 4)  (57.0277 , 2)  (57.0203 , 5)  (54.0855 , 7)  (47.3937 , 6)  (45.5638 , 3)  (41.3633 , 1)  (34.9075 , 8)  
(104.02 , 1)  (59.7292 , 7)  (50.4894 , 2)  (49.9435 , 6)  (47.1494 , 8)  (47.0096 , 5)  (46.8776 , 4)  (45.9488 , 9)  (45.2605 , 3)  
(88.4234 , 6)  (68.7615 , 5)  (60.7805 , 8)  (58.8085 , 1)  (56.7052 , 9)  (55.0112 , 7)  (54.8297 , 2)  (35.7042 , 4)  (30.2971 , 3)  
(100.29 , 8)  (59.9714 , 2)  (54.2586 , 1)  (53.3697 , 7)  (52.4457 , 6)  (50.1097 , 4)  (48.7865 , 3)  (48.428 , 5)  (46.189 , 9)  
(93.1101 , 2)  (82.2838 , 7)  (53.058 , 6)  (51.6165 , 3)  (48.9388 , 5)  (47.1534 , 4)  (46.1717 , 1)  (43.1918 , 9)  (41.7309 , 8)  
(76.8156 , 7)  (73.1234 , 3)  (67.6315 , 9)  (59.3966 , 2)  (56.6309 , 1)  (53.3882 , 6)  (49.6383 , 8)  (49.5232 , 4)  (35.9165 , 5)  
(107.062 , 3)  (54.8195 , 7)  (51.8645 , 1)  (51.2024 , 6)  (50.7089 , 2)  (50.1965 , 4)  (48.233 , 5)  (44.228 , 9)  (43.0493 , 8)  
