 -------------------443------------
(87.3092 , 8)  (70.2825 , 2)  (65.205 , 9)  (54.7637 , 6)  (53.9335 , 7)  (49.5829 , 1)  (44.7877 , 5)  (43.323 , 4)  (42.3459 , 3)  
(99.3351 , 7)  (66.1074 , 2)  (56.3785 , 1)  (53.59 , 3)  (53.4224 , 6)  (52.5306 , 8)  (50.4737 , 4)  (47.0317 , 9)  (45.9107 , 5)  
(104.828 , 4)  (58.1889 , 2)  (52.24 , 8)  (51.983 , 9)  (51.9341 , 1)  (51.5565 , 6)  (48.2783 , 5)  (44.7116 , 7)  (38.8807 , 3)  
(108.884 , 2)  (54.2595 , 5)  (52.2506 , 6)  (50.3122 , 9)  (49.4182 , 1)  (48.8968 , 7)  (47.5762 , 8)  (47.3871 , 4)  (40.4252 , 3)  
(105.812 , 1)  (57.4871 , 4)  (53.0592 , 6)  (50.893 , 3)  (50.4873 , 7)  (49.4161 , 2)  (47.9082 , 5)  (45.5283 , 8)  (43.3768 , 9)  
(98.7745 , 9)  (54.269 , 7)  (53.9841 , 5)  (52.5349 , 6)  (52.3043 , 4)  (52.0292 , 3)  (49.4652 , 8)  (48.611 , 1)  (43.8813 , 2)  
(95.1615 , 3)  (60.8897 , 2)  (59.1252 , 1)  (58.3391 , 9)  (54.5797 , 7)  (54.519 , 6)  (54.1368 , 8)  (47.7169 , 5)  (39.3375 , 4)  
(93.394 , 5)  (60.8698 , 7)  (59.0774 , 6)  (56.4932 , 3)  (52.1939 , 9)  (49.5213 , 1)  (48.6759 , 8)  (42.8751 , 2)  (41.5053 , 4)  
(101.842 , 6)  (58.4141 , 9)  (54.704 , 2)  (54.5909 , 8)  (53.9989 , 4)  (51.8712 , 3)  (50.4843 , 1)  (47.0389 , 7)  (44.1946 , 5)  
