 -------------------138------------
(107.692 , 6)  (56.5154 , 3)  (55.6847 , 2)  (51.8948 , 7)  (50.395 , 8)  (45.9354 , 4)  (44.2089 , 1)  (42.9789 , 9)  (40.0615 , 5)  
(97.3739 , 9)  (57.5727 , 4)  (54.3879 , 7)  (53.8304 , 5)  (51.3844 , 6)  (51.0122 , 1)  (49.9881 , 8)  (46.8988 , 2)  (44.1813 , 3)  
(98.7778 , 1)  (54.9267 , 7)  (54.3777 , 9)  (53.4721 , 8)  (50.8733 , 6)  (49.8618 , 3)  (49.1258 , 5)  (48.4232 , 4)  (46.0617 , 2)  
(101.753 , 3)  (59.681 , 1)  (54.052 , 7)  (49.0218 , 5)  (48.7121 , 2)  (47.8672 , 6)  (45.5916 , 4)  (45.4652 , 8)  (43.562 , 9)  
(95.5126 , 5)  (58.6293 , 3)  (55.2809 , 9)  (54.5995 , 8)  (53.0911 , 7)  (50.6049 , 6)  (50.5355 , 1)  (45.8249 , 4)  (42.5903 , 2)  
(74.9753 , 7)  (69.8761 , 9)  (61.1619 , 4)  (56.1292 , 3)  (54.0952 , 1)  (54.0706 , 6)  (48.2809 , 5)  (47.4963 , 2)  (45.0902 , 8)  
(89.55 , 8)  (67.6362 , 2)  (62.8206 , 7)  (59.9563 , 6)  (55.417 , 3)  (51.2732 , 4)  (48.6801 , 1)  (37.7403 , 5)  (36.0478 , 9)  
(91.0628 , 2)  (76.2296 , 7)  (64.6546 , 6)  (58.3566 , 8)  (46.1596 , 5)  (46.0365 , 9)  (44.1421 , 3)  (40.575 , 1)  (39.5495 , 4)  
(92.1041 , 4)  (64.8234 , 2)  (60.2969 , 1)  (60.1778 , 9)  (54.8416 , 5)  (52.7987 , 8)  (52.6286 , 7)  (51.2323 , 6)  (38.1682 , 3)  
