 -------------------975------------
(90.7139 , 1)  (65.4859 , 7)  (62.3117 , 4)  (59.8244 , 6)  (52.5082 , 5)  (51.8671 , 2)  (50.3486 , 3)  (44.4655 , 8)  (41.9741 , 9)  
(90.5963 , 2)  (78.6419 , 1)  (59.3666 , 4)  (53.1283 , 3)  (50.1402 , 7)  (48.1228 , 8)  (46.2861 , 9)  (45.6551 , 6)  (40.6531 , 5)  
(95.4387 , 6)  (75.4875 , 8)  (68.5809 , 5)  (58.6473 , 3)  (52.6676 , 7)  (51.616 , 4)  (49.1581 , 1)  (39.2556 , 2)  (31.7979 , 9)  
(100.652 , 3)  (56.6329 , 7)  (56.593 , 6)  (55.1271 , 9)  (54.1115 , 1)  (50.9549 , 8)  (48.0621 , 2)  (42.6758 , 4)  (41.1089 , 5)  
(97.7656 , 8)  (63.9118 , 1)  (55.9253 , 7)  (53.7219 , 3)  (51.9879 , 9)  (51.6793 , 5)  (50.3845 , 6)  (45.0165 , 4)  (44.9159 , 2)  
(105.006 , 5)  (58.4639 , 9)  (54.678 , 3)  (53.9535 , 6)  (51.5496 , 7)  (49.5224 , 2)  (49.117 , 1)  (46.8236 , 4)  (40.5746 , 8)  
(98.6273 , 4)  (60.3091 , 6)  (60.1483 , 7)  (56.4688 , 1)  (50.7973 , 5)  (50.7775 , 9)  (48.0769 , 3)  (46.2161 , 2)  (43.1673 , 8)  
(99.5567 , 9)  (55.0016 , 6)  (54.1091 , 7)  (51.4663 , 3)  (51.3326 , 1)  (50.0725 , 2)  (49.3373 , 4)  (48.1438 , 5)  (36.1947 , 8)  
(99.47 , 7)  (62.0744 , 1)  (56.9582 , 8)  (53.0647 , 3)  (50.7398 , 2)  (46.1731 , 5)  (45.5034 , 6)  (44.032 , 4)  (38.9496 , 9)  
