 -------------------549------------
(103.967 , 4)  (58.9719 , 6)  (56.8605 , 1)  (53.5588 , 7)  (50.462 , 9)  (50.2092 , 2)  (49.9279 , 5)  (41.6448 , 3)  (37.7869 , 8)  
(99.6551 , 7)  (76.1823 , 9)  (62.4439 , 2)  (59.5985 , 6)  (59.206 , 1)  (48.2158 , 4)  (45.2198 , 5)  (37.7381 , 3)  (32.0453 , 8)  
(90.4359 , 2)  (75.2784 , 1)  (55.7049 , 7)  (55.4922 , 5)  (48.9842 , 9)  (46.9119 , 6)  (46.3798 , 4)  (44.8126 , 3)  (42.2242 , 8)  
(102.641 , 1)  (53.5776 , 9)  (52.9944 , 7)  (52.8508 , 4)  (52.4638 , 6)  (51.2693 , 2)  (50.8427 , 3)  (49.1013 , 5)  (49.06 , 8)  
(105.364 , 3)  (59.2968 , 2)  (55.6931 , 7)  (54.1493 , 1)  (51.7871 , 6)  (51.2185 , 9)  (49.6978 , 4)  (43.874 , 5)  (33.3134 , 8)  
(100.272 , 6)  (63.439 , 4)  (60.3031 , 1)  (59.5518 , 3)  (50.1731 , 2)  (45.7832 , 5)  (44.4882 , 9)  (44.1902 , 7)  (39.6248 , 8)  
(91.4342 , 8)  (68.9036 , 4)  (59.9088 , 9)  (57.7301 , 7)  (54.8572 , 3)  (52.0342 , 1)  (44.4146 , 6)  (43.6092 , 5)  (42.4801 , 2)  
(75.2842 , 9)  (68.7714 , 8)  (63.542 , 7)  (58.646 , 1)  (53.4508 , 6)  (52.8644 , 4)  (45.8745 , 3)  (44.8423 , 2)  (41.16 , 5)  
(90.8145 , 5)  (66.1629 , 3)  (61.0909 , 9)  (54.5157 , 6)  (54.4842 , 8)  (54.233 , 1)  (50.0294 , 7)  (48.3295 , 4)  (44.0188 , 2)  
