 -------------------175------------
(92.3303 , 8)  (65.9066 , 2)  (64.4958 , 3)  (62.8613 , 9)  (54.5635 , 6)  (54.2939 , 7)  (49.7113 , 4)  (45.7736 , 1)  (36.8303 , 5)  
(94.1255 , 3)  (71.3868 , 9)  (60.5328 , 2)  (57.1488 , 7)  (54.0023 , 1)  (50.8506 , 4)  (48.9635 , 6)  (48.9431 , 8)  (36.8296 , 5)  
(93.6208 , 9)  (65.8045 , 6)  (61.1173 , 5)  (58.1388 , 7)  (50.6687 , 1)  (50.6301 , 8)  (49.6043 , 4)  (45.0388 , 2)  (41.2307 , 3)  
(86.5576 , 5)  (82.5971 , 8)  (73.084 , 6)  (59.6185 , 3)  (44.963 , 1)  (44.4031 , 9)  (42.2621 , 2)  (42.2166 , 4)  (41.9084 , 7)  
(75.1239 , 4)  (63.4562 , 9)  (57.3305 , 6)  (56.2713 , 7)  (54.1521 , 1)  (52.581 , 5)  (52.1876 , 2)  (50.6517 , 8)  (45.3116 , 3)  
(93.157 , 6)  (62.7623 , 3)  (55.0034 , 5)  (53.732 , 7)  (50.8505 , 8)  (49.8952 , 1)  (45.1146 , 4)  (43.7923 , 9)  (41.4317 , 2)  
(106.166 , 7)  (56.6389 , 9)  (54.2145 , 6)  (50.4547 , 1)  (49.8276 , 5)  (47.1098 , 2)  (45.7537 , 3)  (44.3571 , 8)  (43.6272 , 4)  
(101.254 , 1)  (60.996 , 7)  (57.5359 , 4)  (49.7944 , 2)  (49.7125 , 6)  (48.2246 , 3)  (47.7371 , 5)  (46.0954 , 9)  (45.335 , 8)  
(105.28 , 2)  (71.4813 , 1)  (55.7048 , 9)  (52.6411 , 5)  (47.9753 , 6)  (47.8823 , 4)  (47.1585 , 8)  (43.6036 , 7)  (43.422 , 3)  
