 -------------------872------------
(101.742 , 2)  (64.7947 , 3)  (56.6442 , 1)  (50.9027 , 9)  (48.963 , 6)  (47.6588 , 7)  (47.5376 , 5)  (44.5689 , 4)  (41.8728 , 8)  
(95.4021 , 4)  (58.7015 , 6)  (54.7155 , 2)  (54.4496 , 7)  (51.5916 , 1)  (47.7436 , 3)  (46.4933 , 8)  (43.3867 , 5)  (34.5147 , 9)  
(101.604 , 5)  (59.1775 , 2)  (56.812 , 9)  (52.8708 , 7)  (51.9983 , 6)  (47.9199 , 8)  (46.4365 , 4)  (40.75 , 3)  (38.7371 , 1)  
(100.015 , 6)  (51.5595 , 2)  (51.3337 , 8)  (49.644 , 4)  (49.5141 , 5)  (49.0145 , 7)  (47.906 , 9)  (47.6021 , 1)  (42.8763 , 3)  
(104.181 , 1)  (64.9507 , 7)  (51.5909 , 2)  (49.6234 , 4)  (49.1136 , 3)  (49.0545 , 6)  (48.5478 , 5)  (44.0933 , 8)  (43.9551 , 9)  
(92.1818 , 9)  (61.8166 , 6)  (56.7652 , 7)  (54.1171 , 3)  (51.1855 , 2)  (48.9297 , 4)  (47.4311 , 1)  (45.9818 , 5)  (45.1309 , 8)  
(92.5287 , 8)  (65.4008 , 2)  (58.4355 , 4)  (53.0978 , 1)  (52.9324 , 9)  (51.4813 , 6)  (48.4501 , 7)  (47.4569 , 3)  (43.3625 , 5)  
(99.6669 , 7)  (65.3617 , 1)  (56.0541 , 3)  (54.9812 , 2)  (50.2152 , 6)  (50.1864 , 4)  (48.6745 , 9)  (48.535 , 8)  (44.5108 , 5)  
(98.8675 , 3)  (64.8634 , 8)  (58.2584 , 7)  (53.6533 , 1)  (53.1784 , 2)  (51.4869 , 4)  (51.3863 , 6)  (48.8983 , 5)  (37.6786 , 9)  
