 -------------------49------------
(98.274 , 6)  (71.6511 , 8)  (58.0454 , 3)  (54.4099 , 2)  (52.5065 , 4)  (52.3936 , 7)  (51.7129 , 5)  (49.5424 , 1)  (33.4426 , 9)  
(99.1794 , 8)  (59.9703 , 9)  (56.8379 , 6)  (54.4669 , 2)  (53.7688 , 1)  (52.7568 , 3)  (51.0547 , 7)  (47.6303 , 4)  (38.2111 , 5)  
(88.2504 , 9)  (62.9794 , 6)  (60.9776 , 2)  (56.9602 , 8)  (50.97 , 7)  (49.4376 , 5)  (48.7939 , 1)  (47.8501 , 4)  (38.4586 , 3)  
(94.764 , 3)  (68.4944 , 7)  (55.5724 , 2)  (53.298 , 8)  (52.113 , 9)  (52.004 , 6)  (49.4771 , 1)  (47.0075 , 5)  (43.2137 , 4)  
(106.489 , 7)  (52.5136 , 2)  (52.1983 , 8)  (51.6741 , 6)  (51.4897 , 5)  (49.6292 , 1)  (47.6664 , 4)  (45.7677 , 9)  (43.0612 , 3)  
(106.03 , 1)  (56.3628 , 7)  (51.3329 , 3)  (48.2238 , 6)  (47.5108 , 8)  (47.3072 , 9)  (46.3401 , 4)  (46.1698 , 5)  (41.6574 , 2)  
(103.616 , 5)  (66.9626 , 3)  (59.9811 , 1)  (55.9242 , 6)  (48.8443 , 7)  (43.1508 , 8)  (42.8369 , 2)  (42.3554 , 4)  (42.1748 , 9)  
(106.038 , 2)  (54.8285 , 7)  (53.7999 , 9)  (50.5843 , 6)  (50.4553 , 8)  (48.1671 , 3)  (47.93 , 1)  (47.2709 , 4)  (47.0146 , 5)  
(99.9124 , 4)  (63.6155 , 9)  (58.6785 , 1)  (56.3401 , 7)  (54.4701 , 6)  (51.7045 , 5)  (46.512 , 2)  (42.2811 , 3)  (41.4091 , 8)  
