 -------------------461------------
(106.462 , 7)  (59.5552 , 6)  (50.5698 , 1)  (49.7243 , 4)  (49.023 , 5)  (48.0141 , 8)  (46.5154 , 9)  (45.9992 , 3)  (44.6225 , 2)  
(99.6525 , 4)  (57.0766 , 2)  (56.971 , 7)  (54.2683 , 9)  (53.4098 , 6)  (53.3202 , 3)  (53.1545 , 1)  (53.0091 , 5)  (39.3305 , 8)  
(98.2396 , 6)  (61.2019 , 9)  (58.9234 , 4)  (58.4043 , 2)  (51.3452 , 8)  (46.6166 , 7)  (43.4976 , 3)  (41.8949 , 1)  (41.5188 , 5)  
(100.498 , 1)  (57.8622 , 2)  (56.9964 , 7)  (53.4445 , 6)  (52.4056 , 5)  (50.3921 , 9)  (48.8099 , 3)  (45.1064 , 8)  (42.0222 , 4)  
(71.8228 , 5)  (67.4203 , 9)  (60.0338 , 4)  (57.7482 , 6)  (54.7209 , 3)  (53.4495 , 8)  (51.1592 , 2)  (50.2112 , 1)  (45.5222 , 7)  
(95.8858 , 2)  (59.8136 , 3)  (58.0709 , 9)  (57.9707 , 7)  (51.697 , 8)  (49.5648 , 6)  (48.9357 , 5)  (47.992 , 1)  (44.9656 , 4)  
(107.17 , 8)  (56.3739 , 3)  (52.33 , 9)  (52.0465 , 4)  (49.7855 , 6)  (49.6808 , 7)  (48.7704 , 2)  (46.5548 , 5)  (46.3173 , 1)  
(86.6774 , 5)  (65.4455 , 6)  (65.0443 , 3)  (56.9633 , 1)  (56.2127 , 4)  (55.2856 , 8)  (45.8923 , 7)  (44.4693 , 9)  (37.4125 , 2)  
(100.699 , 3)  (59.2754 , 5)  (58.9463 , 6)  (56.5476 , 7)  (50.3888 , 9)  (50.2792 , 1)  (45.915 , 2)  (42.9825 , 4)  (42.5006 , 8)  
