 -------------------95------------
(96.2451 , 4)  (75.4098 , 7)  (62.2891 , 5)  (57.9277 , 2)  (49.3021 , 6)  (45.0786 , 3)  (43.0942 , 8)  (40.2753 , 1)  (36.7011 , 9)  
(93.1284 , 8)  (62.4156 , 1)  (56.2544 , 7)  (54.2039 , 4)  (53.6635 , 5)  (50.9166 , 3)  (50.504 , 2)  (43.9407 , 6)  (43.7173 , 9)  
(103.599 , 2)  (57.7266 , 1)  (54.0646 , 9)  (52.4535 , 3)  (51.3743 , 8)  (50.3761 , 4)  (47.7174 , 5)  (46.3416 , 6)  (46.0585 , 7)  
(107.226 , 7)  (55.7195 , 6)  (52.3977 , 9)  (50.3096 , 3)  (49.8692 , 5)  (48.5881 , 2)  (47.81 , 1)  (46.7813 , 4)  (43.9439 , 8)  
(98.1259 , 3)  (61.281 , 7)  (61.1046 , 2)  (59.2958 , 9)  (57.3081 , 6)  (55.1336 , 8)  (43.8079 , 5)  (43.5368 , 1)  (36.2722 , 4)  
(104.53 , 1)  (53.6771 , 9)  (52.3965 , 3)  (51.7269 , 6)  (51.3832 , 5)  (50.2136 , 7)  (48.432 , 8)  (45.0253 , 2)  (42.6892 , 4)  
(103.761 , 6)  (54.7698 , 7)  (54.6185 , 5)  (52.5047 , 9)  (50.841 , 2)  (47.1632 , 1)  (46.6789 , 8)  (44.157 , 4)  (43.3635 , 3)  
(95.2747 , 9)  (61.1185 , 7)  (59.5155 , 6)  (51.8984 , 3)  (51.0894 , 2)  (50.9185 , 8)  (45.927 , 5)  (44.3084 , 1)  (38.3569 , 4)  
(99.9847 , 5)  (59.4421 , 2)  (57.0903 , 6)  (50.1827 , 7)  (48.0954 , 8)  (47.8804 , 9)  (47.3961 , 4)  (45.5215 , 1)  (44.9204 , 3)  
