 -------------------630------------
(86.7252 , 8)  (70.4011 , 3)  (69.8677 , 2)  (63.1985 , 6)  (58.0069 , 5)  (57.9403 , 1)  (57.0272 , 7)  (41.7645 , 9)  (33.9108 , 4)  
(103.112 , 3)  (60.735 , 9)  (57.9222 , 7)  (52.1314 , 6)  (51.4648 , 8)  (50.7889 , 2)  (50.6162 , 1)  (48.4126 , 4)  (41.2418 , 5)  
(108.305 , 2)  (52.4481 , 5)  (51.9334 , 9)  (51.7309 , 7)  (50.4992 , 1)  (49.9465 , 3)  (48.0235 , 8)  (47.2202 , 4)  (43.9515 , 6)  
(89.4529 , 4)  (77.0323 , 9)  (57.6098 , 6)  (53.9957 , 7)  (49.0929 , 5)  (48.3254 , 1)  (45.2257 , 8)  (44.0927 , 3)  (41.4517 , 2)  
(104.082 , 7)  (57.0386 , 5)  (56.3965 , 6)  (52.4126 , 9)  (47.7608 , 1)  (45.7762 , 3)  (45.4641 , 4)  (45.4099 , 8)  (43.6405 , 2)  
(96.2485 , 6)  (53.7959 , 5)  (52.0947 , 8)  (49.2956 , 1)  (49.2442 , 9)  (49.1305 , 7)  (47.3618 , 4)  (46.1249 , 2)  (41.4386 , 3)  
(103.629 , 1)  (58.9734 , 3)  (54.0813 , 9)  (52.5898 , 7)  (51.1034 , 6)  (49.4468 , 4)  (49.4018 , 5)  (46.1909 , 2)  (44.418 , 8)  
(105.459 , 5)  (59.2774 , 3)  (56.9871 , 4)  (53.0333 , 6)  (52.0431 , 1)  (51.0772 , 2)  (48.5265 , 8)  (48.1096 , 7)  (35.9504 , 9)  
(96.1858 , 9)  (62.2724 , 6)  (57.4464 , 4)  (56.4629 , 7)  (52.3658 , 5)  (51.1796 , 2)  (49.6 , 8)  (49.3589 , 1)  (43.6182 , 3)  
