 -------------------672------------
(97.2779 , 1)  (55.4089 , 8)  (54.8656 , 7)  (53.7963 , 3)  (52.7694 , 6)  (51.7988 , 9)  (49.226 , 2)  (46.9701 , 5)  (42.6357 , 4)  
(90.4947 , 8)  (57.8473 , 7)  (57.2332 , 5)  (54.2642 , 3)  (53.0326 , 6)  (51.867 , 4)  (50.818 , 9)  (48.3999 , 2)  (46.3821 , 1)  
(84.1533 , 5)  (66.0993 , 8)  (60.0973 , 4)  (59.8783 , 3)  (58.0313 , 1)  (54.8533 , 6)  (53.5076 , 7)  (44.2469 , 9)  (32.3289 , 2)  
(102.532 , 2)  (67.0296 , 3)  (59.7192 , 1)  (53.1343 , 9)  (51.6664 , 5)  (48.4269 , 8)  (44.514 , 4)  (43.6606 , 6)  (38.1018 , 7)  
(103.553 , 3)  (57.1199 , 1)  (53.4594 , 7)  (52.8042 , 9)  (51.4338 , 4)  (49.3423 , 6)  (47.6258 , 2)  (43.9974 , 8)  (38.8816 , 5)  
(96.6925 , 9)  (59.2888 , 6)  (56.4488 , 4)  (55.6382 , 3)  (50.6879 , 7)  (48.4466 , 8)  (46.771 , 2)  (46.4921 , 1)  (43.7257 , 5)  
(93.7975 , 7)  (64.9367 , 9)  (56.1198 , 3)  (55.3299 , 1)  (51.8435 , 6)  (49.2421 , 2)  (46.706 , 5)  (45.5939 , 4)  (41.4423 , 8)  
(99.9061 , 4)  (62.4939 , 9)  (62.138 , 6)  (60.6304 , 1)  (48.544 , 5)  (46.7094 , 7)  (45.2244 , 2)  (44.6532 , 8)  (40.083 , 3)  
(103.62 , 6)  (56.1868 , 3)  (55.322 , 4)  (53.1465 , 2)  (51.5537 , 1)  (50.682 , 9)  (49.5475 , 7)  (48.5501 , 5)  (45.1057 , 8)  
