 -------------------706------------
(101.133 , 4)  (70.2301 , 6)  (61.4226 , 9)  (59.4306 , 2)  (56.4279 , 1)  (50.7967 , 5)  (48.6771 , 7)  (39.7331 , 3)  (34.0472 , 8)  
(94.8049 , 8)  (63.9323 , 1)  (58.653 , 3)  (55.4722 , 5)  (52.9598 , 4)  (52.7438 , 2)  (47.7191 , 7)  (47.3779 , 6)  (43.7388 , 9)  
(98.5195 , 2)  (59.5355 , 1)  (56.1972 , 3)  (53.484 , 9)  (53.3892 , 5)  (51.1097 , 4)  (49.2934 , 6)  (48.7449 , 7)  (47.0302 , 8)  
(104.106 , 3)  (56.9134 , 9)  (53.4318 , 7)  (53.1688 , 8)  (50.8738 , 1)  (49.1342 , 6)  (48.925 , 4)  (48.6193 , 5)  (48.1407 , 2)  
(107.356 , 7)  (54.4936 , 2)  (50.4428 , 3)  (49.0368 , 1)  (48.5402 , 8)  (48.332 , 6)  (46.6684 , 9)  (45.729 , 5)  (45.5706 , 4)  
(100.795 , 1)  (55.8548 , 7)  (52.013 , 9)  (49.9459 , 5)  (49.9018 , 6)  (49.8925 , 2)  (48.3825 , 3)  (45.5586 , 4)  (44.0767 , 8)  
(99.9617 , 5)  (67.3344 , 4)  (66.5509 , 6)  (60.0305 , 2)  (53.9926 , 3)  (47.5907 , 1)  (46.8907 , 9)  (45.6529 , 7)  (38.314 , 8)  
(88.8369 , 9)  (63.3633 , 7)  (61.21 , 6)  (52.0565 , 1)  (51.634 , 8)  (51.3044 , 2)  (51.2165 , 3)  (50.4708 , 4)  (47.4842 , 5)  
(106.008 , 6)  (56.701 , 8)  (54.6012 , 7)  (52.372 , 3)  (50.9664 , 5)  (49.4425 , 1)  (47.8935 , 4)  (44.5957 , 9)  (43.4941 , 2)  
