 -------------------730------------
(95.8442 , 8)  (67.6727 , 7)  (63.9405 , 1)  (57.9507 , 6)  (53.5529 , 3)  (48.0363 , 4)  (47.6831 , 2)  (44.8608 , 9)  (37.8898 , 5)  
(89.9103 , 6)  (63.907 , 1)  (61.8722 , 3)  (57.4077 , 4)  (49.8659 , 5)  (46.158 , 7)  (44.5955 , 8)  (43.8156 , 9)  (39.6116 , 2)  
(108.185 , 7)  (53.2782 , 5)  (51.8259 , 6)  (51.1833 , 2)  (50.5056 , 1)  (48.8361 , 9)  (46.954 , 4)  (46.4665 , 8)  (46.4534 , 3)  
(93.5095 , 3)  (65.6278 , 2)  (63.7887 , 9)  (57.3336 , 1)  (55.6572 , 5)  (53.3309 , 7)  (50.465 , 4)  (43.7282 , 6)  (31.8407 , 8)  
(88.5963 , 4)  (77.795 , 6)  (58.4187 , 1)  (53.1514 , 7)  (52.5077 , 2)  (50.7048 , 5)  (47.1192 , 9)  (43.4479 , 8)  (39.049 , 3)  
(95.1152 , 9)  (65.2955 , 7)  (59.3526 , 6)  (52.3226 , 3)  (51.3243 , 1)  (49.8848 , 8)  (49.4273 , 2)  (47.7022 , 4)  (42.1123 , 5)  
(80.6176 , 2)  (72.184 , 1)  (66.6994 , 8)  (58.1834 , 3)  (50.8122 , 6)  (50.7073 , 5)  (49.2244 , 9)  (44.2959 , 7)  (39.1584 , 4)  
(100.785 , 1)  (67.1796 , 7)  (59.5294 , 4)  (49.6863 , 2)  (48.3399 , 3)  (46.2583 , 6)  (45.244 , 5)  (42.7759 , 8)  (42.1384 , 9)  
(103.411 , 5)  (69.7989 , 8)  (53.4748 , 4)  (53.1719 , 6)  (49.6308 , 1)  (46.1052 , 2)  (44.064 , 9)  (42.9219 , 3)  (41.5032 , 7)  
