 -------------------250------------
(92.5799 , 1)  (80.63 , 7)  (60.6004 , 6)  (53.2501 , 2)  (50.6639 , 4)  (46.955 , 5)  (44.5763 , 9)  (44.51 , 3)  (34.6877 , 8)  
(98.5667 , 4)  (69.5762 , 2)  (55.9391 , 1)  (55.8893 , 7)  (53.7774 , 5)  (49.539 , 6)  (49.1055 , 3)  (48.174 , 9)  (39.7423 , 8)  
(97.6844 , 9)  (58.242 , 4)  (56.6212 , 6)  (53.3526 , 7)  (50.2476 , 8)  (49.4152 , 1)  (46.2584 , 3)  (43.5787 , 2)  (43.5596 , 5)  
(91.0411 , 5)  (70.0756 , 9)  (58.7854 , 3)  (53.5301 , 1)  (52.3345 , 6)  (52.3249 , 8)  (46.0241 , 7)  (43.5309 , 4)  (41.9549 , 2)  
(107.561 , 3)  (52.8022 , 6)  (49.4485 , 1)  (49.3708 , 2)  (48.1262 , 5)  (47.4974 , 7)  (47.4929 , 9)  (43.3589 , 4)  (40.2388 , 8)  
(104.143 , 8)  (64.7793 , 6)  (55.5008 , 9)  (53.7181 , 7)  (52.371 , 1)  (47.1068 , 3)  (45.6871 , 2)  (44.8594 , 4)  (37.6825 , 5)  
(89.4797 , 7)  (70.0294 , 8)  (64.4086 , 2)  (59.9722 , 1)  (55.3203 , 3)  (50.32 , 5)  (49.7681 , 6)  (42.4486 , 4)  (42.2781 , 9)  
(100.099 , 2)  (70.0862 , 3)  (62.3627 , 8)  (57.1342 , 9)  (53.2376 , 6)  (51.6433 , 1)  (47.8591 , 4)  (41.9467 , 5)  (38.3219 , 7)  
(96.3119 , 6)  (72.503 , 2)  (60.5779 , 5)  (58.2327 , 8)  (49.937 , 1)  (49.7681 , 7)  (48.5207 , 4)  (46.3404 , 3)  (40.0662 , 9)  
