 -------------------607------------
(82.6598 , 2)  (68.612 , 7)  (65.5746 , 3)  (56.8256 , 1)  (54.9482 , 5)  (52.5871 , 4)  (50.674 , 6)  (41.3212 , 9)  (40.4553 , 8)  
(75.4753 , 6)  (64.4138 , 1)  (61.7667 , 2)  (61.4237 , 5)  (59.9289 , 7)  (57.0835 , 3)  (56.5096 , 4)  (40.6637 , 8)  (21.8997 , 9)  
(93.6858 , 4)  (69.026 , 6)  (63.3849 , 9)  (60.2233 , 7)  (59.3127 , 2)  (57.5475 , 1)  (49.8898 , 5)  (37.7473 , 8)  (35.5097 , 3)  
(99.4352 , 3)  (55.7171 , 4)  (55.6641 , 1)  (55.647 , 5)  (55.3532 , 2)  (53.6804 , 8)  (51.5426 , 9)  (51.2235 , 6)  (45.5767 , 7)  
(95.9522 , 8)  (72.4619 , 6)  (58.1793 , 9)  (53.3861 , 2)  (51.0714 , 3)  (49.1046 , 7)  (48.301 , 1)  (46.5063 , 5)  (36.4253 , 4)  
(101.251 , 7)  (63.3974 , 3)  (52.1236 , 6)  (50.9748 , 5)  (49.9633 , 4)  (48.2022 , 1)  (46.8924 , 2)  (45.6568 , 8)  (40.0975 , 9)  
(90.0359 , 5)  (64.6581 , 3)  (56.3382 , 9)  (55.0236 , 8)  (53.6729 , 4)  (52.0013 , 6)  (50.1122 , 1)  (47.7162 , 2)  (46.9314 , 7)  
(104.385 , 1)  (53.9158 , 3)  (53.5512 , 7)  (52.8221 , 4)  (52.6488 , 6)  (50.0435 , 9)  (49.6753 , 8)  (46.2982 , 5)  (44.9442 , 2)  
(98.7942 , 9)  (59.7039 , 7)  (58.0834 , 6)  (51.1486 , 3)  (50.3856 , 1)  (48.9517 , 8)  (48.729 , 4)  (45.4633 , 2)  (41.6084 , 5)  
