 -------------------858------------
(89.585 , 8)  (84.4716 , 9)  (58.5217 , 2)  (56.3162 , 7)  (52.4002 , 6)  (49.8716 , 3)  (48.3483 , 4)  (41.0744 , 5)  (37.2232 , 1)  
(72.6258 , 4)  (69.5845 , 6)  (58.1067 , 8)  (56.4337 , 7)  (53.2513 , 2)  (51.4006 , 1)  (49.0569 , 5)  (48.819 , 9)  (43.019 , 3)  
(80.6323 , 3)  (68.8387 , 7)  (63.2693 , 8)  (59.2443 , 9)  (58.3589 , 2)  (57.7529 , 4)  (49.778 , 5)  (49.0175 , 1)  (41.4402 , 6)  
(104.257 , 7)  (55.7964 , 6)  (55.0521 , 9)  (54.5726 , 1)  (50.3601 , 2)  (48.7264 , 3)  (47.7695 , 5)  (45.5456 , 8)  (42.3156 , 4)  
(89.7807 , 2)  (75.6004 , 1)  (53.0643 , 4)  (51.5109 , 7)  (49.5204 , 3)  (48.4329 , 6)  (47.8492 , 9)  (47.5885 , 8)  (45.58 , 5)  
(88.2274 , 5)  (62.4447 , 3)  (60.7038 , 8)  (53.4467 , 6)  (51.3053 , 9)  (48.4966 , 7)  (47.5023 , 1)  (46.1559 , 4)  (44.355 , 2)  
(97.191 , 1)  (60.3276 , 7)  (56.7467 , 6)  (54.985 , 5)  (51.7744 , 2)  (49.6976 , 3)  (47.2874 , 9)  (45.3353 , 4)  (42.8876 , 8)  
(91.3356 , 9)  (74.5609 , 3)  (57.9008 , 5)  (53.0027 , 4)  (51.3374 , 1)  (50.2911 , 8)  (50.2261 , 2)  (49.3762 , 6)  (37.9063 , 7)  
(93.503 , 6)  (65.2633 , 5)  (58.4527 , 8)  (56.3446 , 7)  (52.0341 , 9)  (48.6461 , 1)  (44.784 , 4)  (44.039 , 2)  (42.4123 , 3)  
