 -------------------351------------
(95.5778 , 9)  (61.0521 , 4)  (60.7937 , 7)  (52.5769 , 5)  (51.1583 , 8)  (50.1053 , 2)  (48.8117 , 6)  (47.1234 , 1)  (46.4377 , 3)  
(103.408 , 8)  (56.2855 , 5)  (56.2499 , 1)  (52.243 , 9)  (50.6044 , 2)  (50.4353 , 4)  (48.2394 , 7)  (47.9229 , 6)  (42.8374 , 3)  
(101.815 , 3)  (59.6302 , 8)  (56.7347 , 6)  (55.3766 , 4)  (54.5651 , 2)  (49.5825 , 9)  (49.4854 , 7)  (47.8796 , 1)  (45.5716 , 5)  
(90.5379 , 4)  (60.9216 , 6)  (60.7201 , 2)  (57.9575 , 9)  (56.0337 , 1)  (54.2755 , 7)  (47.1432 , 5)  (45.867 , 3)  (42.1265 , 8)  
(107.533 , 6)  (56.5848 , 4)  (53.5364 , 7)  (53.4966 , 5)  (52.7087 , 9)  (51.6624 , 1)  (50.6028 , 3)  (48.314 , 2)  (43.5845 , 8)  
(102.267 , 1)  (54.1637 , 9)  (53.236 , 7)  (52.8095 , 8)  (52.41 , 6)  (51.3795 , 3)  (49.8876 , 5)  (45.7134 , 4)  (45.6664 , 2)  
(103.71 , 7)  (59.4546 , 6)  (57.0114 , 2)  (51.1482 , 1)  (49.7951 , 5)  (46.912 , 9)  (45.8934 , 3)  (43.745 , 4)  (41.5347 , 8)  
(107.065 , 5)  (59.4963 , 2)  (56.036 , 7)  (49.678 , 4)  (48.6257 , 1)  (45.0239 , 3)  (43.3471 , 9)  (41.8101 , 8)  (41.1095 , 6)  
(105.355 , 2)  (55.1257 , 8)  (54.0483 , 3)  (51.758 , 1)  (50.7415 , 9)  (50.0163 , 4)  (50.0104 , 7)  (48.7263 , 6)  (42.7256 , 5)  
