 -------------------942------------
(83.5055 , 3)  (74.5371 , 5)  (69.0532 , 9)  (56.9856 , 6)  (51.2116 , 1)  (50.84 , 8)  (50.3607 , 7)  (48.1437 , 4)  (44.6233 , 2)  
(107.227 , 7)  (52.574 , 6)  (52.3999 , 9)  (50.9905 , 2)  (50.6877 , 5)  (48.9451 , 1)  (48.8846 , 8)  (46.0856 , 4)  (45.1693 , 3)  
(101.568 , 2)  (72.2733 , 7)  (56.5618 , 9)  (56.0301 , 3)  (53.8921 , 6)  (47.27 , 5)  (46.9888 , 4)  (45.3171 , 1)  (40.6493 , 8)  
(98.9482 , 4)  (65.4483 , 6)  (59.6807 , 5)  (55.923 , 7)  (51.2601 , 2)  (49.9535 , 9)  (46.222 , 1)  (45.1116 , 3)  (39.1286 , 8)  
(92.9791 , 8)  (70.7639 , 5)  (62.075 , 6)  (61.9685 , 1)  (50.991 , 9)  (49.9892 , 2)  (46.3525 , 7)  (43.1714 , 3)  (40.9255 , 4)  
(97.6765 , 9)  (64.3862 , 6)  (60.449 , 4)  (53.3138 , 5)  (51.762 , 1)  (51.1142 , 2)  (48.8508 , 8)  (43.1332 , 7)  (38.9977 , 3)  
(91.666 , 5)  (59.4129 , 9)  (59.0566 , 6)  (58.4832 , 2)  (52.6186 , 7)  (48.9466 , 8)  (44.914 , 1)  (38.7182 , 4)  (34.6817 , 3)  
(98.5337 , 1)  (55.2701 , 2)  (53.5262 , 6)  (53.3364 , 8)  (52.2461 , 3)  (51.7131 , 4)  (47.4638 , 7)  (46.6333 , 9)  (45.8371 , 5)  
(90.2845 , 6)  (60.499 , 9)  (57.456 , 8)  (56.8506 , 5)  (53.7861 , 2)  (51.6396 , 4)  (46.2782 , 3)  (46.0322 , 7)  (45.5787 , 1)  
