 -------------------873------------
(100.673 , 2)  (64.547 , 3)  (57.3623 , 1)  (50.2185 , 7)  (49.2662 , 6)  (47.5847 , 9)  (46.6782 , 5)  (43.1923 , 8)  (43.0522 , 4)  
(92.1397 , 4)  (56.6806 , 6)  (54.9552 , 2)  (54.0622 , 7)  (52.9109 , 1)  (50.1009 , 3)  (47.6958 , 8)  (41.3325 , 5)  (37.5551 , 9)  
(100.927 , 5)  (62.9642 , 2)  (54.8707 , 9)  (53.3098 , 7)  (50.4432 , 8)  (49.9713 , 6)  (46.6432 , 4)  (40.0888 , 1)  (38.444 , 3)  
(96.8036 , 6)  (51.7158 , 4)  (51.1153 , 8)  (51.0312 , 2)  (48.9172 , 9)  (47.9641 , 1)  (46.8741 , 7)  (45.5324 , 5)  (42.8588 , 3)  
(104.209 , 1)  (64.1022 , 7)  (52.5819 , 2)  (49.3612 , 4)  (49.3016 , 3)  (47.9044 , 6)  (47.801 , 5)  (45.2404 , 8)  (43.903 , 9)  
(94.445 , 9)  (62.782 , 6)  (56.4176 , 7)  (53.1506 , 3)  (51.7321 , 2)  (48.6405 , 4)  (46.2256 , 1)  (45.4611 , 5)  (42.8821 , 8)  
(91.909 , 8)  (64.0656 , 2)  (58.3814 , 9)  (56.2988 , 1)  (51.0326 , 6)  (49.6535 , 7)  (47.239 , 4)  (46.7667 , 3)  (45.4483 , 5)  
(99.6513 , 7)  (65.762 , 1)  (56.7171 , 3)  (55.9483 , 2)  (49.8234 , 4)  (49.7792 , 6)  (49.3471 , 9)  (47.3113 , 8)  (44.4745 , 5)  
(99.0014 , 3)  (64.8148 , 8)  (58.4487 , 7)  (53.5328 , 2)  (53.0616 , 1)  (51.7989 , 4)  (50.7274 , 6)  (48.2118 , 5)  (38.0498 , 9)  
