 -------------------599------------
(93.4394 , 4)  (73.3014 , 6)  (66.9895 , 9)  (59.0105 , 3)  (53.6337 , 1)  (50.1449 , 7)  (47.4753 , 2)  (45.6717 , 5)  (41.9114 , 8)  
(101.083 , 5)  (60.6881 , 8)  (58.8295 , 4)  (53.1185 , 1)  (48.0606 , 7)  (47.6574 , 6)  (45.9835 , 3)  (40.891 , 2)  (38.8542 , 9)  
(89.881 , 9)  (62.9979 , 4)  (61.0919 , 2)  (58.0298 , 7)  (57.6528 , 5)  (50.1045 , 6)  (42.1636 , 3)  (41.3688 , 1)  (34.6642 , 8)  
(104.631 , 1)  (52.1967 , 7)  (51.8941 , 4)  (50.7658 , 8)  (50.7563 , 3)  (47.8932 , 2)  (46.6167 , 6)  (45.7067 , 5)  (43.4632 , 9)  
(91.6238 , 6)  (69.9504 , 5)  (63.3285 , 1)  (56.0223 , 2)  (51.7327 , 8)  (51.0192 , 7)  (48.0605 , 9)  (45.3955 , 4)  (36.6096 , 3)  
(99.5996 , 8)  (59.1247 , 2)  (55.5806 , 1)  (53.0176 , 6)  (50.9892 , 7)  (50.3425 , 4)  (48.629 , 3)  (48.5126 , 5)  (46.7351 , 9)  
(94.6636 , 2)  (80.8354 , 7)  (55.0692 , 6)  (50.9077 , 3)  (49.005 , 5)  (47.0346 , 4)  (46.4541 , 1)  (43.2633 , 9)  (40.6893 , 8)  
(78.5343 , 7)  (71.3455 , 3)  (69.3741 , 9)  (61.1458 , 2)  (58.1034 , 1)  (55.3645 , 6)  (48.8652 , 4)  (47.0464 , 8)  (35.8676 , 5)  
(107.117 , 3)  (56.088 , 7)  (51.8651 , 4)  (51.7489 , 2)  (49.7627 , 1)  (49.4682 , 5)  (48.001 , 6)  (46.2686 , 8)  (42.2793 , 9)  
