 -------------------602------------
(81.1821 , 2)  (72.1506 , 7)  (60.5752 , 3)  (56.4308 , 1)  (54.3284 , 6)  (52.1232 , 5)  (48.9255 , 4)  (40.736 , 9)  (40.4481 , 8)  
(76.3898 , 6)  (64.8214 , 1)  (62.0215 , 2)  (61.2309 , 5)  (59.0997 , 7)  (56.7768 , 3)  (55.9728 , 4)  (38.9308 , 8)  (22.5054 , 9)  
(91.2704 , 4)  (71.5044 , 6)  (62.803 , 9)  (62.3423 , 7)  (60.7342 , 1)  (58.5164 , 2)  (47.7189 , 5)  (37.4326 , 8)  (35.1419 , 3)  
(98.454 , 3)  (58.0713 , 1)  (56.8603 , 2)  (55.5146 , 8)  (53.4941 , 4)  (53.4563 , 9)  (51.0228 , 5)  (50.9703 , 6)  (43.9105 , 7)  
(95.4974 , 8)  (72.7967 , 6)  (58.1353 , 9)  (53.1519 , 2)  (50.7032 , 3)  (49.3856 , 7)  (48.0741 , 1)  (47.052 , 5)  (36.1581 , 4)  
(101.102 , 7)  (63.1746 , 3)  (52.2527 , 6)  (52.2141 , 5)  (49.6425 , 4)  (48.8807 , 1)  (47.031 , 2)  (46.0164 , 8)  (40.3721 , 9)  
(90.1754 , 5)  (64.559 , 3)  (57.1446 , 9)  (54.1518 , 8)  (53.5306 , 4)  (52.5613 , 6)  (49.7992 , 1)  (47.3979 , 2)  (46.8614 , 7)  
(104.181 , 1)  (53.8545 , 3)  (53.598 , 7)  (53.0357 , 6)  (52.8563 , 4)  (50.3043 , 9)  (49.5494 , 8)  (46.2584 , 5)  (44.9773 , 2)  
(98.8847 , 9)  (59.5254 , 7)  (58.4533 , 6)  (51.7372 , 3)  (50.3874 , 1)  (48.6373 , 8)  (48.5483 , 4)  (45.7735 , 2)  (41.5434 , 5)  
