 -------------------662------------
(91.5401 , 7)  (70.5014 , 9)  (60.9659 , 6)  (58.7608 , 1)  (53.8216 , 2)  (52.2952 , 3)  (48.8013 , 5)  (43.9772 , 8)  (38.5187 , 4)  
(103.34 , 8)  (70.7238 , 9)  (61.5604 , 7)  (55.4776 , 6)  (53.2021 , 1)  (46.0168 , 4)  (45.3263 , 2)  (41.0471 , 3)  (31.5078 , 5)  
(105.742 , 6)  (55.2203 , 3)  (52.9996 , 7)  (52.1943 , 8)  (47.5149 , 1)  (44.5864 , 4)  (42.8743 , 5)  (42.4289 , 9)  (36.1774 , 2)  
(93.1187 , 5)  (69.2616 , 3)  (60.1366 , 9)  (55.5902 , 1)  (53.5225 , 6)  (51.5897 , 8)  (46.8098 , 2)  (37.6351 , 7)  (37.0582 , 4)  
(77.5118 , 4)  (73.987 , 7)  (59.9539 , 6)  (59.0758 , 9)  (51.0794 , 3)  (50.3326 , 1)  (49.5229 , 2)  (45.8143 , 5)  (35.8424 , 8)  
(101.919 , 2)  (63.915 , 8)  (62.6849 , 6)  (57.9118 , 7)  (53.2369 , 9)  (50.3544 , 3)  (45.7609 , 4)  (40.3812 , 5)  (38.4971 , 1)  
(91.0088 , 3)  (59.6748 , 5)  (54.232 , 8)  (54.1232 , 7)  (50.4542 , 2)  (50.0955 , 4)  (50.0914 , 9)  (49.9748 , 6)  (44.2185 , 1)  
(86.8211 , 9)  (66.8207 , 4)  (60.202 , 7)  (57.2887 , 3)  (49.9375 , 5)  (49.3718 , 6)  (48.2895 , 2)  (41.3608 , 8)  (39.8155 , 1)  
(103.896 , 1)  (55.8904 , 7)  (52.1161 , 8)  (50.5006 , 3)  (50.2466 , 2)  (48.939 , 4)  (48.2699 , 5)  (46.1107 , 6)  (42.9296 , 9)  
