 -------------------62------------
(94.5233 , 2)  (64.9392 , 1)  (57.781 , 3)  (56.8645 , 8)  (55.9356 , 6)  (45.5706 , 9)  (41.957 , 7)  (40.2083 , 4)  (38.079 , 5)  
(96.5373 , 6)  (59.1598 , 3)  (55.274 , 4)  (52.4492 , 1)  (47.5956 , 7)  (45.6367 , 5)  (44.6063 , 8)  (40.78 , 9)  (37.6593 , 2)  
(106.017 , 7)  (62.0833 , 6)  (58.6226 , 4)  (49.8807 , 5)  (48.0121 , 9)  (47.7114 , 2)  (46.9154 , 1)  (44.9098 , 3)  (38.7537 , 8)  
(101.733 , 5)  (65.7536 , 6)  (62.981 , 2)  (55.1159 , 4)  (49.6021 , 3)  (48.5805 , 7)  (47.4259 , 1)  (46.4152 , 9)  (42.7716 , 8)  
(91.9649 , 8)  (62.6771 , 2)  (59.687 , 9)  (52.9753 , 1)  (52.0508 , 4)  (50.5914 , 7)  (50.0575 , 6)  (49.3683 , 3)  (38.0986 , 5)  
(73.4178 , 4)  (64.2371 , 1)  (57.0718 , 6)  (54.8653 , 5)  (54.5623 , 9)  (48.1872 , 2)  (48.1047 , 7)  (47.5142 , 8)  (45.5406 , 3)  
(86.6254 , 3)  (65.9241 , 7)  (62.742 , 9)  (57.6814 , 4)  (57.1853 , 2)  (54.2758 , 5)  (52.8446 , 8)  (48.4959 , 1)  (46.3853 , 6)  
(102.373 , 1)  (60.8527 , 7)  (55.2273 , 3)  (51.9594 , 6)  (49.4142 , 4)  (49.3184 , 8)  (47.0385 , 2)  (46.8335 , 9)  (46.1487 , 5)  
(94.0876 , 9)  (57.8581 , 4)  (56.0633 , 7)  (55.394 , 6)  (54.3241 , 3)  (49.8659 , 2)  (48.9612 , 1)  (47.5741 , 8)  (47.1032 , 5)  
