 -------------------782------------
(102.33 , 1)  (61.3605 , 7)  (56.7583 , 6)  (56.1241 , 4)  (52.2855 , 3)  (47.0113 , 9)  (46.8489 , 2)  (45.1692 , 5)  (40.6594 , 8)  
(87.0584 , 3)  (85.3857 , 7)  (61.5117 , 6)  (55.5575 , 5)  (55.5234 , 1)  (46.1824 , 2)  (44.4469 , 4)  (33.708 , 9)  (32.9433 , 8)  
(77.5941 , 4)  (63.1634 , 6)  (61.315 , 2)  (58.274 , 1)  (55.0331 , 7)  (51.6826 , 9)  (51.4649 , 8)  (50.1521 , 5)  (39.0455 , 3)  
(94.2349 , 8)  (62.1963 , 3)  (60.8323 , 9)  (59.4522 , 6)  (54.7418 , 2)  (52.9456 , 7)  (45.6468 , 4)  (44.1055 , 5)  (43.0863 , 1)  
(97.943 , 6)  (60.8978 , 4)  (55.7875 , 3)  (54.4584 , 1)  (52.0808 , 7)  (51.2413 , 5)  (50.8679 , 2)  (46.7219 , 9)  (37.5904 , 8)  
(102.068 , 2)  (68.0443 , 3)  (57.5233 , 5)  (55.9462 , 1)  (51.4314 , 9)  (48.9926 , 4)  (48.879 , 7)  (38.0563 , 6)  (34.8283 , 8)  
(103.765 , 5)  (60.9532 , 3)  (54.5155 , 7)  (51.5183 , 2)  (51.0505 , 6)  (50.3135 , 9)  (46.9903 , 1)  (42.2762 , 8)  (40.7748 , 4)  
(98.7572 , 7)  (62.6538 , 1)  (58.1524 , 2)  (54.1899 , 9)  (53.9976 , 3)  (53.4123 , 6)  (47.6779 , 8)  (41.7964 , 4)  (38.6581 , 5)  
(78.6461 , 5)  (75.9193 , 9)  (58.3957 , 2)  (55.9782 , 6)  (55.4453 , 4)  (49.7849 , 7)  (46.3265 , 1)  (44.9984 , 3)  (39.7191 , 8)  
