 -------------------118------------
(107.45 , 6)  (57.5742 , 3)  (54.8132 , 2)  (52.0102 , 7)  (50.2204 , 8)  (47.0466 , 4)  (44.2483 , 1)  (43.7005 , 9)  (39.339 , 5)  
(95.7382 , 9)  (57.3529 , 7)  (56.8348 , 4)  (54.5519 , 5)  (52.1214 , 8)  (50.5552 , 6)  (49.6601 , 1)  (47.2528 , 3)  (46.3319 , 2)  
(99.1862 , 1)  (54.8385 , 7)  (54.1508 , 3)  (53.5719 , 9)  (51.8926 , 8)  (51.2655 , 6)  (48.7143 , 4)  (47.3178 , 5)  (45.2645 , 2)  
(102.539 , 3)  (56.3083 , 1)  (54.5163 , 7)  (49.2627 , 5)  (48.9846 , 6)  (48.8092 , 8)  (47.1706 , 2)  (45.5055 , 4)  (42.2467 , 9)  
(95.3177 , 5)  (54.1812 , 9)  (53.757 , 3)  (53.4658 , 8)  (52.3706 , 7)  (51.7682 , 1)  (47.0067 , 2)  (46.5899 , 6)  (44.2612 , 4)  
(74.0404 , 7)  (69.7696 , 9)  (56.2109 , 4)  (55.1161 , 6)  (54.6548 , 1)  (52.7153 , 3)  (50.6791 , 2)  (48.4735 , 5)  (43.1453 , 8)  
(88.4045 , 8)  (62.7022 , 2)  (62.2325 , 6)  (62.0352 , 7)  (54.9573 , 3)  (50.6282 , 4)  (49.813 , 1)  (39.5045 , 9)  (38.0019 , 5)  
(91.1001 , 2)  (72.4569 , 7)  (66.6315 , 6)  (58.623 , 8)  (50.0264 , 9)  (49.2113 , 3)  (43.3507 , 1)  (42.7303 , 5)  (37.688 , 4)  
(92.7358 , 4)  (61.9406 , 2)  (59.5664 , 9)  (58.5311 , 1)  (55.1456 , 5)  (54.6475 , 8)  (50.4316 , 6)  (49.1467 , 7)  (40.7799 , 3)  
