 -------------------677------------
(95.7842 , 1)  (59.6057 , 7)  (55.6219 , 8)  (53.4133 , 6)  (50.8919 , 3)  (49.4319 , 2)  (47.8767 , 4)  (45.1217 , 5)  (44.4859 , 9)  
(88.8605 , 8)  (58.6409 , 7)  (52.3588 , 9)  (52.2771 , 5)  (51.2403 , 2)  (50.9861 , 3)  (50.6404 , 6)  (49.9881 , 4)  (49.4225 , 1)  
(83.0299 , 5)  (67.0402 , 8)  (58.138 , 3)  (57.366 , 1)  (57.1247 , 4)  (56.7181 , 6)  (54.1631 , 7)  (44.409 , 9)  (31.9239 , 2)  
(102.897 , 2)  (58.2758 , 3)  (57.3777 , 9)  (55.7531 , 1)  (49.7117 , 5)  (47.5091 , 8)  (46.7292 , 6)  (45.7091 , 4)  (40.1113 , 7)  
(104.489 , 3)  (59.3506 , 1)  (50.7086 , 4)  (50.4773 , 9)  (50.0616 , 6)  (49.7879 , 7)  (47.9326 , 2)  (47.4707 , 8)  (39.0997 , 5)  
(97.3548 , 9)  (58.108 , 6)  (54.8359 , 4)  (54.2653 , 3)  (53.8954 , 7)  (47.7559 , 2)  (47.1528 , 8)  (45.3754 , 1)  (39.9706 , 5)  
(95.3875 , 7)  (61.0829 , 9)  (55.3284 , 3)  (54.7963 , 1)  (54.7231 , 6)  (51.6739 , 2)  (46.7244 , 5)  (44.9186 , 4)  (36.5124 , 8)  
(98.5516 , 4)  (65.0036 , 9)  (61.923 , 6)  (60.1846 , 1)  (50.3813 , 2)  (48.8709 , 7)  (48.4446 , 5)  (42.2763 , 8)  (36.6819 , 3)  
(104.169 , 6)  (56.3975 , 3)  (54.6899 , 2)  (53.6231 , 4)  (52.5286 , 9)  (50.1979 , 1)  (48.7697 , 7)  (47.6321 , 5)  (43.2964 , 8)  
