 -------------------855------------
(85.7561 , 8)  (83.3716 , 9)  (60.7253 , 2)  (59.691 , 7)  (57.5727 , 6)  (48.8093 , 3)  (48.6759 , 4)  (40.865 , 5)  (36.0967 , 1)  
(71.6382 , 4)  (69.5864 , 6)  (57.4581 , 8)  (56.9638 , 7)  (52.8015 , 1)  (51.4112 , 2)  (49.6355 , 9)  (48.7017 , 5)  (42.8943 , 3)  
(74.9276 , 3)  (66.5905 , 7)  (63.6601 , 2)  (63.2488 , 9)  (61.9954 , 8)  (52.0333 , 4)  (51.1999 , 5)  (48.4226 , 1)  (45.087 , 6)  
(104.261 , 7)  (55.4949 , 6)  (54.5012 , 9)  (54.3519 , 1)  (50.3442 , 2)  (48.8873 , 3)  (48.1755 , 5)  (45.6362 , 8)  (43.0856 , 4)  
(86.3535 , 2)  (76.5861 , 1)  (52.6318 , 3)  (51.818 , 4)  (51.7907 , 7)  (49.1425 , 8)  (48.3613 , 6)  (47.1555 , 5)  (46.2344 , 9)  
(84.6672 , 5)  (65.1431 , 8)  (62.6874 , 3)  (54.9242 , 6)  (52.9714 , 9)  (48.8912 , 2)  (48.1715 , 7)  (47.2302 , 4)  (44.9145 , 1)  
(97.222 , 1)  (59.9592 , 7)  (56.4115 , 6)  (54.9039 , 5)  (52.6054 , 2)  (49.3607 , 3)  (47.2574 , 9)  (45.405 , 4)  (42.129 , 8)  
(92.1958 , 9)  (74.0304 , 3)  (57.4039 , 5)  (52.2915 , 4)  (51.2926 , 8)  (51.0601 , 1)  (50.6575 , 2)  (49.2766 , 6)  (37.3039 , 7)  
(93.2214 , 6)  (66.1623 , 5)  (58.908 , 8)  (57.1807 , 7)  (51.1123 , 9)  (49.1355 , 1)  (44.6472 , 4)  (44.4376 , 2)  (40.6915 , 3)  
