 -------------------1081------------
(101.377 , 3)  (64.1338 , 7)  (58.9567 , 6)  (58.0346 , 1)  (57.0383 , 2)  (55.7581 , 9)  (43.2555 , 8)  (42.4768 , 5)  (41.0433 , 4)  
(103.606 , 7)  (57.8929 , 9)  (52.8734 , 1)  (51.9453 , 6)  (51.5008 , 3)  (50.1685 , 5)  (49.0513 , 2)  (44.4696 , 4)  (42.0545 , 8)  
(94.094 , 2)  (63.7218 , 3)  (57.895 , 9)  (56.6017 , 1)  (52.3143 , 8)  (51.3831 , 6)  (48.1499 , 7)  (41.3642 , 5)  (40.766 , 4)  
(82.4051 , 9)  (70.7559 , 7)  (70.5725 , 5)  (61.5013 , 6)  (51.8891 , 2)  (51.5642 , 4)  (50.3196 , 1)  (48.4127 , 3)  (41.8783 , 8)  
(92.4169 , 4)  (72.9343 , 6)  (67.0232 , 7)  (53.2605 , 1)  (46.8376 , 2)  (46.7883 , 5)  (46.41 , 3)  (45.5935 , 9)  (40.697 , 8)  
(103.972 , 1)  (59.0873 , 7)  (55.5871 , 4)  (50.2576 , 3)  (49.3822 , 2)  (48.5977 , 6)  (47.3053 , 5)  (47.1429 , 9)  (45.4078 , 8)  
(102.326 , 6)  (64.4652 , 8)  (51.8178 , 7)  (51.4631 , 1)  (49.5344 , 5)  (45.55 , 4)  (43.9221 , 2)  (43.8775 , 9)  (42.5636 , 3)  
(90.9536 , 8)  (56.5924 , 3)  (56.1358 , 5)  (55.604 , 6)  (54.6263 , 7)  (54.531 , 4)  (53.011 , 1)  (49.2081 , 9)  (47.5199 , 2)  
(93.2586 , 5)  (58.261 , 1)  (53.7606 , 3)  (52.0713 , 7)  (51.3075 , 6)  (49.1767 , 4)  (47.5031 , 2)  (46.9291 , 9)  (41.8444 , 8)  
