 -------------------530------------
(84.4938 , 7)  (72.3978 , 9)  (63.1053 , 6)  (61.218 , 1)  (60.215 , 3)  (48.9973 , 5)  (46.5773 , 2)  (43.2593 , 8)  (42.552 , 4)  
(101.038 , 9)  (62.0397 , 6)  (55.0329 , 7)  (48.6093 , 2)  (47.3133 , 4)  (47.1083 , 8)  (46.8134 , 1)  (43.8106 , 5)  (42.4239 , 3)  
(82.587 , 5)  (73.53 , 6)  (60.6591 , 1)  (54.7072 , 8)  (51.6131 , 7)  (49.6237 , 2)  (45.305 , 3)  (42.5588 , 9)  (39.7783 , 4)  
(103.138 , 1)  (58.243 , 7)  (54.0818 , 6)  (53.131 , 9)  (52.8058 , 4)  (52.7284 , 2)  (50.9586 , 3)  (46.4177 , 5)  (38.5641 , 8)  
(104.189 , 4)  (63.3366 , 6)  (59.9262 , 9)  (55.2377 , 2)  (54.2131 , 5)  (49.7729 , 7)  (44.6043 , 8)  (44.072 , 1)  (39.4279 , 3)  
(100.873 , 2)  (57.3226 , 3)  (54.7829 , 1)  (54.2522 , 5)  (50.617 , 7)  (50.1883 , 9)  (49.4122 , 6)  (48.3523 , 4)  (46.2994 , 8)  
(101.686 , 3)  (59.6974 , 6)  (55.4445 , 2)  (50.2055 , 9)  (49.1613 , 1)  (48.4055 , 5)  (47.7436 , 7)  (46.5771 , 8)  (45.7643 , 4)  
(100.255 , 6)  (57.0037 , 5)  (55.9991 , 1)  (55.7078 , 4)  (54.4377 , 2)  (51.404 , 3)  (49.2462 , 7)  (44.1024 , 8)  (40.9902 , 9)  
(87.686 , 8)  (66.2485 , 9)  (59.4904 , 6)  (58.5604 , 3)  (57.6744 , 5)  (54.763 , 2)  (47.7368 , 1)  (43.4838 , 7)  (35.3195 , 4)  
