 -------------------420------------
(93.9239 , 4)  (80.3852 , 6)  (68.6756 , 2)  (53.9317 , 1)  (50.2502 , 9)  (47.2276 , 5)  (43.5445 , 3)  (41.707 , 7)  (40.1839 , 8)  
(100.012 , 7)  (57.3225 , 9)  (54.2497 , 1)  (53.6207 , 3)  (52.6598 , 2)  (52.3288 , 6)  (48.5602 , 5)  (46.1783 , 8)  (45.0023 , 4)  
(103.58 , 3)  (62.3949 , 9)  (57.7075 , 6)  (55.1672 , 1)  (52.9993 , 2)  (45.8358 , 7)  (45.1945 , 8)  (44.5329 , 4)  (43.2631 , 5)  
(99.346 , 1)  (62.9916 , 7)  (62.2701 , 4)  (55.0149 , 3)  (52.8699 , 6)  (50.0535 , 2)  (45.5544 , 9)  (43.1513 , 5)  (42.5562 , 8)  
(103.56 , 6)  (58.3326 , 2)  (54.0744 , 9)  (53.4836 , 5)  (50.9193 , 1)  (47.6413 , 8)  (45.2606 , 7)  (43.6682 , 4)  (40.7657 , 3)  
(89.5971 , 8)  (70.0168 , 3)  (55.4258 , 9)  (55.1261 , 4)  (52.6701 , 6)  (49.5078 , 5)  (46.7314 , 7)  (45.6285 , 2)  (44.9036 , 1)  
(88.4472 , 9)  (62.5373 , 8)  (57.1038 , 2)  (56.1343 , 6)  (55.4612 , 4)  (48.5965 , 5)  (47.6942 , 1)  (43.7283 , 7)  (41.6465 , 3)  
(108.163 , 2)  (64.8885 , 5)  (56.0944 , 6)  (52.6816 , 9)  (50.5989 , 1)  (46.9104 , 8)  (45.3966 , 3)  (44.1189 , 4)  (44.0663 , 7)  
(97.7897 , 5)  (59.119 , 6)  (56.0605 , 2)  (55.7425 , 1)  (50.5471 , 8)  (50.2733 , 3)  (46.1306 , 4)  (45.8911 , 7)  (45.7029 , 9)  
