 -------------------615------------
(107.029 , 7)  (51.7175 , 6)  (51.6532 , 5)  (51.5998 , 2)  (50.1119 , 9)  (50.0456 , 4)  (49.6666 , 8)  (47.1305 , 1)  (45.7218 , 3)  
(95.9176 , 3)  (66.5556 , 2)  (60.1577 , 1)  (59.9315 , 4)  (57.7083 , 9)  (54.8019 , 6)  (51.296 , 8)  (44.3409 , 5)  (40.7541 , 7)  
(98.7556 , 4)  (62.4667 , 6)  (60.0829 , 5)  (56.4179 , 2)  (53.6723 , 7)  (51.5294 , 9)  (48.4885 , 1)  (44.864 , 3)  (35.3997 , 8)  
(103.783 , 5)  (65.862 , 3)  (55.7329 , 1)  (54.0959 , 2)  (50.8174 , 6)  (49.8526 , 4)  (49.57 , 9)  (43.0796 , 7)  (38.5635 , 8)  
(95.6875 , 6)  (55.4311 , 1)  (54.9409 , 9)  (52.3581 , 2)  (51.6267 , 8)  (46.763 , 5)  (46.3869 , 7)  (45.4203 , 4)  (44.0269 , 3)  
(100.696 , 9)  (58.6467 , 7)  (57.2007 , 6)  (51.3344 , 1)  (50.8725 , 2)  (50.1197 , 4)  (49.5043 , 3)  (43.37 , 8)  (42.8893 , 5)  
(109.251 , 2)  (53.0948 , 4)  (49.9835 , 1)  (49.6799 , 5)  (49.6181 , 7)  (49.6154 , 9)  (48.6904 , 3)  (44.632 , 8)  (43.8159 , 6)  
(105.352 , 8)  (62.0407 , 7)  (61.5807 , 9)  (55.4786 , 1)  (53.447 , 4)  (49.7955 , 6)  (47.5886 , 3)  (43.553 , 2)  (37.0423 , 5)  
(101.041 , 1)  (62.4421 , 6)  (59.4028 , 7)  (54.6387 , 8)  (51.9488 , 4)  (49.7997 , 3)  (49.2827 , 5)  (45.0903 , 2)  (40.8845 , 9)  
