 -------------------639------------
(88.5042 , 8)  (67.5763 , 2)  (66.3167 , 3)  (66.2296 , 6)  (57.3273 , 5)  (57.3105 , 1)  (55.8549 , 7)  (43.4962 , 9)  (29.7934 , 4)  
(103.279 , 3)  (60.6891 , 9)  (57.5158 , 7)  (51.999 , 6)  (50.9729 , 2)  (50.835 , 8)  (50.2293 , 1)  (48.5249 , 4)  (41.7724 , 5)  
(108.27 , 2)  (53.4287 , 9)  (53.1093 , 5)  (51.8953 , 7)  (50.5832 , 1)  (49.4142 , 3)  (47.0795 , 8)  (46.3752 , 4)  (43.2848 , 6)  
(91.6055 , 4)  (69.9862 , 9)  (55.2132 , 7)  (51.4345 , 6)  (51.3023 , 5)  (49.4847 , 1)  (48.7835 , 8)  (48.3079 , 3)  (44.2833 , 2)  
(104.098 , 7)  (57.1919 , 5)  (56.2689 , 6)  (52.4022 , 9)  (47.9474 , 1)  (45.6836 , 3)  (45.3602 , 8)  (45.2968 , 4)  (43.6422 , 2)  
(96.9079 , 6)  (55.8326 , 5)  (50.6993 , 8)  (50.288 , 7)  (49.6346 , 4)  (48.7338 , 1)  (47.0641 , 9)  (45.0447 , 2)  (42.8698 , 3)  
(103.659 , 1)  (59.078 , 3)  (54.309 , 9)  (52.6763 , 7)  (51.1225 , 6)  (49.5612 , 5)  (49.4938 , 4)  (46.2188 , 2)  (43.9055 , 8)  
(105.426 , 5)  (59.1318 , 3)  (57.3454 , 4)  (52.9884 , 1)  (52.7998 , 6)  (50.5709 , 2)  (48.0683 , 7)  (47.5628 , 8)  (36.4827 , 9)  
(96.049 , 9)  (62.4688 , 6)  (57.4647 , 4)  (56.9505 , 7)  (51.9133 , 5)  (51.0442 , 2)  (49.373 , 1)  (49.0988 , 8)  (44.4858 , 3)  
