 -------------------312------------
(95.2603 , 9)  (61.7531 , 7)  (60.5697 , 4)  (50.8459 , 6)  (50.4521 , 8)  (50.1632 , 5)  (49.9703 , 3)  (49.386 , 2)  (45.4525 , 1)  
(104.685 , 8)  (55.1983 , 5)  (53.9532 , 4)  (51.5624 , 1)  (50.5629 , 9)  (49.4589 , 3)  (45.9368 , 7)  (45.121 , 6)  (45.0928 , 2)  
(99.2679 , 3)  (61.8185 , 6)  (59.5638 , 8)  (54.5148 , 2)  (54.2943 , 4)  (50.9816 , 9)  (48.7523 , 7)  (46.528 , 1)  (46.2731 , 5)  
(91.262 , 4)  (62.2437 , 6)  (57.0404 , 9)  (55.8356 , 1)  (55.5526 , 7)  (55.4801 , 2)  (49.4062 , 3)  (47.0596 , 5)  (42.5683 , 8)  
(107.598 , 6)  (55.3679 , 4)  (54.0496 , 9)  (53.8226 , 5)  (52.5365 , 7)  (51.1606 , 1)  (50.2205 , 3)  (48.5703 , 2)  (42.8247 , 8)  
(102.092 , 1)  (56.7835 , 7)  (55.4081 , 9)  (52.5192 , 3)  (51.9185 , 6)  (50.6423 , 5)  (49.6868 , 8)  (45.2802 , 2)  (44.3246 , 4)  
(104.185 , 7)  (61.6587 , 6)  (52.6457 , 1)  (51.7226 , 2)  (49.4724 , 3)  (49.0246 , 5)  (46.2811 , 9)  (42.3071 , 4)  (40.2536 , 8)  
(104.547 , 5)  (58.8531 , 7)  (55.005 , 2)  (49.6189 , 6)  (49.4281 , 3)  (48.4496 , 1)  (44.5248 , 9)  (41.7607 , 8)  (41.4194 , 4)  
(106.289 , 2)  (58.9609 , 8)  (56.6297 , 3)  (52.7335 , 1)  (49.6578 , 4)  (47.4784 , 7)  (47.2314 , 6)  (45.7272 , 9)  (45.0276 , 5)  
