 -------------------934------------
(82.6259 , 3)  (74.0297 , 5)  (69.6342 , 9)  (56.4122 , 6)  (51.7942 , 8)  (50.9423 , 1)  (49.653 , 7)  (48.4046 , 4)  (45.3904 , 2)  
(107.08 , 7)  (52.2127 , 2)  (51.7858 , 6)  (51.1056 , 5)  (50.771 , 9)  (48.8617 , 8)  (48.3828 , 1)  (48.3461 , 4)  (44.9889 , 3)  
(101.554 , 2)  (72.2432 , 7)  (56.6019 , 9)  (56.0571 , 3)  (53.8668 , 6)  (47.3571 , 5)  (46.9499 , 4)  (45.4783 , 1)  (40.6286 , 8)  
(98.7544 , 4)  (65.8473 , 6)  (59.7004 , 5)  (56.5793 , 7)  (50.687 , 2)  (50.3779 , 9)  (45.6622 , 1)  (45.5308 , 3)  (39.348 , 8)  
(93.7711 , 8)  (71.115 , 5)  (61.9282 , 6)  (61.5179 , 1)  (51.2686 , 9)  (47.7201 , 2)  (45.5389 , 7)  (44.7168 , 3)  (38.1545 , 4)  
(97.3164 , 9)  (63.3562 , 6)  (61.837 , 4)  (52.1512 , 5)  (51.9305 , 1)  (50.7986 , 2)  (49.0744 , 8)  (43.9361 , 7)  (40.5028 , 3)  
(91.6134 , 5)  (59.3892 , 9)  (59.1195 , 6)  (58.4644 , 2)  (52.6144 , 7)  (48.9278 , 8)  (44.9925 , 1)  (38.7176 , 4)  (34.7458 , 3)  
(98.4243 , 1)  (55.1439 , 2)  (53.827 , 8)  (53.809 , 6)  (52.123 , 3)  (51.485 , 4)  (47.7563 , 7)  (46.1266 , 9)  (45.9353 , 5)  
(89.2058 , 6)  (63.256 , 9)  (58.1765 , 5)  (57.5951 , 8)  (54.6677 , 2)  (47.9417 , 7)  (46.889 , 4)  (45.4489 , 1)  (45.2901 , 3)  
