 -------------------909------------
(84.8374 , 3)  (77.7679 , 7)  (59.7003 , 2)  (57.1071 , 4)  (52.4394 , 5)  (51.9204 , 6)  (50.9745 , 9)  (48.2179 , 8)  (41.7034 , 1)  
(88.1204 , 9)  (63.9034 , 6)  (60.0347 , 7)  (53.5322 , 4)  (53.3859 , 1)  (52.0312 , 3)  (49.1757 , 2)  (48.3083 , 8)  (45.0591 , 5)  
(99.6069 , 4)  (74.2446 , 6)  (58.7666 , 7)  (55.3978 , 2)  (50.3819 , 9)  (47.2269 , 1)  (46.5368 , 8)  (45.4881 , 5)  (42.9381 , 3)  
(93.7903 , 6)  (60.9077 , 2)  (59.5287 , 8)  (56.6643 , 5)  (54.3587 , 4)  (53.3282 , 1)  (49.432 , 9)  (47.9566 , 7)  (40.3405 , 3)  
(95.7321 , 5)  (64.3652 , 6)  (62.681 , 8)  (62.1991 , 3)  (59.0814 , 1)  (55.0239 , 4)  (44.5126 , 7)  (40.8053 , 2)  (27.9397 , 9)  
(94.3486 , 8)  (60.7453 , 2)  (56.5346 , 4)  (56.089 , 9)  (53.0838 , 1)  (52.1228 , 7)  (51.0106 , 6)  (49.8549 , 3)  (38.3789 , 5)  
(102.639 , 2)  (63.175 , 7)  (56.5526 , 3)  (52.6753 , 8)  (52.6707 , 6)  (50.7428 , 4)  (48.8753 , 5)  (46.6564 , 9)  (41.918 , 1)  
(105.571 , 1)  (55.0544 , 7)  (51.8622 , 3)  (51.0943 , 4)  (49.6916 , 6)  (47.9814 , 5)  (47.5115 , 9)  (46.583 , 8)  (46.3128 , 2)  
(93.5732 , 7)  (63.4103 , 2)  (60.8223 , 4)  (57.2088 , 3)  (57.0034 , 6)  (55.2892 , 9)  (46.6541 , 8)  (45.9518 , 5)  (41.8624 , 1)  
