 -------------------711------------
(100.162 , 2)  (68.3283 , 4)  (62.5371 , 7)  (52.7314 , 9)  (52.3081 , 5)  (49.5133 , 3)  (46.1655 , 8)  (43.9525 , 1)  (43.6815 , 6)  
(99.8663 , 7)  (62.5167 , 1)  (59.2411 , 2)  (55.3296 , 3)  (54.9134 , 9)  (53.3552 , 6)  (46.5687 , 5)  (45.5299 , 8)  (45.2457 , 4)  
(82.215 , 3)  (70.2664 , 7)  (64.9545 , 9)  (53.6975 , 4)  (52.6323 , 6)  (51.2363 , 1)  (44.7968 , 5)  (44.3212 , 8)  (43.5287 , 2)  
(98.3549 , 4)  (62.486 , 1)  (61.5309 , 6)  (60.1542 , 7)  (51.3523 , 8)  (50.7656 , 2)  (49.0996 , 5)  (48.4288 , 9)  (44.9455 , 3)  
(101.944 , 8)  (56.042 , 2)  (54.8248 , 6)  (54.1337 , 5)  (54.1249 , 1)  (52.8875 , 9)  (48.7526 , 3)  (46.2513 , 4)  (43.8227 , 7)  
(101.597 , 9)  (56.7221 , 6)  (55.327 , 2)  (53.6506 , 7)  (47.5336 , 3)  (47.2376 , 4)  (46.5661 , 8)  (45.9871 , 1)  (41.8787 , 5)  
(103.838 , 1)  (58.5074 , 6)  (57.7776 , 2)  (57.2596 , 7)  (51.26 , 5)  (46.3382 , 9)  (45.8622 , 4)  (44.7364 , 3)  (40.7968 , 8)  
(101.848 , 6)  (54.7775 , 4)  (53.7686 , 9)  (52.8085 , 7)  (52.7136 , 8)  (50.6687 , 2)  (49.2391 , 1)  (48.3042 , 5)  (43.7104 , 3)  
(91.8307 , 5)  (64.0632 , 6)  (63.3249 , 9)  (60.9556 , 3)  (54.6816 , 2)  (54.0269 , 8)  (48.1678 , 7)  (46.4877 , 1)  (41.2155 , 4)  
