 -------------------65------------
(95.4666 , 2)  (64.7192 , 1)  (57.3431 , 8)  (56.7671 , 6)  (56.7336 , 3)  (46.4193 , 9)  (41.6267 , 7)  (39.4831 , 4)  (35.8805 , 5)  
(96.2928 , 6)  (59.2074 , 3)  (55.4021 , 4)  (52.5016 , 1)  (47.4425 , 7)  (45.5353 , 5)  (44.7009 , 8)  (40.7567 , 9)  (37.8363 , 2)  
(106.265 , 7)  (62.0606 , 6)  (57.6441 , 4)  (50.1659 , 5)  (47.9633 , 9)  (47.2769 , 2)  (47.1689 , 1)  (44.5233 , 3)  (38.585 , 8)  
(101.733 , 5)  (65.7536 , 6)  (62.981 , 2)  (55.1159 , 4)  (49.6021 , 3)  (48.5805 , 7)  (47.4259 , 1)  (46.4152 , 9)  (42.7716 , 8)  
(92.2555 , 8)  (62.1808 , 2)  (59.4079 , 9)  (53.4755 , 1)  (52.3968 , 4)  (51.1762 , 7)  (50.4856 , 6)  (48.5231 , 3)  (39.6182 , 5)  
(72.9337 , 4)  (69.6511 , 1)  (56.3246 , 6)  (55.3341 , 5)  (54.245 , 9)  (51.9404 , 2)  (47.4314 , 8)  (45.7934 , 7)  (42.735 , 3)  
(87.7574 , 3)  (66.91 , 7)  (63.3784 , 9)  (57.2069 , 4)  (55.4864 , 2)  (53.1549 , 8)  (51.3887 , 5)  (48.675 , 1)  (46.3347 , 6)  
(102.355 , 1)  (60.5978 , 7)  (55.0847 , 3)  (51.8475 , 6)  (49.5555 , 8)  (49.5006 , 4)  (47.1625 , 9)  (46.9347 , 2)  (46.2273 , 5)  
(94.43 , 9)  (58.605 , 4)  (55.9749 , 7)  (55.2404 , 3)  (54.5227 , 6)  (49.3755 , 2)  (47.7295 , 8)  (47.1611 , 5)  (46.9654 , 1)  
