 -------------------24------------
(104.251 , 6)  (60.757 , 5)  (60.6091 , 2)  (53.9576 , 7)  (48.1422 , 3)  (47.984 , 4)  (45.0957 , 8)  (41.1399 , 9)  (39.6564 , 1)  
(104.203 , 7)  (61.2036 , 3)  (53.4997 , 5)  (49.7694 , 8)  (48.7315 , 6)  (48.447 , 2)  (47.3717 , 1)  (46.9939 , 4)  (40.6078 , 9)  
(102.031 , 5)  (57.7214 , 3)  (53.5867 , 8)  (52.2733 , 7)  (50.3815 , 6)  (47.7755 , 4)  (44.7303 , 1)  (44.4135 , 2)  (40.621 , 9)  
(80.7423 , 2)  (72.8047 , 4)  (60.1808 , 3)  (58.8801 , 1)  (54.6767 , 8)  (52.6797 , 9)  (52.1705 , 5)  (50.9544 , 7)  (49.4847 , 6)  
(100.84 , 9)  (62.113 , 6)  (52.8591 , 2)  (52.653 , 8)  (50.9851 , 7)  (50.9138 , 1)  (48.6177 , 3)  (46.3459 , 4)  (39.8938 , 5)  
(95.0043 , 3)  (74.9715 , 5)  (54.9057 , 2)  (51.6513 , 6)  (51.0643 , 8)  (49.0114 , 4)  (46.5421 , 9)  (43.5603 , 7)  (42.7931 , 1)  
(98.9715 , 1)  (60.5763 , 5)  (59.7348 , 7)  (56.729 , 6)  (55.0245 , 9)  (53.3085 , 2)  (44.8121 , 3)  (44.1412 , 8)  (39.2391 , 4)  
(92.8734 , 8)  (63.0359 , 6)  (61.5175 , 2)  (59.595 , 9)  (54.1982 , 7)  (53.2386 , 1)  (50.1665 , 5)  (47.1598 , 3)  (38.9127 , 4)  
(105.397 , 4)  (58.6446 , 6)  (55.1149 , 2)  (51.9352 , 8)  (51.8047 , 7)  (51.5885 , 1)  (50.2072 , 9)  (47.6215 , 3)  (37.0166 , 5)  
