 -------------------1078------------
(100.812 , 3)  (64.8001 , 7)  (58.6303 , 2)  (58.612 , 1)  (56.0873 , 6)  (53.847 , 9)  (45.8698 , 8)  (44.3935 , 5)  (40.5698 , 4)  
(102.636 , 7)  (60.4492 , 9)  (54.615 , 1)  (54.4314 , 6)  (52.1453 , 3)  (48.8177 , 2)  (48.367 , 5)  (42.5962 , 8)  (42.2796 , 4)  
(95.9009 , 2)  (61.7367 , 3)  (57.9203 , 9)  (55.7288 , 1)  (51.9302 , 8)  (50.7996 , 6)  (47.9973 , 7)  (42.2154 , 5)  (41.5065 , 4)  
(79.9761 , 7)  (76.0531 , 9)  (64.3065 , 5)  (62.2582 , 6)  (51.3005 , 3)  (50.7259 , 2)  (48.0877 , 1)  (46.7372 , 8)  (45.3815 , 4)  
(94.4176 , 4)  (78.2635 , 7)  (65.0128 , 6)  (53.9911 , 1)  (48.5065 , 3)  (47.8657 , 2)  (46.6399 , 5)  (39.0835 , 8)  (38.5959 , 9)  
(102.168 , 1)  (66.1431 , 7)  (59.4256 , 4)  (50.336 , 2)  (49.9375 , 3)  (48.5544 , 6)  (47.749 , 9)  (43.9422 , 5)  (43.5591 , 8)  
(103.405 , 6)  (65.9598 , 8)  (55.0525 , 7)  (53.7164 , 1)  (49.7289 , 4)  (46.2274 , 5)  (43.7975 , 3)  (43.3353 , 2)  (41.275 , 9)  
(94.7323 , 8)  (58.6862 , 3)  (55.0515 , 9)  (54.401 , 5)  (53.523 , 6)  (52.9737 , 1)  (52.6491 , 7)  (51.3826 , 4)  (44.8858 , 2)  
(91.5286 , 5)  (57.1163 , 4)  (55.0077 , 1)  (53.7112 , 3)  (52.0587 , 6)  (49.3743 , 2)  (47.656 , 8)  (47.1186 , 7)  (44.8582 , 9)  
