 -------------------305------------
(97.0933 , 9)  (59.0521 , 4)  (58.3845 , 2)  (51.4563 , 6)  (51.1508 , 8)  (48.8885 , 5)  (45.4347 , 1)  (44.541 , 7)  (42.6735 , 3)  
(97.2478 , 8)  (62.418 , 7)  (57.6906 , 9)  (55.7646 , 2)  (54.0499 , 6)  (52.7809 , 1)  (47.5832 , 4)  (45.6746 , 3)  (43.1856 , 5)  
(104.776 , 7)  (58.1636 , 9)  (53.2146 , 2)  (50.3854 , 1)  (49.675 , 6)  (49.3978 , 8)  (49.0062 , 4)  (47.1905 , 3)  (38.3733 , 5)  
(95.3739 , 1)  (67.4081 , 7)  (62.6145 , 6)  (48.9701 , 2)  (48.9244 , 5)  (48.37 , 8)  (46.3798 , 4)  (45.6875 , 9)  (45.5 , 3)  
(104.782 , 2)  (57.2034 , 9)  (53.6391 , 5)  (52.5531 , 1)  (51.2938 , 7)  (49.819 , 8)  (49.6787 , 3)  (48.5233 , 4)  (45.312 , 6)  
(77.5956 , 6)  (77.1085 , 1)  (62.1516 , 8)  (56.4025 , 2)  (52.2214 , 9)  (50.7771 , 3)  (49.5853 , 7)  (49.3001 , 5)  (45.7453 , 4)  
(102.683 , 3)  (53.4584 , 4)  (51.2789 , 6)  (50.9178 , 7)  (49.6922 , 2)  (49.1677 , 1)  (46.4921 , 8)  (44.6689 , 5)  (44.4162 , 9)  
(92.898 , 4)  (71.0603 , 6)  (57.435 , 8)  (56.5274 , 7)  (55.7278 , 1)  (48.3355 , 9)  (47.8125 , 3)  (44.4996 , 2)  (44.3677 , 5)  
(93.7128 , 5)  (63.3234 , 3)  (58.6965 , 8)  (53.0865 , 9)  (49.3241 , 2)  (47.1126 , 1)  (46.9128 , 6)  (46.6369 , 4)  (43.6711 , 7)  
