 -------------------519------------
(107.005 , 6)  (55.4214 , 1)  (53.7791 , 4)  (53.2288 , 2)  (51.3327 , 8)  (48.2833 , 7)  (48.1651 , 3)  (47.0424 , 5)  (45.0109 , 9)  
(102.775 , 7)  (61.3237 , 3)  (57.2575 , 6)  (55.6268 , 4)  (51.4499 , 8)  (51.3197 , 2)  (47.1426 , 1)  (38.7852 , 5)  (37.0814 , 9)  
(101.359 , 3)  (60.5413 , 9)  (54.2852 , 6)  (52.7643 , 1)  (51.5997 , 7)  (48.02 , 8)  (47.8195 , 2)  (45.7028 , 4)  (41.8806 , 5)  
(90.3979 , 2)  (65.0832 , 6)  (63.4667 , 1)  (57.3677 , 7)  (54.4396 , 3)  (52.9293 , 5)  (50.1802 , 8)  (44.7967 , 9)  (41.0807 , 4)  
(105.284 , 4)  (60.5961 , 7)  (56.4234 , 2)  (54.6298 , 3)  (53.2593 , 1)  (52.6525 , 8)  (50.2002 , 5)  (48.1565 , 6)  (32.4373 , 9)  
(86.1567 , 5)  (69.2084 , 3)  (63.8331 , 1)  (58.1452 , 8)  (53.0387 , 9)  (50.4396 , 7)  (49.9416 , 6)  (43.6774 , 2)  (36.477 , 4)  
(102.348 , 1)  (68.6619 , 7)  (53.6186 , 2)  (53.4135 , 6)  (48.289 , 5)  (48.2416 , 9)  (45.4674 , 8)  (43.6653 , 3)  (41.3226 , 4)  
(96.4001 , 8)  (73.5193 , 2)  (60.7545 , 4)  (55.9908 , 7)  (49.7603 , 6)  (46.6766 , 1)  (44.4876 , 9)  (42.4103 , 3)  (38.323 , 5)  
(95.2999 , 9)  (64.3002 , 4)  (56.7989 , 3)  (51.4821 , 2)  (50.6958 , 6)  (50.5669 , 7)  (49.1554 , 5)  (47.3076 , 1)  (40.8438 , 8)  
