 -------------------374------------
(80.0843 , 7)  (74.3223 , 9)  (66.5782 , 6)  (57.4893 , 3)  (55.6763 , 1)  (52.9185 , 5)  (45.0469 , 8)  (44.2634 , 4)  (44.2634 , 2)  
(100.679 , 8)  (64.1134 , 1)  (60.3383 , 7)  (54.245 , 9)  (51.0466 , 2)  (50.2383 , 6)  (47.5536 , 4)  (44.9219 , 5)  (44.2917 , 3)  
(102.259 , 1)  (57.8739 , 7)  (57.8265 , 6)  (54.078 , 2)  (53.4071 , 9)  (49.5974 , 5)  (48.808 , 3)  (47.3 , 8)  (43.9292 , 4)  
(103.293 , 3)  (58.4031 , 4)  (55.5725 , 7)  (50.55 , 2)  (50.4376 , 8)  (49.9089 , 1)  (47.4969 , 6)  (42.4638 , 5)  (39.4733 , 9)  
(98.53 , 2)  (58.1958 , 1)  (54.9147 , 7)  (53.6855 , 9)  (52.6201 , 3)  (52.1134 , 4)  (51.7344 , 5)  (48.994 , 6)  (39.9842 , 8)  
(76.1192 , 9)  (69.6651 , 7)  (63.3804 , 8)  (57.5375 , 1)  (54.0036 , 4)  (53.2584 , 6)  (45.2275 , 3)  (44.8321 , 2)  (43.846 , 5)  
(99.5596 , 4)  (60.9978 , 3)  (54.3534 , 1)  (53.9474 , 2)  (53.8155 , 6)  (53.3218 , 7)  (52.5902 , 9)  (43.7138 , 5)  (41.5548 , 8)  
(102.944 , 5)  (67.5814 , 2)  (66.0841 , 8)  (53.1193 , 1)  (48.6448 , 3)  (46.8312 , 6)  (43.9645 , 9)  (38.3961 , 4)  (37.9219 , 7)  
(104.798 , 6)  (55.819 , 5)  (53.6515 , 4)  (51.0239 , 2)  (49.3844 , 7)  (48.1875 , 1)  (47.2183 , 3)  (47.1337 , 8)  (43.7925 , 9)  
