 -------------------655------------
(92.6575 , 7)  (65.5926 , 9)  (57.7815 , 6)  (56.9174 , 1)  (55.8275 , 2)  (53.3898 , 3)  (48.6846 , 5)  (46.9246 , 8)  (44.6477 , 4)  
(103.344 , 8)  (71.2188 , 9)  (61.9153 , 7)  (55.3718 , 6)  (53.319 , 1)  (46.0131 , 4)  (45.534 , 2)  (40.4006 , 3)  (30.894 , 5)  
(105.484 , 6)  (55.5693 , 8)  (53.2976 , 3)  (51.3358 , 7)  (46.1436 , 4)  (44.9334 , 9)  (44.5557 , 5)  (43.7386 , 1)  (39.3605 , 2)  
(93.6018 , 5)  (68.5083 , 3)  (60.4143 , 9)  (54.9718 , 1)  (54.2785 , 6)  (50.0962 , 8)  (47.031 , 2)  (38.527 , 7)  (37.2652 , 4)  
(78.3843 , 4)  (68.8979 , 7)  (65.01 , 6)  (61.6351 , 9)  (51.8624 , 1)  (51.457 , 2)  (46.3008 , 3)  (46.0762 , 5)  (36.262 , 8)  
(101.834 , 2)  (64.9209 , 8)  (62.4281 , 6)  (58.4097 , 7)  (52.269 , 9)  (50.2491 , 3)  (45.8412 , 4)  (40.0224 , 5)  (38.6904 , 1)  
(84.9216 , 3)  (60.7275 , 5)  (57.4424 , 9)  (57.1466 , 8)  (54.2855 , 6)  (52.1141 , 7)  (49.7632 , 2)  (45.9977 , 1)  (42.4097 , 4)  
(86.0697 , 9)  (66.4588 , 4)  (60.0287 , 7)  (56.8578 , 3)  (50.0593 , 5)  (49.66 , 6)  (47.8974 , 2)  (44.5964 , 8)  (40.0014 , 1)  
(103.988 , 1)  (55.3305 , 7)  (52.365 , 8)  (50.3267 , 2)  (50.0943 , 3)  (48.9255 , 4)  (48.4912 , 5)  (45.825 , 6)  (42.9818 , 9)  
