 -------------------194------------
(99.0918 , 5)  (68.5711 , 3)  (64.3479 , 4)  (59.3338 , 6)  (57.3386 , 1)  (56.7548 , 8)  (41.7689 , 2)  (38.4397 , 9)  (37.7815 , 7)  
(89.996 , 6)  (64.4921 , 8)  (58.4315 , 4)  (55.6061 , 1)  (51.7014 , 3)  (49.718 , 9)  (49.6976 , 2)  (47.6429 , 5)  (44.2563 , 7)  
(100.606 , 8)  (61.6928 , 7)  (55.8889 , 1)  (52.5801 , 6)  (51.4735 , 5)  (51.0602 , 2)  (49.2258 , 4)  (46.6523 , 3)  (44.2977 , 9)  
(104.066 , 3)  (63.2556 , 2)  (52.0249 , 9)  (48.7327 , 6)  (48.5469 , 8)  (46.7827 , 1)  (46.3062 , 4)  (42.7829 , 5)  (41.0663 , 7)  
(101.377 , 4)  (71.2152 , 6)  (59.4392 , 2)  (55.6168 , 7)  (48.8328 , 3)  (46.6942 , 5)  (46.3525 , 1)  (45.993 , 8)  (41.5272 , 9)  
(102.563 , 1)  (57.0692 , 7)  (54.634 , 4)  (52.8646 , 3)  (49.7279 , 5)  (49.6313 , 6)  (48.3892 , 8)  (47.9913 , 2)  (47.3951 , 9)  
(100.962 , 9)  (58.4035 , 7)  (56.4195 , 8)  (53.0334 , 2)  (52.1172 , 6)  (50.6887 , 1)  (49.7968 , 3)  (47.4687 , 4)  (40.0045 , 5)  
(87.4319 , 7)  (78.8084 , 1)  (65.5809 , 3)  (53.7562 , 2)  (50.6676 , 4)  (50.0366 , 9)  (47.6188 , 6)  (46.8204 , 8)  (43.7824 , 5)  
(92.2792 , 2)  (64.7215 , 5)  (62.0001 , 1)  (59.5149 , 6)  (58.8518 , 9)  (52.9221 , 8)  (51.2436 , 3)  (49.388 , 7)  (35.2672 , 4)  
