 -------------------161------------
(95.3343 , 9)  (61.975 , 7)  (61.227 , 6)  (52.8578 , 1)  (52.7224 , 4)  (52.1611 , 3)  (50.0387 , 8)  (48.9371 , 2)  (37.7424 , 5)  
(104.181 , 7)  (55.5744 , 3)  (53.1986 , 6)  (51.4058 , 4)  (51.0388 , 1)  (50.0016 , 5)  (48.495 , 8)  (45.2486 , 2)  (43.4025 , 9)  
(104.377 , 2)  (59.7448 , 9)  (54.7744 , 5)  (53.5808 , 1)  (52.0351 , 3)  (52.0333 , 8)  (50.5152 , 4)  (49.5903 , 6)  (37.6185 , 7)  
(94.4673 , 8)  (74.717 , 5)  (55.3877 , 6)  (54.5955 , 3)  (51.763 , 9)  (50.4531 , 4)  (49.2587 , 2)  (48.2214 , 1)  (42.4202 , 7)  
(90.0559 , 3)  (71.9152 , 2)  (65.0627 , 7)  (59.2127 , 9)  (50.7994 , 4)  (49.8896 , 6)  (48.8109 , 1)  (47.3941 , 5)  (39.4589 , 8)  
(90.5115 , 6)  (67.3667 , 5)  (65.3614 , 8)  (53.1274 , 7)  (52.0664 , 3)  (51.5029 , 1)  (48.2822 , 2)  (43.5403 , 9)  (41.1067 , 4)  
(103.099 , 1)  (61.2096 , 7)  (55.2294 , 4)  (50.1322 , 3)  (48.9871 , 6)  (47.8684 , 9)  (46.9442 , 8)  (46.5748 , 2)  (44.4112 , 5)  
(98.2174 , 4)  (67.5236 , 2)  (62.1257 , 6)  (55.6424 , 1)  (54.167 , 8)  (52.1919 , 7)  (48.9168 , 5)  (40.7481 , 3)  (39.4018 , 9)  
(89.6504 , 5)  (56.9526 , 6)  (55.6111 , 7)  (55.4122 , 1)  (54.4903 , 3)  (54.0373 , 9)  (45.6616 , 2)  (44.5921 , 8)  (40.7336 , 4)  
