 -------------------676------------
(97.9591 , 1)  (59.0205 , 7)  (56.6289 , 3)  (52.9472 , 8)  (50.9006 , 6)  (50.2398 , 4)  (49.3709 , 2)  (46.022 , 5)  (44.5211 , 9)  
(91.3156 , 8)  (54.382 , 7)  (54.3727 , 5)  (53.2176 , 9)  (51.6251 , 2)  (51.2499 , 3)  (50.8956 , 6)  (49.7701 , 4)  (49.6374 , 1)  
(81.4065 , 5)  (65.5749 , 8)  (61.1383 , 4)  (60.1685 , 3)  (57.6438 , 1)  (57.021 , 6)  (53.5792 , 7)  (39.4955 , 9)  (32.7727 , 2)  
(101.717 , 2)  (57.2742 , 9)  (55.9346 , 3)  (54.8254 , 1)  (50.4304 , 8)  (49.2626 , 5)  (46.2718 , 6)  (43.3966 , 4)  (41.0044 , 7)  
(99.1503 , 3)  (62.1844 , 1)  (55.0479 , 9)  (54.1756 , 2)  (53.6296 , 7)  (50.5178 , 6)  (45.2558 , 4)  (43.8199 , 5)  (41.3398 , 8)  
(96.6742 , 9)  (60.7609 , 6)  (55.754 , 7)  (55.679 , 3)  (51.1526 , 4)  (47.669 , 2)  (47.4066 , 8)  (46.4546 , 1)  (40.78 , 5)  
(95.8314 , 7)  (61.0803 , 9)  (57.0015 , 1)  (55.8432 , 6)  (54.5975 , 3)  (51.3917 , 2)  (48.7961 , 5)  (40.2787 , 4)  (36.5069 , 8)  
(99.8118 , 4)  (63.9329 , 9)  (62.9898 , 1)  (60.4564 , 6)  (47.4516 , 7)  (47.0787 , 5)  (45.6216 , 2)  (45.0893 , 8)  (38.0888 , 3)  
(103.3 , 6)  (58.0166 , 3)  (55.4326 , 4)  (54.1057 , 9)  (52.717 , 2)  (51.3031 , 1)  (46.776 , 7)  (46.5536 , 5)  (41.0295 , 8)  
