 -------------------207------------
(102.045 , 3)  (63.9562 , 5)  (55.8759 , 2)  (55.3459 , 4)  (51.4365 , 1)  (49.6009 , 6)  (48.9198 , 9)  (48.0999 , 7)  (43.7345 , 8)  
(102.297 , 8)  (58.4242 , 9)  (54.5313 , 3)  (51.4731 , 4)  (50.0953 , 6)  (46.9975 , 2)  (46.9078 , 1)  (45.1354 , 5)  (43.4585 , 7)  
(90.4043 , 1)  (60.3738 , 2)  (59.7801 , 4)  (53.8948 , 7)  (51.4685 , 3)  (51.0668 , 9)  (50.5584 , 5)  (49.1971 , 8)  (46.6373 , 6)  
(100.493 , 4)  (74.6347 , 6)  (59.3542 , 7)  (59.1649 , 9)  (51.3006 , 1)  (47.9375 , 3)  (43.8767 , 2)  (43.6592 , 5)  (41.9304 , 8)  
(106.731 , 7)  (55.5161 , 6)  (53.3797 , 9)  (52.1902 , 3)  (52.0878 , 1)  (48.8982 , 4)  (47.0822 , 2)  (43.2848 , 8)  (42.6154 , 5)  
(99.224 , 9)  (56.055 , 7)  (52.3852 , 3)  (52.0209 , 6)  (51.4106 , 2)  (50.9915 , 1)  (49.8185 , 4)  (46.6236 , 5)  (43.014 , 8)  
(104.003 , 6)  (54.2075 , 1)  (53.8703 , 5)  (53.3968 , 4)  (51.7486 , 9)  (50.0064 , 3)  (46.6922 , 7)  (45.579 , 2)  (42.7613 , 8)  
(108.2 , 2)  (60.6433 , 1)  (57.0923 , 9)  (53.0742 , 6)  (48.8081 , 8)  (47.3098 , 7)  (46.4827 , 3)  (39.5193 , 5)  (35.2973 , 4)  
(99.1609 , 5)  (64.6862 , 3)  (58.2393 , 9)  (54.5693 , 6)  (53.8557 , 1)  (49.6983 , 7)  (42.6141 , 4)  (41.6298 , 2)  (40.7142 , 8)  
