 -------------------297------------
(98.7731 , 5)  (70.1368 , 9)  (65.2343 , 6)  (59.9037 , 4)  (47.6865 , 7)  (45.2586 , 2)  (43.2084 , 3)  (42.2844 , 1)  (41.0263 , 8)  
(108.363 , 6)  (53.0451 , 3)  (51.5763 , 4)  (50.5238 , 2)  (48.8988 , 7)  (47.4368 , 8)  (47.0116 , 9)  (45.5876 , 1)  (44.6483 , 5)  
(99.6378 , 2)  (54.7937 , 9)  (54.6933 , 3)  (52.1168 , 7)  (51.9388 , 1)  (48.8092 , 8)  (48.5754 , 5)  (48.4975 , 4)  (48.0967 , 6)  
(96.282 , 9)  (59.1386 , 7)  (58.7474 , 4)  (53.9132 , 6)  (51.5207 , 1)  (47.994 , 8)  (44.9445 , 3)  (43.4608 , 2)  (41.6019 , 5)  
(95.2685 , 3)  (62.743 , 7)  (61.491 , 8)  (58.1058 , 6)  (57.0899 , 2)  (48.5991 , 4)  (48.4584 , 1)  (41.5572 , 5)  (40.4753 , 9)  
(97.7751 , 8)  (67.5124 , 9)  (61.3814 , 7)  (57.9879 , 6)  (54.6307 , 3)  (50.2463 , 2)  (50.1106 , 1)  (40.4714 , 4)  (39.7127 , 5)  
(106.736 , 4)  (58.7832 , 6)  (55.0579 , 2)  (49.978 , 1)  (49.3074 , 8)  (49.071 , 3)  (47.1302 , 7)  (42.9732 , 9)  (37.7005 , 5)  
(102.871 , 1)  (56.3057 , 6)  (56.0531 , 7)  (53.0401 , 2)  (49.451 , 4)  (49.382 , 5)  (48.1644 , 8)  (47.3301 , 9)  (44.2454 , 3)  
(107.384 , 7)  (58.2581 , 3)  (57.6077 , 5)  (56.2724 , 6)  (50.9107 , 1)  (50.6268 , 8)  (45.3275 , 4)  (33.5362 , 9)  (32.3311 , 2)  
