 -------------------590------------
(90.6679 , 6)  (64.5709 , 2)  (58.6278 , 9)  (56.556 , 5)  (53.5008 , 8)  (51.6963 , 4)  (45.6744 , 7)  (44.87 , 1)  (34.6807 , 3)  
(89.062 , 5)  (84.4854 , 8)  (77.1475 , 6)  (52.3622 , 3)  (46.4999 , 9)  (43.9393 , 7)  (43.162 , 2)  (40.39 , 1)  (35.6882 , 4)  
(72.9081 , 9)  (70.7489 , 7)  (58.1033 , 1)  (57.7264 , 8)  (56.0678 , 6)  (53.5777 , 4)  (50.917 , 3)  (47.7723 , 5)  (43.7199 , 2)  
(97.9956 , 8)  (59.0396 , 6)  (57.1276 , 9)  (54.4904 , 7)  (52.743 , 1)  (51.5043 , 3)  (48.0932 , 2)  (45.158 , 4)  (41.9605 , 5)  
(77.8863 , 2)  (70.6193 , 1)  (65.1618 , 8)  (59.5387 , 3)  (54.6977 , 6)  (52.7608 , 7)  (50.6685 , 9)  (45.0765 , 5)  (37.8834 , 4)  
(94.3857 , 1)  (68.5164 , 6)  (58.4068 , 4)  (57.668 , 2)  (55.4069 , 5)  (46.3098 , 8)  (45.2543 , 7)  (41.8859 , 3)  (34.9341 , 9)  
(76.2512 , 7)  (63.2094 , 4)  (62.5252 , 9)  (56.8908 , 2)  (53.2408 , 5)  (50.8893 , 1)  (48.2265 , 8)  (46.5893 , 6)  (46.0379 , 3)  
(104.938 , 4)  (59.3051 , 7)  (56.3848 , 2)  (53.8105 , 1)  (51.81 , 6)  (49.4284 , 3)  (49.0757 , 8)  (46.064 , 5)  (42.6372 , 9)  
(90.941 , 3)  (61.7816 , 5)  (58.9688 , 7)  (55.3143 , 4)  (53.3922 , 8)  (51.2888 , 2)  (46.4229 , 9)  (46.0343 , 6)  (43.6438 , 1)  
