 -------------------947------------
(99.2299 , 7)  (75.9197 , 9)  (61.4655 , 6)  (61.2938 , 2)  (57.8509 , 1)  (46.9638 , 4)  (46.7972 , 5)  (39.0963 , 3)  (29.1622 , 8)  
(90.5268 , 5)  (72.9732 , 3)  (61.19 , 6)  (54.4302 , 1)  (54.1709 , 9)  (50.4911 , 7)  (43.1016 , 4)  (42.2489 , 8)  (36.4738 , 2)  
(85.7477 , 6)  (70.8628 , 5)  (69.2314 , 8)  (54.2137 , 7)  (54.1899 , 1)  (51.8543 , 3)  (48.92 , 2)  (43.4328 , 9)  (33.6005 , 4)  
(92.9389 , 1)  (68.8791 , 7)  (56.7805 , 4)  (56.679 , 2)  (54.6218 , 6)  (47.3843 , 3)  (47.3105 , 5)  (46.2295 , 8)  (40.1798 , 9)  
(89.098 , 9)  (64.5427 , 6)  (60.8446 , 5)  (60.1304 , 4)  (57.8969 , 7)  (51.4114 , 8)  (49.8865 , 1)  (47.3002 , 3)  (41.8473 , 2)  
(99.7727 , 4)  (59.1452 , 7)  (55.9754 , 9)  (55.0951 , 3)  (54.7313 , 2)  (54.1621 , 1)  (52.4207 , 6)  (50.8574 , 5)  (32.218 , 8)  
(75.8047 , 2)  (62.6878 , 3)  (58.1777 , 7)  (55.7535 , 1)  (53.9462 , 8)  (52.9824 , 6)  (50.2766 , 9)  (47.9199 , 4)  (46.4084 , 5)  
(107.942 , 8)  (57.4171 , 4)  (53.0005 , 9)  (49.8938 , 3)  (49.8389 , 1)  (48.0567 , 2)  (46.9577 , 6)  (46.3558 , 7)  (40.8641 , 5)  
(98.0437 , 3)  (56.3382 , 7)  (55.1956 , 2)  (52.6125 , 9)  (51.3396 , 8)  (51.2679 , 4)  (51.0064 , 6)  (47.2083 , 1)  (45.2428 , 5)  
