 -------------------262------------
(106.844 , 7)  (55.5711 , 6)  (52.902 , 9)  (50.9605 , 3)  (49.0779 , 2)  (48.1125 , 4)  (47.9913 , 1)  (47.9109 , 5)  (43.5573 , 8)  
(93.7254 , 3)  (67.8468 , 2)  (63.0873 , 1)  (57.5345 , 4)  (57.4388 , 9)  (54.8836 , 8)  (54.4004 , 6)  (42.0642 , 7)  (40.8352 , 5)  
(100.662 , 8)  (64.2255 , 5)  (57.2112 , 6)  (56.1561 , 7)  (51.2531 , 3)  (50.259 , 4)  (49.0602 , 2)  (48.4655 , 1)  (45.7225 , 9)  
(97.1206 , 1)  (74.6613 , 7)  (56.5337 , 6)  (56.1745 , 4)  (51.0078 , 2)  (48.0861 , 5)  (47.6381 , 3)  (46.3085 , 9)  (41.7816 , 8)  
(99.005 , 9)  (65.3571 , 7)  (55.2349 , 6)  (53.6931 , 2)  (52.7521 , 8)  (52.0708 , 1)  (47.5851 , 3)  (45.2536 , 4)  (39.4153 , 5)  
(88.5064 , 5)  (71.8624 , 3)  (64.0897 , 6)  (61.8273 , 1)  (50.1018 , 8)  (50.0832 , 7)  (47.8588 , 9)  (44.2358 , 4)  (38.2807 , 2)  
(101.479 , 6)  (60.0029 , 8)  (59.8355 , 4)  (53.4865 , 3)  (53.3736 , 7)  (48.1058 , 1)  (44.7789 , 5)  (39.986 , 9)  (37.6094 , 2)  
(86.853 , 4)  (75.7495 , 6)  (58.8484 , 7)  (52.3605 , 8)  (51.3099 , 1)  (48.913 , 2)  (48.6051 , 9)  (48.3731 , 5)  (46.2303 , 3)  
(104.801 , 2)  (67.8558 , 8)  (60.0498 , 3)  (52.7701 , 9)  (51.3404 , 6)  (48.3317 , 4)  (48.0058 , 1)  (42.9998 , 5)  (41.3651 , 7)  
