 -------------------340------------
(95.3668 , 9)  (60.1956 , 7)  (57.9035 , 4)  (55.7742 , 8)  (51.2544 , 5)  (48.5768 , 2)  (48.0567 , 6)  (47.3168 , 1)  (45.7959 , 3)  
(104.046 , 8)  (53.9128 , 5)  (52.7057 , 1)  (52.6737 , 4)  (51.9321 , 3)  (50.7463 , 9)  (49.2298 , 6)  (45.742 , 7)  (44.5426 , 2)  
(102.674 , 3)  (58.7504 , 6)  (56.2293 , 8)  (55.8973 , 4)  (50.7395 , 7)  (50.1325 , 2)  (48.6409 , 1)  (47.9481 , 9)  (45.0347 , 5)  
(90.3428 , 4)  (69.9989 , 9)  (58.4618 , 1)  (56.0389 , 6)  (55.3951 , 3)  (54.4846 , 2)  (50.1093 , 7)  (49.3641 , 5)  (32.6323 , 8)  
(107.921 , 6)  (59.1243 , 4)  (55.4734 , 9)  (55.1031 , 7)  (50.3011 , 5)  (50.1757 , 2)  (49.7066 , 3)  (48.8304 , 1)  (44.2968 , 8)  
(102.825 , 1)  (54.5829 , 8)  (54.0822 , 9)  (53.2779 , 6)  (51.8253 , 7)  (50.4831 , 3)  (49.1674 , 5)  (45.7873 , 4)  (44.0396 , 2)  
(101.929 , 7)  (62.1874 , 2)  (58.8028 , 6)  (57.1705 , 1)  (52.0614 , 3)  (47.1479 , 9)  (42.0864 , 5)  (41.9783 , 8)  (39.3987 , 4)  
(104.318 , 5)  (60.9965 , 7)  (53.2735 , 2)  (49.9605 , 1)  (49.5757 , 6)  (47.0257 , 3)  (45.1035 , 9)  (42.9509 , 8)  (40.2799 , 4)  
(105.206 , 2)  (56.226 , 3)  (55.2374 , 1)  (53.7569 , 8)  (52.5805 , 9)  (48.7479 , 6)  (46.7702 , 4)  (46.6672 , 7)  (42.6599 , 5)  
