 -------------------255------------
(93.8466 , 1)  (79.5365 , 7)  (64.6589 , 4)  (56.6317 , 6)  (53.3291 , 2)  (48.4895 , 3)  (45.4165 , 5)  (36.257 , 8)  (36.0725 , 9)  
(98.5798 , 4)  (69.1661 , 2)  (57.3378 , 7)  (55.2242 , 1)  (53.1029 , 5)  (49.3313 , 6)  (48.5017 , 3)  (48.0234 , 9)  (39.2388 , 8)  
(97.7644 , 9)  (58.0967 , 4)  (56.2256 , 6)  (52.582 , 7)  (50.5245 , 8)  (49.5158 , 1)  (46.1089 , 3)  (43.7644 , 2)  (43.4363 , 5)  
(90.662 , 5)  (70.2937 , 9)  (60.8598 , 3)  (53.1625 , 1)  (53.0575 , 6)  (51.4053 , 8)  (45.8842 , 7)  (42.9474 , 4)  (42.0038 , 2)  
(107.536 , 3)  (52.7164 , 6)  (50.7314 , 2)  (49.94 , 1)  (48.7508 , 5)  (47.4467 , 9)  (46.8322 , 7)  (43.1367 , 4)  (40.4398 , 8)  
(105.38 , 8)  (65.8048 , 6)  (52.3169 , 7)  (51.9148 , 1)  (49.9671 , 9)  (49.0726 , 3)  (44.7345 , 4)  (42.438 , 2)  (40.8469 , 5)  
(89.6569 , 7)  (69.1458 , 8)  (63.7664 , 2)  (59.8835 , 1)  (55.0227 , 3)  (49.9428 , 6)  (49.7742 , 5)  (43.6204 , 9)  (42.4875 , 4)  
(99.6128 , 2)  (69.7065 , 3)  (63.2623 , 8)  (57.2679 , 9)  (52.1958 , 1)  (51.7542 , 6)  (47.6293 , 4)  (41.9135 , 5)  (38.2647 , 7)  
(95.8955 , 6)  (72.5307 , 2)  (60.5733 , 5)  (59.2523 , 8)  (50.0475 , 1)  (49.7717 , 7)  (48.3787 , 4)  (45.9586 , 3)  (38.5067 , 9)  
