 -------------------360------------
(93.4466 , 5)  (76.0405 , 9)  (55.6947 , 2)  (54.517 , 7)  (54.15 , 6)  (50.3658 , 1)  (45.1553 , 3)  (43.4976 , 8)  (40.9322 , 4)  
(85.1 , 7)  (76.4089 , 2)  (58.4377 , 5)  (51.084 , 1)  (49.6662 , 3)  (47.9189 , 4)  (47.2377 , 8)  (45.8907 , 6)  (43.4707 , 9)  
(82.0356 , 6)  (79.5907 , 5)  (69.2204 , 8)  (58.7934 , 7)  (57.0814 , 2)  (50.1936 , 1)  (45.2111 , 4)  (44.1345 , 3)  (31.636 , 9)  
(105.144 , 2)  (60.3596 , 9)  (53.802 , 7)  (52.4186 , 1)  (52.2803 , 8)  (51.0711 , 6)  (50.6962 , 3)  (46.2351 , 4)  (43.6525 , 5)  
(103.966 , 1)  (53.2829 , 2)  (52.4085 , 6)  (52.3012 , 7)  (50.2719 , 5)  (49.7596 , 8)  (49.6048 , 9)  (49.4739 , 3)  (47.2395 , 4)  
(101.884 , 4)  (59.9897 , 6)  (58.4656 , 7)  (53.7306 , 2)  (53.6942 , 1)  (53.388 , 9)  (49.8782 , 5)  (38.025 , 3)  (36.7665 , 8)  
(86.0135 , 8)  (69.3216 , 1)  (62.3202 , 5)  (57.4191 , 2)  (57.2927 , 6)  (52.9411 , 3)  (51.3636 , 9)  (42.6793 , 4)  (40.2722 , 7)  
(97.7352 , 9)  (57.1098 , 7)  (52.2601 , 4)  (51.9479 , 6)  (50.6014 , 2)  (50.5558 , 1)  (48.6044 , 8)  (47.0159 , 5)  (45.3803 , 3)  
(98.8119 , 3)  (58.4623 , 1)  (55.4461 , 5)  (54.7716 , 6)  (53.9666 , 9)  (53.4397 , 2)  (53.4377 , 4)  (52.2682 , 8)  (44.3134 , 7)  
