 -------------------657------------
(95.6094 , 1)  (62.8283 , 7)  (53.1149 , 6)  (52.2852 , 2)  (51.8247 , 8)  (48.4451 , 5)  (47.8161 , 3)  (47.7442 , 9)  (43.9268 , 4)  
(92.1037 , 8)  (55.7014 , 7)  (55.2666 , 5)  (53.4643 , 3)  (52.9957 , 9)  (52.1654 , 4)  (49.2606 , 2)  (48.8523 , 6)  (46.9713 , 1)  
(85.0023 , 5)  (65.253 , 4)  (64.2032 , 3)  (61.9753 , 8)  (55.1898 , 1)  (54.4424 , 7)  (49.2462 , 6)  (41.9922 , 9)  (35.5129 , 2)  
(104.161 , 2)  (60.137 , 3)  (58.6336 , 1)  (54.3544 , 9)  (48.2372 , 5)  (46.6076 , 8)  (46.1911 , 6)  (45.9328 , 4)  (40.9268 , 7)  
(103.426 , 3)  (57.257 , 1)  (54.681 , 6)  (53.3887 , 7)  (53.3385 , 9)  (45.8678 , 4)  (45.6776 , 2)  (43.7904 , 8)  (41.3608 , 5)  
(97.1129 , 9)  (57.3978 , 6)  (54.9269 , 4)  (53.7067 , 7)  (49.6134 , 3)  (49.6132 , 2)  (47.4972 , 8)  (45.6592 , 5)  (44.9644 , 1)  
(94.904 , 7)  (65.1688 , 9)  (56.0669 , 1)  (54.8579 , 6)  (52.3269 , 3)  (51.869 , 2)  (48.5999 , 5)  (43.7081 , 4)  (36.7532 , 8)  
(100.526 , 4)  (60.0624 , 6)  (58.5757 , 9)  (58.4068 , 1)  (51.3219 , 7)  (46.6638 , 5)  (44.7539 , 2)  (44.2955 , 8)  (42.8678 , 3)  
(104.206 , 6)  (58.4033 , 3)  (56.169 , 2)  (53.5898 , 4)  (52.9198 , 7)  (51.1287 , 1)  (50.5197 , 8)  (47.1698 , 5)  (45.1374 , 9)  
