 -------------------977------------
(89.9884 , 1)  (67.9132 , 7)  (60.9266 , 6)  (60.8057 , 4)  (53.0455 , 5)  (51.9983 , 2)  (49.4309 , 3)  (43.5372 , 8)  (41.6361 , 9)  
(87.7452 , 2)  (80.9583 , 1)  (54.7345 , 4)  (51.773 , 3)  (51.0166 , 7)  (50.2553 , 8)  (46.8832 , 9)  (46.4343 , 6)  (42.3624 , 5)  
(94.4846 , 6)  (75.6554 , 8)  (70.9087 , 5)  (56.4371 , 3)  (52.3801 , 7)  (48.7805 , 1)  (46.8117 , 4)  (40.2847 , 2)  (34.7705 , 9)  
(103.314 , 3)  (56.3422 , 6)  (54.1449 , 9)  (52.0605 , 1)  (50.9692 , 7)  (48.3799 , 8)  (45.3666 , 5)  (43.9217 , 4)  (42.8744 , 2)  
(97.7509 , 8)  (63.0701 , 1)  (57.8398 , 7)  (52.4542 , 3)  (51.4625 , 9)  (51.1519 , 6)  (50.316 , 5)  (46.5413 , 2)  (45.1311 , 4)  
(105.003 , 5)  (58.545 , 9)  (55.174 , 3)  (53.9512 , 6)  (52.0544 , 7)  (49.2017 , 2)  (48.9185 , 1)  (46.4495 , 4)  (40.6947 , 8)  
(99.6817 , 4)  (62.3937 , 6)  (59.4158 , 7)  (55.7644 , 1)  (50.1876 , 9)  (48.6832 , 5)  (47.0327 , 3)  (46.1059 , 2)  (41.9303 , 8)  
(100.28 , 9)  (56.4662 , 6)  (55.8001 , 7)  (51.8839 , 2)  (50.1754 , 1)  (49.3851 , 3)  (48.1693 , 4)  (45.7838 , 5)  (36.46 , 8)  
(99.7738 , 7)  (62.0716 , 1)  (58.3401 , 8)  (52.9044 , 3)  (50.4484 , 2)  (44.824 , 6)  (44.5195 , 5)  (43.8358 , 4)  (38.8394 , 9)  
