 -------------------686------------
(95.7266 , 1)  (60.9188 , 3)  (58.1763 , 6)  (55.16 , 7)  (54.7789 , 8)  (48.5262 , 2)  (47.1958 , 9)  (46.0646 , 4)  (44.7356 , 5)  
(85.0115 , 8)  (62.5511 , 7)  (55.965 , 9)  (54.5288 , 5)  (51.6889 , 2)  (49.2367 , 1)  (49.0876 , 4)  (48.9578 , 6)  (48.0068 , 3)  
(82.4737 , 5)  (65.0081 , 8)  (62.5809 , 4)  (56.2646 , 1)  (55.7108 , 6)  (55.0558 , 3)  (53.5301 , 7)  (40.2675 , 9)  (34.4459 , 2)  
(102.707 , 2)  (57.4752 , 9)  (57.0473 , 3)  (55.4386 , 1)  (48.2928 , 8)  (47.8208 , 5)  (47.3983 , 6)  (44.5569 , 4)  (41.5797 , 7)  
(100.999 , 3)  (59.8748 , 1)  (57.8148 , 7)  (55.2136 , 6)  (54.417 , 9)  (49.8119 , 2)  (44.866 , 4)  (41.532 , 8)  (38.1528 , 5)  
(98.554 , 9)  (61.0135 , 6)  (53.6106 , 7)  (51.3418 , 4)  (51.098 , 2)  (47.2635 , 3)  (46.8937 , 5)  (45.1731 , 8)  (41.4097 , 1)  
(96.3764 , 7)  (61.7592 , 9)  (57.9915 , 1)  (55.1469 , 6)  (53.3056 , 5)  (51.5882 , 2)  (50.7935 , 3)  (38.9093 , 8)  (36.5984 , 4)  
(98.3193 , 4)  (63.0729 , 1)  (62.5345 , 9)  (61.9107 , 6)  (49.3919 , 2)  (48.9218 , 7)  (47.7004 , 5)  (43.6033 , 8)  (35.9692 , 3)  
(102.983 , 6)  (55.0509 , 3)  (54.0311 , 4)  (52.218 , 1)  (51.8464 , 2)  (50.6375 , 9)  (49.0019 , 7)  (47.7381 , 5)  (44.6161 , 8)  
