 -------------------911------------
(85.4126 , 3)  (72.4943 , 7)  (59.9029 , 2)  (59.0507 , 4)  (52.0849 , 5)  (50.3916 , 9)  (49.2332 , 8)  (47.4231 , 6)  (43.0333 , 1)  
(88.0621 , 9)  (64.2255 , 6)  (59.4941 , 7)  (54.1456 , 4)  (53.6584 , 1)  (52.2641 , 3)  (48.561 , 2)  (48.3944 , 8)  (44.1675 , 5)  
(99.6761 , 4)  (74.7038 , 6)  (57.4826 , 7)  (54.387 , 2)  (50.475 , 9)  (47.7278 , 1)  (46.0574 , 8)  (45.7798 , 5)  (43.8382 , 3)  
(93.7709 , 6)  (60.1397 , 8)  (59.7811 , 2)  (56.3342 , 5)  (53.6029 , 1)  (53.343 , 4)  (49.8573 , 9)  (48.5645 , 7)  (39.8336 , 3)  
(94.1998 , 5)  (66.4722 , 6)  (64.1637 , 3)  (58.9431 , 8)  (56.8145 , 1)  (52.8366 , 4)  (44.9348 , 7)  (39.6592 , 2)  (32.7228 , 9)  
(94.5627 , 8)  (63.2633 , 2)  (58.3419 , 9)  (55.1968 , 4)  (52.7323 , 7)  (51.6131 , 1)  (50.1553 , 3)  (48.1785 , 6)  (38.2125 , 5)  
(102.577 , 2)  (67.0527 , 7)  (56.8852 , 8)  (54.5583 , 3)  (51.5453 , 6)  (50.1287 , 4)  (48.2151 , 5)  (47.5031 , 9)  (42.2286 , 1)  
(105.69 , 1)  (56.2357 , 7)  (51.9067 , 3)  (50.7811 , 6)  (49.498 , 4)  (47.9795 , 9)  (47.8685 , 5)  (46.6503 , 8)  (45.9354 , 2)  
(88.9988 , 7)  (65.3433 , 2)  (64.6526 , 4)  (57.6321 , 9)  (56.4816 , 3)  (51.8232 , 6)  (47.5937 , 8)  (44.2943 , 1)  (43.7139 , 5)  
