 -------------------724------------
(82.369 , 5)  (77.5276 , 6)  (64.1408 , 8)  (63.713 , 3)  (60.2141 , 1)  (50.4423 , 4)  (47.6287 , 7)  (38.287 , 2)  (36.52 , 9)  
(95.3158 , 4)  (61.5978 , 7)  (59.3132 , 2)  (55.3814 , 5)  (54.8814 , 9)  (54.5979 , 6)  (51.0009 , 1)  (48.4678 , 3)  (35.9549 , 8)  
(87.7105 , 3)  (63.9756 , 2)  (62.8352 , 7)  (55.5139 , 1)  (53.4026 , 6)  (53.0017 , 4)  (51.3373 , 5)  (49.6901 , 9)  (46.7921 , 8)  
(98.5964 , 1)  (62.9479 , 7)  (60.5368 , 5)  (59.2788 , 6)  (53.2859 , 9)  (48.3976 , 2)  (43.6538 , 8)  (43.5227 , 4)  (41.8778 , 3)  
(96.9465 , 8)  (66.5745 , 2)  (65.4519 , 1)  (55.3444 , 7)  (54.4121 , 9)  (51.2537 , 6)  (42.3215 , 4)  (41.7105 , 3)  (33.6743 , 5)  
(96.6935 , 7)  (57.0435 , 6)  (56.4846 , 9)  (53.5581 , 3)  (51.92 , 8)  (47.2585 , 4)  (45.9158 , 5)  (43.0368 , 1)  (42.7326 , 2)  
(78.5564 , 5)  (70.8894 , 8)  (59.0901 , 6)  (59.0497 , 2)  (56.0112 , 9)  (55.8975 , 1)  (47.9901 , 3)  (44.6916 , 7)  (36.2168 , 4)  
(97.5821 , 6)  (60.2599 , 4)  (57.1307 , 3)  (55.2698 , 5)  (48.0272 , 1)  (46.6829 , 8)  (44.9202 , 7)  (41.4142 , 9)  (40.6301 , 2)  
(107.24 , 2)  (61.9742 , 9)  (56.2991 , 5)  (51.5906 , 7)  (50.7086 , 4)  (49.0643 , 1)  (46.9343 , 6)  (46.5435 , 3)  (43.4805 , 8)  
