 -------------------974------------
(89.6796 , 1)  (65.7398 , 7)  (63.8039 , 4)  (59.7702 , 6)  (52.6306 , 5)  (52.384 , 2)  (50.5235 , 3)  (44.9847 , 8)  (41.0579 , 9)  
(88.2154 , 2)  (79.6821 , 1)  (57.3374 , 4)  (53.4361 , 3)  (50.8236 , 7)  (49.8962 , 8)  (46.2965 , 9)  (46.0335 , 6)  (41.8895 , 5)  
(95.3973 , 6)  (75.9749 , 8)  (68.7267 , 5)  (58.2957 , 3)  (52.3884 , 7)  (51.1365 , 4)  (49.0927 , 1)  (39.7163 , 2)  (31.7925 , 9)  
(103.491 , 3)  (56.0625 , 6)  (53.5396 , 9)  (52.5945 , 1)  (49.6489 , 7)  (47.8972 , 8)  (44.5415 , 4)  (44.5227 , 2)  (44.0817 , 5)  
(97.6374 , 8)  (64.1002 , 1)  (55.8796 , 7)  (52.8602 , 3)  (52.6706 , 9)  (50.9337 , 5)  (49.4947 , 6)  (45.7066 , 2)  (45.3085 , 4)  
(105.102 , 5)  (58.8113 , 9)  (54.4967 , 3)  (53.8054 , 6)  (51.5413 , 7)  (49.473 , 2)  (49.1703 , 1)  (46.5827 , 4)  (40.7498 , 8)  
(100.462 , 4)  (60.1098 , 7)  (59.6745 , 6)  (56.0859 , 1)  (49.1764 , 5)  (48.9483 , 9)  (47.7235 , 3)  (46.1263 , 2)  (43.7726 , 8)  
(99.3882 , 9)  (55.8148 , 6)  (54.04 , 7)  (51.9356 , 1)  (51.6661 , 3)  (50.1681 , 2)  (49.0301 , 4)  (48.1197 , 5)  (35.8476 , 8)  
(99.6113 , 7)  (61.7714 , 1)  (58.3112 , 8)  (53.3799 , 3)  (50.6712 , 2)  (44.635 , 5)  (44.5049 , 6)  (43.9168 , 4)  (39.1737 , 9)  
