 -------------------232------------
(97.1538 , 8)  (68.833 , 3)  (57.1231 , 7)  (54.0928 , 4)  (49.7577 , 6)  (49.2595 , 1)  (49.1058 , 5)  (47.1523 , 9)  (44.874 , 2)  
(92.0476 , 4)  (64.4041 , 6)  (55.889 , 5)  (54.909 , 1)  (52.905 , 2)  (52.4943 , 7)  (47.7045 , 3)  (47.3358 , 8)  (37.928 , 9)  
(103.947 , 6)  (56.8135 , 1)  (54.9332 , 2)  (52.2179 , 3)  (49.2072 , 7)  (48.2141 , 4)  (47.2421 , 5)  (46.349 , 8)  (45.2576 , 9)  
(92.8339 , 9)  (68.8044 , 7)  (56.0441 , 6)  (53.9094 , 1)  (52.5283 , 2)  (49.7841 , 5)  (47.4247 , 3)  (45.5158 , 4)  (42.3785 , 8)  
(105.025 , 1)  (57.4898 , 7)  (49.3185 , 5)  (49.0358 , 8)  (48.8205 , 2)  (47.378 , 9)  (46.881 , 6)  (45.9727 , 4)  (45.365 , 3)  
(92.008 , 3)  (61.4171 , 7)  (60.1983 , 5)  (56.6423 , 9)  (53.0257 , 1)  (52.1928 , 2)  (49.0952 , 6)  (48.8928 , 8)  (47.7219 , 4)  
(107.952 , 7)  (58.1191 , 6)  (51.1947 , 5)  (48.2753 , 1)  (47.0808 , 2)  (45.603 , 9)  (45.4783 , 4)  (44.3699 , 8)  (41.264 , 3)  
(87.0599 , 5)  (62.9068 , 3)  (57.6089 , 9)  (57.2791 , 6)  (51.5289 , 1)  (50.533 , 4)  (50.2709 , 2)  (43.6878 , 7)  (41.9059 , 8)  
(78.3589 , 2)  (66.1258 , 8)  (61.7607 , 7)  (59.6233 , 3)  (57.0573 , 6)  (54.8911 , 4)  (52.153 , 1)  (46.1562 , 5)  (42.1875 , 9)  
