 -------------------446------------
(88.9235 , 8)  (67.4975 , 9)  (61.7446 , 2)  (53.9663 , 1)  (53.8996 , 7)  (53.7493 , 6)  (47.8879 , 5)  (46.5797 , 3)  (39.1686 , 4)  
(89.8764 , 7)  (64.7104 , 2)  (63.0141 , 1)  (58.831 , 3)  (57.8748 , 8)  (51.7231 , 6)  (50.5866 , 4)  (47.6396 , 5)  (41.7119 , 9)  
(106.769 , 4)  (59.1299 , 2)  (50.3011 , 1)  (49.835 , 6)  (49.8307 , 8)  (48.9244 , 9)  (45.397 , 5)  (45.3867 , 3)  (45.3829 , 7)  
(109.071 , 2)  (54.1327 , 5)  (52.0799 , 6)  (49.8662 , 1)  (49.2998 , 9)  (48.8299 , 4)  (48.1642 , 7)  (47.2055 , 8)  (39.9354 , 3)  
(97.3142 , 1)  (68.6407 , 2)  (61.3454 , 6)  (56.9207 , 9)  (55.0883 , 5)  (52.4125 , 3)  (46.8545 , 4)  (33.1407 , 8)  (27.3109 , 7)  
(100.267 , 9)  (55.8024 , 3)  (55.3091 , 5)  (53.2966 , 7)  (52.5499 , 1)  (49.4224 , 6)  (48.1284 , 4)  (47.8749 , 2)  (46.2593 , 8)  
(95.7013 , 3)  (62.0393 , 2)  (61.0858 , 1)  (57.292 , 9)  (53.9364 , 7)  (53.3805 , 6)  (52.4499 , 8)  (46.3757 , 5)  (41.7226 , 4)  
(94.4737 , 5)  (60.5208 , 7)  (60.0753 , 6)  (56.5745 , 3)  (50.8611 , 9)  (49.7807 , 1)  (47.8864 , 8)  (42.4708 , 4)  (41.913 , 2)  
(102.934 , 6)  (56.1352 , 8)  (56.0617 , 9)  (53.323 , 4)  (53.2916 , 3)  (51.2377 , 2)  (51.1684 , 7)  (49.4623 , 1)  (44.2831 , 5)  
