 -------------------373------------
(79.8759 , 7)  (73.9755 , 9)  (66.5769 , 6)  (57.7133 , 3)  (55.7175 , 1)  (52.9363 , 5)  (45.3338 , 8)  (44.2576 , 4)  (44.1705 , 2)  
(100.657 , 8)  (64.1905 , 1)  (60.4937 , 7)  (54.3271 , 9)  (51.037 , 2)  (50.4947 , 6)  (47.568 , 4)  (45.063 , 5)  (43.9548 , 3)  
(102.318 , 1)  (58.0235 , 7)  (57.6228 , 6)  (53.7669 , 2)  (52.7161 , 9)  (49.5381 , 5)  (49.0739 , 3)  (47.7766 , 8)  (44.0035 , 4)  
(103.217 , 3)  (57.3825 , 4)  (55.1204 , 7)  (50.5175 , 1)  (50.4946 , 2)  (50.2475 , 8)  (47.0293 , 6)  (44.0623 , 5)  (39.1488 , 9)  
(99.6036 , 2)  (58.7435 , 1)  (54.8639 , 9)  (54.5364 , 7)  (53.3643 , 5)  (51.8484 , 3)  (49.5595 , 4)  (49.4216 , 6)  (39.365 , 8)  
(74.8153 , 9)  (68.6561 , 7)  (64.1692 , 8)  (57.7506 , 1)  (53.8833 , 6)  (53.389 , 4)  (45.505 , 2)  (45.222 , 3)  (43.6954 , 5)  
(99.4859 , 4)  (61.6338 , 3)  (54.7094 , 1)  (52.0832 , 6)  (51.6531 , 2)  (51.4633 , 7)  (50.6129 , 9)  (48.0603 , 5)  (41.8377 , 8)  
(102.98 , 5)  (69.5152 , 2)  (65.6416 , 8)  (53.7268 , 1)  (46.4492 , 3)  (46.1848 , 6)  (44.7078 , 9)  (38.862 , 4)  (38.7925 , 7)  
(104.68 , 6)  (54.7405 , 5)  (53.1773 , 4)  (50.5291 , 1)  (49.7785 , 3)  (49.3111 , 2)  (47.8934 , 8)  (47.3184 , 7)  (43.2799 , 9)  
