 -------------------743------------
(96.2778 , 8)  (66.8639 , 7)  (64.4776 , 1)  (58.213 , 6)  (53.2596 , 3)  (48.185 , 4)  (47.2802 , 2)  (44.7432 , 9)  (37.6039 , 5)  
(90.2883 , 6)  (63.2184 , 1)  (63.1288 , 3)  (57.785 , 4)  (49.7703 , 5)  (45.7137 , 7)  (44.4633 , 8)  (43.6312 , 9)  (39.4285 , 2)  
(107.671 , 7)  (53.9692 , 6)  (53.6658 , 5)  (53.3043 , 2)  (49.458 , 1)  (48.0271 , 8)  (47.9418 , 9)  (46.6581 , 3)  (46.5897 , 4)  
(93.9547 , 3)  (69.7246 , 2)  (61.0752 , 9)  (55.2225 , 1)  (54.3289 , 4)  (53.6731 , 7)  (52.7982 , 5)  (42.0149 , 6)  (38.189 , 8)  
(88.8894 , 4)  (77.9806 , 6)  (58.3024 , 1)  (53.2696 , 7)  (52.1651 , 2)  (50.0788 , 5)  (47.3574 , 9)  (43.7537 , 8)  (39.3016 , 3)  
(95.1278 , 9)  (68.4956 , 7)  (59.3179 , 6)  (52.76 , 2)  (50.8025 , 1)  (49.1422 , 3)  (48.7699 , 4)  (45.1765 , 8)  (43.9947 , 5)  
(80.5547 , 2)  (72.3569 , 1)  (66.2165 , 8)  (58.3215 , 3)  (50.9304 , 5)  (50.7668 , 6)  (49.6404 , 9)  (44.1924 , 7)  (38.8445 , 4)  
(100.525 , 1)  (68.0069 , 7)  (58.9414 , 4)  (49.4704 , 2)  (47.529 , 3)  (46.6604 , 6)  (46.2605 , 5)  (42.6442 , 9)  (42.1247 , 8)  
(103.242 , 5)  (68.4435 , 8)  (54.3696 , 6)  (53.9563 , 4)  (49.9444 , 1)  (48.0758 , 7)  (45.9234 , 2)  (44.8347 , 3)  (39.9795 , 9)  
