 -------------------158------------
(95.1733 , 9)  (59.0402 , 7)  (58.5057 , 6)  (53.8742 , 4)  (52.6207 , 1)  (52.429 , 8)  (50.8456 , 3)  (49.4304 , 2)  (37.7143 , 5)  
(105.24 , 7)  (56.8192 , 3)  (52.1754 , 1)  (52.1509 , 6)  (50.7642 , 5)  (50.131 , 4)  (50.0659 , 8)  (44.6187 , 2)  (43.0272 , 9)  
(103.212 , 2)  (64.9733 , 9)  (60.9007 , 1)  (53.6527 , 3)  (50.5988 , 6)  (48.7289 , 5)  (47.368 , 4)  (41.7639 , 8)  (38.8834 , 7)  
(93.988 , 8)  (77.3333 , 5)  (53.8252 , 6)  (53.0285 , 4)  (52.3722 , 9)  (50.4599 , 3)  (50.3678 , 1)  (49.1969 , 2)  (41.7372 , 7)  
(93.0614 , 3)  (70.8787 , 2)  (64.0583 , 7)  (59.6521 , 9)  (50.8686 , 4)  (50.5373 , 6)  (48.9043 , 1)  (45.9313 , 5)  (40.0011 , 8)  
(89.9176 , 6)  (65.7023 , 5)  (64.4687 , 8)  (52.4114 , 2)  (51.9661 , 3)  (51.8234 , 1)  (51.7002 , 7)  (45.57 , 9)  (40.5739 , 4)  
(103.48 , 1)  (63.5461 , 7)  (49.9802 , 4)  (48.5938 , 9)  (48.4972 , 6)  (47.9837 , 5)  (47.455 , 3)  (47.1462 , 2)  (45.1089 , 8)  
(99.5864 , 4)  (69.363 , 2)  (57.2271 , 6)  (56.0595 , 1)  (54.4842 , 8)  (51.6711 , 7)  (50.1584 , 5)  (41.2419 , 3)  (37.246 , 9)  
(88.486 , 5)  (57.7575 , 6)  (56.2276 , 9)  (55.3144 , 1)  (54.7054 , 3)  (54.1496 , 7)  (46.7347 , 2)  (44.3464 , 8)  (41.2948 , 4)  
