 -------------------776------------
(101.867 , 1)  (63.5188 , 7)  (58.3308 , 6)  (51.1062 , 3)  (49.9183 , 2)  (49.2413 , 9)  (48.798 , 4)  (48.2359 , 5)  (38.2826 , 8)  
(85.0155 , 3)  (82.3299 , 7)  (58.7864 , 5)  (57.1797 , 6)  (56.7573 , 1)  (49.5003 , 2)  (47.5568 , 4)  (36.0067 , 9)  (33.744 , 8)  
(78.3934 , 4)  (63.0629 , 6)  (62.1909 , 2)  (58.1786 , 1)  (55.0189 , 7)  (51.4747 , 8)  (50.8467 , 9)  (49.5344 , 5)  (39.5756 , 3)  
(95.6264 , 8)  (65.7302 , 9)  (59.7752 , 6)  (59.4166 , 3)  (57.4427 , 2)  (49.9602 , 7)  (46.387 , 4)  (43.8619 , 1)  (38.519 , 5)  
(97.6351 , 6)  (60.8418 , 4)  (55.8967 , 3)  (54.3749 , 1)  (53.1897 , 7)  (51.0621 , 2)  (51.0489 , 5)  (46.3251 , 9)  (37.5612 , 8)  
(102.205 , 2)  (68.0198 , 3)  (57.8522 , 5)  (56.3668 , 1)  (49.8334 , 9)  (49.5588 , 4)  (49.1863 , 7)  (37.062 , 6)  (34.6367 , 8)  
(103.74 , 5)  (61.6306 , 3)  (54.3374 , 7)  (51.4721 , 6)  (51.4093 , 2)  (50.258 , 9)  (47.0325 , 1)  (41.9286 , 8)  (40.5552 , 4)  
(98.7581 , 7)  (62.4825 , 1)  (58.0928 , 2)  (54.1522 , 3)  (53.8886 , 9)  (53.2664 , 6)  (47.8061 , 8)  (41.959 , 4)  (38.7899 , 5)  
(81.7181 , 5)  (73.2377 , 9)  (61.0226 , 2)  (57.1321 , 4)  (55.9541 , 7)  (51.5156 , 1)  (49.6747 , 6)  (43.486 , 3)  (39.9702 , 8)  
