 -------------------880------------
(94.1933 , 6)  (62.7914 , 8)  (62.785 , 2)  (60.8115 , 1)  (59.5404 , 4)  (53.2479 , 7)  (46.5275 , 5)  (44.4044 , 3)  (40.9799 , 9)  
(95.346 , 7)  (72.8623 , 2)  (54.4748 , 6)  (52.3427 , 1)  (49.7692 , 8)  (48.8763 , 3)  (48.833 , 4)  (45.3928 , 5)  (42.0952 , 9)  
(85.4225 , 4)  (81.9757 , 6)  (62.1692 , 9)  (58.3083 , 7)  (56.9463 , 1)  (52.0995 , 5)  (47.903 , 2)  (43.7001 , 8)  (40.9739 , 3)  
(97.5488 , 2)  (60.4426 , 3)  (55.341 , 1)  (54.8793 , 6)  (53.3481 , 9)  (49.6283 , 8)  (46.2905 , 7)  (44.8855 , 4)  (35.9841 , 5)  
(100.216 , 9)  (62.0816 , 7)  (56.1728 , 6)  (54.7535 , 1)  (53.7082 , 2)  (51.5054 , 3)  (45.4222 , 8)  (39.7057 , 4)  (39.4957 , 5)  
(102.226 , 8)  (56.8422 , 1)  (56.7481 , 3)  (56.6754 , 9)  (52.3455 , 2)  (50.3138 , 6)  (48.3572 , 7)  (48.0748 , 4)  (37.2616 , 5)  
(104.747 , 3)  (58.1011 , 5)  (54.52 , 6)  (53.4963 , 9)  (53.3023 , 1)  (48.3468 , 7)  (46.423 , 2)  (42.6284 , 4)  (42.4621 , 8)  
(93.7827 , 5)  (64.5521 , 4)  (61.2526 , 3)  (58.0701 , 6)  (52.8085 , 8)  (47.727 , 2)  (46.2895 , 1)  (46.0572 , 7)  (38.793 , 9)  
(105.186 , 1)  (53.6752 , 6)  (53.1749 , 4)  (51.544 , 2)  (50.2663 , 3)  (49.7556 , 5)  (49.1798 , 8)  (49.0956 , 7)  (45.2098 , 9)  
