 -------------------190------------
(99.1252 , 5)  (68.4002 , 3)  (64.3348 , 4)  (59.2543 , 6)  (57.3441 , 1)  (56.8412 , 8)  (41.6499 , 2)  (38.5112 , 9)  (37.8525 , 7)  
(90.1375 , 6)  (63.0673 , 8)  (58.4572 , 4)  (55.6977 , 1)  (52.0817 , 3)  (50.3567 , 2)  (49.7235 , 9)  (47.4709 , 5)  (44.0802 , 7)  
(101.137 , 8)  (61.4224 , 7)  (56.531 , 1)  (51.4726 , 5)  (51.3456 , 6)  (50.8381 , 2)  (48.9087 , 4)  (46.9413 , 3)  (45.7069 , 9)  
(104.147 , 3)  (62.7799 , 2)  (52.8038 , 9)  (48.4968 , 6)  (47.952 , 8)  (46.3874 , 4)  (46.0876 , 1)  (43.2798 , 5)  (40.604 , 7)  
(100.5 , 4)  (74.3799 , 6)  (59.5127 , 2)  (55.5022 , 7)  (49.0793 , 8)  (48.1879 , 3)  (46.7088 , 5)  (46.0887 , 1)  (40.5849 , 9)  
(102.562 , 1)  (57.1734 , 7)  (54.6171 , 4)  (52.8634 , 3)  (49.696 , 6)  (49.6815 , 5)  (48.3717 , 8)  (48.0038 , 2)  (47.3206 , 9)  
(101.78 , 9)  (56.0728 , 8)  (54.8485 , 7)  (51.8252 , 1)  (50.9453 , 3)  (50.7904 , 2)  (49.2729 , 6)  (49.1894 , 4)  (43.4334 , 5)  
(86.0463 , 7)  (79.4556 , 1)  (67.0128 , 3)  (56.3539 , 2)  (51.2381 , 4)  (49.0866 , 8)  (48.6184 , 9)  (47.238 , 6)  (41.8901 , 5)  
(92.8087 , 2)  (62.329 , 1)  (62.2539 , 5)  (59.2004 , 6)  (57.9108 , 9)  (52.6239 , 8)  (52.3579 , 3)  (48.7478 , 7)  (36.2701 , 4)  
