 -------------------1072------------
(102.683 , 3)  (60.2747 , 7)  (58.2903 , 1)  (56.7182 , 2)  (55.3987 , 6)  (52.8104 , 9)  (45.3592 , 8)  (43.55 , 5)  (41.1554 , 4)  
(102.843 , 7)  (56.1259 , 9)  (54.6065 , 3)  (51.313 , 1)  (51.2597 , 6)  (49.995 , 2)  (47.2797 , 5)  (46.2308 , 4)  (40.8947 , 8)  
(97.4949 , 2)  (59.3051 , 9)  (56.7714 , 8)  (56.4054 , 3)  (55.4578 , 6)  (54.7995 , 1)  (49.9752 , 7)  (44.6382 , 5)  (40.0794 , 4)  
(86.1072 , 9)  (65.2258 , 7)  (64.9708 , 5)  (61.2296 , 6)  (52.4157 , 2)  (52.1612 , 3)  (50.5296 , 1)  (49.6511 , 4)  (40.1777 , 8)  
(95.7947 , 4)  (68.681 , 6)  (67.5589 , 7)  (52.6658 , 1)  (49.1711 , 3)  (46.4415 , 2)  (45.7278 , 9)  (44.3532 , 8)  (42.9315 , 5)  
(103.454 , 1)  (63.4954 , 7)  (55.8064 , 4)  (50.9504 , 3)  (49.3946 , 6)  (47.2779 , 2)  (46.9455 , 8)  (44.6547 , 9)  (44.5664 , 5)  
(104.846 , 6)  (66.4476 , 8)  (52.8361 , 1)  (51.7624 , 7)  (51.5041 , 4)  (50.7067 , 5)  (48.1096 , 3)  (39.1608 , 9)  (37.6887 , 2)  
(94.9898 , 8)  (55.6446 , 3)  (55.3323 , 5)  (55.3266 , 4)  (54.1129 , 9)  (53.5648 , 7)  (53.0691 , 1)  (52.019 , 6)  (45.2018 , 2)  
(91.6453 , 5)  (57.8584 , 1)  (53.9335 , 3)  (51.9962 , 9)  (51.6213 , 6)  (51.2189 , 8)  (50.083 , 4)  (49.5748 , 7)  (47.0236 , 2)  
