 -------------------731------------
(96.4097 , 8)  (66.1162 , 7)  (64.1053 , 1)  (57.9278 , 6)  (52.9406 , 3)  (48.7166 , 4)  (47.327 , 2)  (45.5073 , 9)  (36.5028 , 5)  
(90.2839 , 6)  (63.4621 , 1)  (63.2094 , 3)  (57.4376 , 4)  (49.1239 , 5)  (45.9602 , 7)  (44.1504 , 8)  (43.6224 , 9)  (39.8603 , 2)  
(107.642 , 7)  (53.5592 , 5)  (53.4067 , 2)  (52.8406 , 6)  (49.6911 , 1)  (48.4594 , 9)  (48.1122 , 8)  (47.1961 , 3)  (46.6117 , 4)  
(94.1576 , 3)  (67.4688 , 2)  (63.4532 , 9)  (56.9244 , 1)  (55.5541 , 5)  (53.3848 , 7)  (50.7148 , 4)  (43.8246 , 6)  (31.883 , 8)  
(88.4967 , 4)  (77.2619 , 6)  (58.8012 , 1)  (53.0538 , 7)  (52.4122 , 2)  (51.8015 , 5)  (46.2182 , 9)  (43.9795 , 8)  (39.1695 , 3)  
(96.023 , 9)  (67.2756 , 7)  (59.9792 , 6)  (52.5094 , 2)  (50.4363 , 1)  (50.2378 , 3)  (48.153 , 4)  (45.6827 , 8)  (43.4116 , 5)  
(80.62 , 2)  (72.2333 , 1)  (66.5533 , 8)  (58.2644 , 3)  (51.0808 , 5)  (50.6686 , 6)  (49.1361 , 9)  (44.113 , 7)  (39.0519 , 4)  
(100.976 , 1)  (66.7534 , 7)  (59.5423 , 4)  (50.1068 , 2)  (47.7629 , 3)  (46.3724 , 6)  (44.9784 , 5)  (42.925 , 8)  (42.7098 , 9)  
(102.946 , 5)  (68.9496 , 8)  (53.8356 , 6)  (52.5872 , 4)  (50.4037 , 1)  (47.4216 , 7)  (47.3826 , 2)  (44.2956 , 3)  (41.9754 , 9)  
