 -------------------606------------
(82.6967 , 2)  (68.9357 , 7)  (65.9877 , 3)  (56.8112 , 1)  (55.1761 , 5)  (53.8626 , 4)  (49.278 , 6)  (40.1936 , 8)  (39.8118 , 9)  
(75.8314 , 6)  (64.4551 , 1)  (62.1808 , 2)  (61.2431 , 5)  (59.6972 , 7)  (57.3219 , 3)  (56.146 , 4)  (40.6246 , 8)  (21.8812 , 9)  
(93.8744 , 4)  (68.9433 , 6)  (63.5328 , 9)  (59.9727 , 7)  (59.2236 , 2)  (57.4076 , 1)  (49.8402 , 5)  (37.787 , 8)  (35.4454 , 3)  
(99.4575 , 3)  (55.9992 , 1)  (55.4277 , 4)  (54.8343 , 8)  (54.691 , 5)  (54.6907 , 2)  (51.585 , 9)  (51.118 , 6)  (45.543 , 7)  
(96.1308 , 8)  (72.2412 , 6)  (57.5913 , 9)  (53.435 , 2)  (50.7731 , 3)  (49.4171 , 7)  (48.7032 , 1)  (46.4823 , 5)  (36.5365 , 4)  
(101.205 , 7)  (63.1968 , 3)  (52.1156 , 6)  (51.3177 , 5)  (49.641 , 4)  (48.8996 , 1)  (46.6266 , 2)  (46.0887 , 8)  (40.47 , 9)  
(90.2003 , 5)  (64.3975 , 3)  (57.2804 , 9)  (54.1165 , 8)  (53.6278 , 4)  (52.5997 , 6)  (49.8074 , 1)  (47.2906 , 2)  (46.8958 , 7)  
(104.335 , 1)  (54.5921 , 3)  (53.223 , 7)  (52.6271 , 4)  (52.6123 , 6)  (50.5359 , 9)  (49.2827 , 8)  (46.4592 , 5)  (44.7431 , 2)  
(98.4694 , 9)  (59.4432 , 7)  (58.2184 , 6)  (51.6943 , 3)  (50.3267 , 1)  (49.1999 , 8)  (48.9082 , 4)  (45.044 , 2)  (41.7273 , 5)  
