 -------------------981------------
(85.3015 , 4)  (81.2874 , 6)  (68.1994 , 9)  (55.4762 , 7)  (54.2811 , 1)  (51.8892 , 5)  (44.9233 , 2)  (43.7996 , 3)  (43.5006 , 8)  
(93.137 , 8)  (69.1206 , 9)  (63.0457 , 2)  (59.4921 , 5)  (53.1754 , 7)  (50.2471 , 4)  (49.4735 , 6)  (41.3478 , 3)  (38.762 , 1)  
(94.185 , 5)  (76.6308 , 3)  (60.1926 , 6)  (56.5909 , 9)  (49.7672 , 1)  (44.4551 , 7)  (44.265 , 2)  (41.138 , 8)  (41.113 , 4)  
(108.109 , 2)  (54.7219 , 8)  (53.4288 , 9)  (52.3904 , 1)  (48.6718 , 7)  (48.1628 , 4)  (47.7949 , 5)  (46.8166 , 6)  (45.2297 , 3)  
(92.6129 , 6)  (55.8217 , 4)  (54.6712 , 5)  (53.6043 , 7)  (51.8173 , 9)  (49.8767 , 1)  (47.9818 , 3)  (44.7562 , 8)  (40.4766 , 2)  
(102.55 , 9)  (57.55 , 7)  (56.4228 , 6)  (53.7131 , 2)  (52.3953 , 4)  (48.1014 , 3)  (46.9769 , 5)  (40.4715 , 1)  (36.2014 , 8)  
(100.42 , 1)  (66.6684 , 7)  (55.0013 , 4)  (52.9004 , 2)  (49.0989 , 6)  (47.1965 , 5)  (45.5877 , 9)  (42.4634 , 3)  (41.4704 , 8)  
(107.114 , 7)  (56.5181 , 1)  (52.8365 , 6)  (51.5202 , 5)  (49.8813 , 4)  (48.8738 , 3)  (48.1391 , 8)  (47.2289 , 2)  (45.5821 , 9)  
(103.845 , 3)  (61.139 , 5)  (61.0872 , 2)  (49.751 , 6)  (49.7119 , 4)  (48.754 , 7)  (46.8586 , 1)  (45.6688 , 9)  (38.1727 , 8)  
