 -------------------587------------
(91.1584 , 6)  (62.9059 , 2)  (57.9271 , 9)  (55.3435 , 5)  (53.466 , 8)  (50.649 , 4)  (47.817 , 7)  (44.9632 , 1)  (34.708 , 3)  
(89.4697 , 5)  (83.9953 , 8)  (76.599 , 6)  (53.301 , 3)  (45.96 , 9)  (43.798 , 7)  (42.7893 , 2)  (40.4335 , 1)  (36.4384 , 4)  
(77.379 , 9)  (69.2457 , 7)  (60.8184 , 6)  (59.1983 , 1)  (54.3607 , 8)  (47.8604 , 3)  (47.6158 , 4)  (45.3798 , 2)  (45.004 , 5)  
(98.9506 , 8)  (62.3491 , 6)  (59.497 , 9)  (52.4561 , 1)  (50.7485 , 7)  (48.6872 , 2)  (47.424 , 3)  (44.2971 , 4)  (41.4318 , 5)  
(77.2885 , 2)  (68.7849 , 1)  (65.3898 , 8)  (60.0203 , 3)  (55.5102 , 6)  (53.1549 , 7)  (51.2541 , 9)  (44.7124 , 5)  (37.7438 , 4)  
(94.2874 , 1)  (68.1126 , 6)  (58.3658 , 4)  (57.4977 , 2)  (54.9968 , 5)  (46.3303 , 8)  (45.6177 , 7)  (42.1724 , 3)  (35.2393 , 9)  
(79.3441 , 7)  (72.1244 , 4)  (55.251 , 9)  (52.5271 , 2)  (51.8907 , 3)  (50.8264 , 1)  (50.8001 , 8)  (45.6847 , 5)  (44.2521 , 6)  
(105.13 , 4)  (59.7029 , 7)  (56.102 , 2)  (53.4287 , 1)  (51.5117 , 6)  (50.1255 , 8)  (49.9403 , 3)  (45.678 , 5)  (42.0976 , 9)  
(91.3721 , 3)  (62.6419 , 5)  (58.6194 , 7)  (54.9234 , 4)  (54.719 , 8)  (50.6897 , 2)  (45.9839 , 6)  (45.7034 , 9)  (43.5448 , 1)  
