 -------------------512------------
(106.888 , 6)  (56.0055 , 2)  (52.6465 , 4)  (50.6859 , 9)  (50.4617 , 8)  (50.2423 , 1)  (46.5407 , 7)  (46.2286 , 3)  (42.1258 , 5)  
(103.625 , 7)  (57.8974 , 3)  (56.6025 , 8)  (54.2821 , 6)  (50.384 , 4)  (48.6131 , 2)  (47.2757 , 1)  (43.2802 , 9)  (42.9673 , 5)  
(103.045 , 3)  (57.5737 , 9)  (54.8337 , 7)  (53.8023 , 6)  (50.6886 , 4)  (48.3612 , 2)  (48.0714 , 1)  (44.3831 , 8)  (43.5519 , 5)  
(87.2859 , 2)  (68.3239 , 6)  (61.9653 , 1)  (58.1964 , 7)  (54.7144 , 3)  (50.203 , 8)  (46.5552 , 9)  (46.5363 , 5)  (39.9404 , 4)  
(101.45 , 4)  (66.2501 , 2)  (64.5402 , 7)  (54.2033 , 1)  (53.1883 , 5)  (51.7208 , 6)  (46.5394 , 8)  (40.5656 , 3)  (37.231 , 9)  
(87.9289 , 5)  (66.7195 , 1)  (61.4678 , 3)  (53.3315 , 9)  (52.7196 , 2)  (50.9822 , 8)  (49.4806 , 7)  (49.3225 , 6)  (33.1337 , 4)  
(101.615 , 1)  (67.6544 , 7)  (56.918 , 2)  (53.0599 , 6)  (51.2079 , 9)  (50.8696 , 5)  (43.0363 , 8)  (40.5113 , 3)  (37.8401 , 4)  
(96.5758 , 8)  (73.9189 , 2)  (57.1894 , 4)  (56.2903 , 7)  (54.3362 , 6)  (46.3277 , 9)  (43.3916 , 1)  (42.9609 , 3)  (38.2567 , 5)  
(96.121 , 9)  (63.431 , 4)  (57.0323 , 3)  (51.3144 , 2)  (50.7602 , 7)  (49.554 , 5)  (47.9117 , 6)  (45.0199 , 1)  (39.2811 , 8)  
