 -------------------874------------
(101.245 , 2)  (65.5616 , 3)  (58.5089 , 1)  (49.9499 , 9)  (48.9146 , 7)  (47.1962 , 6)  (46.571 , 5)  (45.9617 , 4)  (42.5294 , 8)  
(95.1179 , 4)  (59.4289 , 6)  (54.4117 , 2)  (54.0977 , 7)  (51.4755 , 1)  (47.6786 , 3)  (46.0635 , 8)  (43.587 , 5)  (34.7293 , 9)  
(101.921 , 5)  (61.9204 , 2)  (54.3206 , 7)  (53.2749 , 9)  (51.3637 , 6)  (49.6921 , 8)  (46.0163 , 4)  (40.5709 , 3)  (37.9924 , 1)  
(100.196 , 6)  (52.7502 , 8)  (51.5106 , 4)  (50.6923 , 2)  (48.8954 , 7)  (47.6624 , 1)  (47.2475 , 9)  (46.2217 , 5)  (44.4357 , 3)  
(104.376 , 1)  (63.2268 , 7)  (51.604 , 2)  (49.8249 , 3)  (48.8091 , 4)  (48.2228 , 6)  (47.7478 , 5)  (45.441 , 8)  (44.5085 , 9)  
(94.3834 , 9)  (61.6616 , 6)  (56.8671 , 7)  (53.4456 , 3)  (50.1318 , 2)  (48.8995 , 4)  (45.865 , 5)  (45.2698 , 1)  (43.3928 , 8)  
(93.001 , 8)  (64.2655 , 2)  (58.9932 , 4)  (55.8352 , 9)  (54.9156 , 1)  (50.8483 , 6)  (47.4793 , 7)  (45.6245 , 5)  (45.1714 , 3)  
(99.8107 , 7)  (64.5162 , 1)  (57.5601 , 3)  (55.6419 , 2)  (51.3364 , 6)  (49.5768 , 9)  (48.447 , 4)  (47.3431 , 8)  (43.4 , 5)  
(97.5449 , 3)  (66.9215 , 8)  (61.8223 , 7)  (55.9583 , 1)  (53.6218 , 2)  (53.3144 , 6)  (49.8046 , 4)  (41.8437 , 9)  (41.1111 , 5)  
