 -------------------1074------------
(99.9529 , 3)  (71.4196 , 7)  (58.6248 , 6)  (57.0485 , 2)  (54.7026 , 1)  (52.8896 , 9)  (44.5364 , 8)  (43.1321 , 5)  (38.8101 , 4)  
(103.664 , 7)  (56.0746 , 3)  (54.1937 , 9)  (53.2949 , 1)  (53.1437 , 6)  (49.88 , 2)  (46.1246 , 5)  (45.0726 , 4)  (38.478 , 8)  
(97.2648 , 2)  (59.8481 , 3)  (56.4917 , 9)  (55.4977 , 1)  (53.7789 , 6)  (53.1206 , 8)  (48.908 , 7)  (43.0592 , 5)  (40.0035 , 4)  
(86.4553 , 9)  (66.5026 , 7)  (63.9529 , 5)  (61.1402 , 6)  (52.5524 , 3)  (52.4152 , 2)  (50.9607 , 1)  (49.1953 , 4)  (39.2417 , 8)  
(93.6868 , 4)  (69.524 , 6)  (62.2432 , 7)  (53.395 , 1)  (49.7102 , 3)  (47.7534 , 5)  (45.1251 , 2)  (44.3242 , 9)  (42.7586 , 8)  
(103.64 , 1)  (65.7754 , 7)  (55.8528 , 4)  (50.1672 , 3)  (50.1235 , 6)  (47.1244 , 2)  (44.8419 , 5)  (44.7995 , 9)  (44.4738 , 8)  
(104.215 , 6)  (61.0513 , 8)  (52.0501 , 1)  (51.632 , 5)  (51.0036 , 4)  (50.1073 , 7)  (47.7031 , 3)  (41.5796 , 2)  (40.7506 , 9)  
(94.5118 , 8)  (55.6037 , 4)  (55.5429 , 3)  (55.0325 , 5)  (54.9732 , 7)  (52.9759 , 1)  (52.9509 , 9)  (51.5991 , 6)  (45.7953 , 2)  
(90.8266 , 5)  (59.0919 , 1)  (54.878 , 3)  (51.7565 , 8)  (50.8518 , 4)  (50.7824 , 6)  (50.3788 , 9)  (50.0284 , 7)  (46.0673 , 2)  
