 -------------------91------------
(99.2358 , 4)  (72.9098 , 7)  (64.7429 , 5)  (64.0158 , 2)  (50.8972 , 6)  (45.9683 , 3)  (40.7208 , 8)  (39.1399 , 1)  (33.0166 , 9)  
(96.2337 , 8)  (65.01 , 1)  (54.1278 , 3)  (53.4848 , 5)  (52.891 , 4)  (49.2465 , 2)  (48.2374 , 7)  (44.05 , 9)  (43.7639 , 6)  
(103.578 , 2)  (63.2302 , 1)  (56.8834 , 3)  (52.866 , 8)  (52.2013 , 9)  (47.2014 , 6)  (47.0071 , 5)  (45.386 , 4)  (42.8919 , 7)  
(107.944 , 7)  (55.0559 , 6)  (50.2851 , 5)  (49.3516 , 9)  (48.6045 , 1)  (48.4036 , 4)  (47.8579 , 2)  (47.8415 , 3)  (44.2082 , 8)  
(99.6025 , 3)  (63.736 , 2)  (59.3547 , 7)  (57.8329 , 9)  (56.358 , 8)  (54.189 , 6)  (47.8216 , 1)  (39.3945 , 5)  (37.9015 , 4)  
(105.322 , 1)  (56.3097 , 7)  (51.9395 , 6)  (51.313 , 3)  (50.1212 , 8)  (49.3575 , 9)  (46.9289 , 5)  (44.4669 , 2)  (39.5205 , 4)  
(104.406 , 6)  (55.0521 , 7)  (54.1384 , 9)  (52.1214 , 2)  (51.8182 , 5)  (48.0766 , 1)  (47.9443 , 8)  (43.0877 , 4)  (41.1075 , 3)  
(95.1314 , 9)  (63.5194 , 7)  (61.0795 , 6)  (52.7323 , 8)  (51.0671 , 3)  (50.0566 , 2)  (47.3671 , 1)  (45.4853 , 5)  (34.3354 , 4)  
(99.5325 , 5)  (58.083 , 6)  (55.1276 , 2)  (51.6143 , 9)  (47.9191 , 7)  (47.1676 , 8)  (46.7587 , 1)  (46.0881 , 3)  (44.0349 , 4)  
