 -------------------860------------
(87.537 , 8)  (82.3997 , 9)  (60.9067 , 2)  (59.9351 , 7)  (58.1877 , 6)  (49.5278 , 4)  (48.4221 , 3)  (40.7046 , 5)  (34.8939 , 1)  
(72.3628 , 4)  (69.2745 , 6)  (57.6069 , 8)  (56.9979 , 7)  (52.5612 , 1)  (51.1093 , 2)  (49.3997 , 9)  (49.1986 , 5)  (42.6759 , 3)  
(75.4182 , 3)  (67.7542 , 7)  (64.0861 , 2)  (62.2278 , 9)  (62.2142 , 8)  (51.956 , 4)  (51.203 , 5)  (48.6489 , 1)  (44.8764 , 6)  
(104.321 , 7)  (55.3881 , 6)  (54.5299 , 9)  (53.977 , 1)  (50.7427 , 2)  (49.0721 , 3)  (47.3078 , 5)  (45.8454 , 8)  (42.7005 , 4)  
(89.4699 , 2)  (74.0059 , 1)  (53.4807 , 4)  (52.7399 , 3)  (51.8933 , 7)  (48.1703 , 6)  (47.1222 , 9)  (47.111 , 5)  (45.9142 , 8)  
(84.6118 , 5)  (64.9771 , 8)  (62.3642 , 3)  (54.5901 , 6)  (53.4174 , 9)  (49.1104 , 2)  (48.1855 , 7)  (47.5357 , 4)  (44.8199 , 1)  
(97.234 , 1)  (60.1152 , 7)  (56.6612 , 6)  (55.0085 , 5)  (51.8043 , 2)  (49.9283 , 3)  (47.0562 , 9)  (45.947 , 4)  (42.9947 , 8)  
(90.9603 , 9)  (74.1641 , 3)  (59.0442 , 5)  (54.0063 , 4)  (51.2661 , 1)  (50.5438 , 8)  (50.0946 , 2)  (49.2135 , 6)  (37.8044 , 7)  
(94.1414 , 6)  (65.8214 , 5)  (57.782 , 8)  (55.997 , 7)  (52.0481 , 9)  (49.048 , 1)  (45.1364 , 4)  (44.1629 , 2)  (42.2616 , 3)  
