 -------------------69------------
(94.9359 , 2)  (64.0079 , 1)  (58.054 , 3)  (56.7165 , 8)  (56.0783 , 6)  (46.5829 , 9)  (41.25 , 7)  (39.3174 , 4)  (36.17 , 5)  
(96.1696 , 6)  (59.1748 , 3)  (55.5092 , 4)  (52.5018 , 1)  (47.169 , 7)  (45.5532 , 5)  (45.0317 , 8)  (40.8269 , 9)  (37.2527 , 2)  
(106.313 , 7)  (62.392 , 6)  (57.734 , 4)  (50.1536 , 5)  (48.0193 , 9)  (47.3447 , 1)  (47.1849 , 2)  (44.3941 , 3)  (38.4382 , 8)  
(101.6 , 5)  (65.1215 , 6)  (63.0411 , 2)  (55.5932 , 4)  (49.8694 , 3)  (47.9455 , 7)  (47.6999 , 1)  (46.1435 , 9)  (43.017 , 8)  
(93.9174 , 8)  (65.0899 , 2)  (59.6367 , 4)  (54.0369 , 9)  (52.1422 , 7)  (51.6582 , 1)  (48.1222 , 6)  (46.1305 , 3)  (39.3378 , 5)  
(75.1496 , 4)  (67.1325 , 1)  (55.5433 , 5)  (55.3696 , 6)  (53.7834 , 9)  (52.6024 , 2)  (47.5247 , 8)  (46.568 , 7)  (40.729 , 3)  
(87.6746 , 3)  (67.1775 , 7)  (62.8343 , 9)  (58.1232 , 4)  (54.4552 , 2)  (54.1613 , 8)  (50.9675 , 5)  (49.0899 , 1)  (45.4739 , 6)  
(102.407 , 1)  (60.279 , 7)  (52.8692 , 4)  (52.2851 , 3)  (52.2165 , 6)  (48.5229 , 8)  (47.7697 , 2)  (46.485 , 9)  (46.0788 , 5)  
(96.9888 , 9)  (57.6698 , 4)  (56.8863 , 6)  (53.0969 , 7)  (52.7668 , 3)  (52.225 , 8)  (49.3814 , 2)  (45.8687 , 5)  (43.8521 , 1)  
