 -------------------394------------
(104.003 , 3)  (56.4572 , 7)  (54.7847 , 8)  (52.5206 , 6)  (51.8007 , 4)  (48.4563 , 2)  (48.2664 , 5)  (40.7311 , 9)  (39.9177 , 1)  
(82.3831 , 6)  (67.8412 , 9)  (58.8634 , 8)  (57.0728 , 4)  (52.8034 , 7)  (50.2865 , 2)  (46.83 , 5)  (46.3238 , 3)  (45.5384 , 1)  
(98.5966 , 1)  (71.1786 , 2)  (53.7359 , 4)  (51.495 , 9)  (47.8638 , 8)  (46.2965 , 7)  (45.3729 , 5)  (44.8486 , 3)  (37.8639 , 6)  
(96.5602 , 8)  (60.5506 , 6)  (57.8651 , 7)  (54.1563 , 2)  (52.5608 , 9)  (52.4718 , 5)  (47.9183 , 4)  (46.2461 , 1)  (44.1784 , 3)  
(92.2979 , 4)  (61.7084 , 8)  (60.0994 , 3)  (58.2276 , 6)  (58.0025 , 2)  (50.441 , 5)  (49.8873 , 7)  (47.0593 , 1)  (44.3272 , 9)  
(100.577 , 5)  (61.3022 , 8)  (59.27 , 9)  (49.1161 , 6)  (46.8737 , 1)  (46.8714 , 7)  (46.6447 , 4)  (44.1864 , 2)  (43.5219 , 3)  
(98.508 , 7)  (62.8104 , 6)  (62.0301 , 2)  (57.9665 , 1)  (50.6701 , 8)  (49.4887 , 3)  (47.6184 , 5)  (44.3513 , 9)  (36.6595 , 4)  
(80.6856 , 7)  (77.9547 , 9)  (69.8653 , 1)  (59.2309 , 6)  (53.0945 , 8)  (53.0622 , 2)  (47.069 , 3)  (41.2854 , 5)  (28.0162 , 4)  
(102.147 , 2)  (61.8327 , 3)  (60.1879 , 6)  (57.2745 , 9)  (52.2282 , 1)  (47.4076 , 8)  (42.7066 , 7)  (41.7729 , 4)  (41.0573 , 5)  
