 -------------------811------------
(102.445 , 8)  (58.2497 , 7)  (57.4474 , 1)  (54.7609 , 6)  (50.8532 , 3)  (50.4254 , 2)  (47.0928 , 4)  (44.6483 , 9)  (36.35 , 5)  
(102.183 , 1)  (62.7256 , 7)  (54.7899 , 2)  (53.1711 , 6)  (52.5933 , 5)  (49.2109 , 9)  (46.4212 , 3)  (43.1229 , 4)  (42.7987 , 8)  
(95.2284 , 9)  (69.6496 , 7)  (60.9415 , 6)  (52.0203 , 1)  (51.9644 , 3)  (49.6824 , 8)  (47.1717 , 2)  (43.8925 , 4)  (42.4925 , 5)  
(99.6189 , 4)  (62.3133 , 7)  (53.8402 , 9)  (53.6504 , 3)  (53.1102 , 1)  (52.7825 , 2)  (52.5045 , 6)  (48.7274 , 5)  (34.916 , 8)  
(90.0359 , 3)  (68.4577 , 9)  (63.9899 , 7)  (61.9063 , 1)  (56.7741 , 6)  (52.6608 , 2)  (45.451 , 5)  (43.2146 , 4)  (36.0176 , 8)  
(80.2921 , 7)  (79.6849 , 1)  (62.5296 , 9)  (57.1607 , 5)  (55.3061 , 2)  (52.4185 , 6)  (51.6352 , 4)  (45.236 , 3)  (40.003 , 8)  
(81.2651 , 2)  (72.0415 , 8)  (62.25 , 1)  (60.5129 , 3)  (50.5277 , 6)  (47.9255 , 9)  (46.8983 , 5)  (45.1668 , 7)  (41.7847 , 4)  
(96.9207 , 5)  (78.095 , 3)  (59.5288 , 7)  (55.7655 , 6)  (54.1694 , 2)  (51.697 , 4)  (44.0411 , 9)  (43.1578 , 1)  (33.5587 , 8)  
(98.9854 , 6)  (70.1323 , 5)  (59.1071 , 8)  (52.9331 , 4)  (50.6206 , 1)  (49.8447 , 7)  (48.289 , 3)  (46.812 , 2)  (41.4699 , 9)  
