 -------------------608------------
(83.8199 , 2)  (68.7354 , 7)  (64.5731 , 3)  (57.2367 , 1)  (55.3999 , 5)  (52.6949 , 4)  (50.5281 , 6)  (41.8755 , 9)  (40.377 , 8)  
(76.0393 , 6)  (64.8393 , 1)  (61.7772 , 2)  (61.4159 , 5)  (59.2693 , 7)  (56.6177 , 3)  (56.2763 , 4)  (38.9505 , 8)  (22.4985 , 9)  
(94.6825 , 4)  (69.0132 , 6)  (60.9633 , 7)  (59.3776 , 9)  (56.3702 , 2)  (55.4442 , 1)  (45.5749 , 8)  (42.5563 , 5)  (39.768 , 3)  
(98.444 , 3)  (58.1299 , 2)  (57.9114 , 1)  (55.2529 , 8)  (53.9327 , 9)  (52.9552 , 4)  (50.9774 , 6)  (50.3745 , 5)  (44.342 , 7)  
(95.6038 , 8)  (73.1444 , 6)  (57.6453 , 9)  (53.3291 , 2)  (50.8174 , 3)  (49.3089 , 1)  (49.063 , 7)  (46.8838 , 5)  (35.8791 , 4)  
(101.008 , 7)  (62.6946 , 3)  (52.7819 , 6)  (52.0823 , 5)  (49.1117 , 1)  (48.8023 , 4)  (46.7399 , 2)  (46.4317 , 8)  (40.9114 , 9)  
(89.8605 , 5)  (64.6405 , 3)  (57.6749 , 9)  (54.3378 , 8)  (53.4244 , 4)  (52.53 , 6)  (50.0988 , 1)  (47.2022 , 2)  (46.8085 , 7)  
(104.177 , 1)  (53.2836 , 3)  (52.9608 , 4)  (52.9599 , 7)  (52.9166 , 6)  (50.633 , 8)  (49.8698 , 9)  (46.3122 , 5)  (45.429 , 2)  
(98.4694 , 9)  (59.4432 , 7)  (58.2184 , 6)  (51.6943 , 3)  (50.3267 , 1)  (49.1999 , 8)  (48.9082 , 4)  (45.044 , 2)  (41.7273 , 5)  
