 -------------------90------------
(100.361 , 4)  (69.2522 , 7)  (62.3176 , 2)  (61.911 , 5)  (51.8416 , 6)  (45.2244 , 1)  (44.919 , 3)  (40.7421 , 8)  (30.8626 , 9)  
(95.4887 , 8)  (61.7816 , 1)  (58.4207 , 3)  (56.007 , 4)  (51.9287 , 7)  (49.4312 , 5)  (48.7765 , 2)  (44.2535 , 9)  (43.0259 , 6)  
(103.183 , 2)  (64.2519 , 1)  (58.2432 , 3)  (54.7057 , 9)  (51.3202 , 8)  (46.4876 , 4)  (46.0463 , 5)  (45.5566 , 6)  (42.2176 , 7)  
(107.557 , 7)  (55.1668 , 6)  (51.0996 , 5)  (49.5932 , 1)  (48.8533 , 9)  (47.8924 , 2)  (47.6135 , 4)  (47.4649 , 3)  (44.3235 , 8)  
(101.67 , 3)  (62.5754 , 2)  (56.8269 , 7)  (56.0457 , 9)  (54.7318 , 8)  (53.0799 , 6)  (48.7582 , 1)  (41.8064 , 5)  (39.0455 , 4)  
(105.344 , 1)  (55.7083 , 3)  (53.2449 , 6)  (52.2106 , 8)  (50.8375 , 9)  (50.7941 , 7)  (47.9523 , 4)  (47.8241 , 5)  (39.8719 , 2)  
(102.216 , 6)  (56.6389 , 7)  (49.9621 , 5)  (49.6484 , 8)  (49.1142 , 2)  (48.5686 , 1)  (47.9964 , 9)  (47.9214 , 3)  (47.0871 , 4)  
(95.8191 , 9)  (59.9819 , 7)  (59.8026 , 6)  (52.6143 , 3)  (52.5791 , 2)  (51.1648 , 8)  (45.637 , 1)  (45.5967 , 5)  (36.5809 , 4)  
(99.266 , 5)  (57.2193 , 2)  (53.2383 , 6)  (51.1654 , 8)  (49.9825 , 9)  (48.2308 , 7)  (47.0767 , 4)  (46.1777 , 1)  (44.2871 , 3)  
