 -------------------893------------
(93.6195 , 6)  (63.185 , 8)  (61.9155 , 2)  (61.5229 , 1)  (58.6756 , 4)  (54.0235 , 7)  (47.1286 , 5)  (43.3657 , 3)  (41.6295 , 9)  
(93.6106 , 7)  (74.3162 , 2)  (53.4568 , 6)  (52.0735 , 1)  (49.6539 , 8)  (49.642 , 3)  (49.6074 , 4)  (45.3691 , 5)  (41.8814 , 9)  
(85.8219 , 4)  (81.4127 , 6)  (60.6336 , 9)  (59.1978 , 7)  (56.8976 , 1)  (51.338 , 5)  (49.5802 , 2)  (44.4294 , 8)  (39.6089 , 3)  
(98.5679 , 2)  (57.6058 , 6)  (56.1436 , 3)  (54.7699 , 9)  (54.4446 , 1)  (47.3253 , 8)  (46.0001 , 7)  (41.041 , 4)  (39.6387 , 5)  
(100.912 , 9)  (62.3438 , 7)  (57.043 , 6)  (54.8847 , 1)  (53.6862 , 2)  (50.849 , 3)  (45.2652 , 8)  (38.8983 , 5)  (37.1772 , 4)  
(102.89 , 8)  (57.4922 , 1)  (56.558 , 3)  (55.04 , 9)  (53.0761 , 2)  (50.3778 , 4)  (48.1643 , 7)  (47.6996 , 6)  (35.9772 , 5)  
(105.158 , 3)  (57.4085 , 5)  (55.2451 , 6)  (53.2327 , 1)  (52.209 , 9)  (51.6484 , 7)  (42.5492 , 2)  (41.8079 , 8)  (40.3865 , 4)  
(94.1435 , 5)  (64.907 , 4)  (60.4782 , 3)  (57.3704 , 6)  (53.7317 , 8)  (48.2316 , 2)  (46.3665 , 7)  (45.3598 , 1)  (38.3428 , 9)  
(105.019 , 1)  (53.9217 , 6)  (52.3174 , 4)  (51.6072 , 2)  (50.2218 , 5)  (49.9917 , 3)  (49.7184 , 7)  (48.8925 , 8)  (45.2491 , 9)  
