 -------------------72------------
(99.6775 , 4)  (69.7619 , 7)  (67.1849 , 5)  (59.0886 , 2)  (47.4817 , 6)  (42.4328 , 1)  (40.8808 , 8)  (40.8551 , 3)  (38.8504 , 9)  
(96.1689 , 8)  (60.3201 , 1)  (54.7257 , 5)  (52.9482 , 3)  (52.7511 , 4)  (50.1238 , 7)  (50.0523 , 2)  (44.2902 , 9)  (42.5964 , 6)  
(104.369 , 2)  (65.2832 , 1)  (57.3818 , 3)  (54.677 , 9)  (50.4679 , 8)  (48.7272 , 6)  (44.7941 , 5)  (43.2782 , 4)  (42.2763 , 7)  
(106.878 , 7)  (56.3387 , 6)  (52.0016 , 5)  (50.8109 , 9)  (48.9918 , 3)  (48.8662 , 1)  (48.4924 , 2)  (46.3147 , 4)  (44.6345 , 8)  
(103.357 , 3)  (58.9266 , 2)  (56.1447 , 7)  (54.4996 , 8)  (53.7792 , 9)  (50.8003 , 6)  (46.9944 , 1)  (40.112 , 5)  (38.3812 , 4)  
(104.474 , 1)  (53.7483 , 6)  (53.6203 , 9)  (52.073 , 5)  (51.2174 , 7)  (50.0556 , 3)  (49.4958 , 8)  (44.1669 , 2)  (41.9391 , 4)  
(104.137 , 6)  (53.4034 , 7)  (52.1355 , 9)  (51.2874 , 2)  (50.7756 , 5)  (48.7658 , 1)  (47.5135 , 8)  (44.9748 , 3)  (43.3467 , 4)  
(94.0048 , 9)  (60.6752 , 7)  (55.9583 , 6)  (55.3631 , 8)  (54.5861 , 3)  (49.7579 , 2)  (45.554 , 1)  (44.2512 , 5)  (40.9294 , 4)  
(99.3582 , 5)  (53.6056 , 6)  (53.3496 , 2)  (52.6224 , 9)  (49.7787 , 8)  (48.7221 , 7)  (46.1395 , 4)  (44.878 , 3)  (44.5969 , 1)  
