 -------------------984------------
(85.6978 , 4)  (81.2783 , 6)  (66.8274 , 9)  (55.6201 , 7)  (54.4118 , 1)  (52.1794 , 5)  (44.6276 , 2)  (44.0183 , 8)  (43.9355 , 3)  
(93.0708 , 8)  (70.1951 , 9)  (62.466 , 2)  (59.3129 , 5)  (52.2962 , 7)  (49.9781 , 6)  (49.1948 , 4)  (41.5988 , 3)  (39.6089 , 1)  
(93.7605 , 5)  (76.2121 , 3)  (60.5655 , 6)  (56.9811 , 9)  (49.9048 , 1)  (44.0671 , 7)  (43.2838 , 2)  (42.9165 , 8)  (40.8519 , 4)  
(108.104 , 2)  (54.7535 , 8)  (53.2783 , 9)  (52.6133 , 1)  (48.583 , 7)  (48.3069 , 4)  (47.61 , 5)  (46.6009 , 6)  (45.2613 , 3)  
(93.4687 , 6)  (55.2759 , 5)  (54.7455 , 4)  (53.5058 , 7)  (52.6365 , 9)  (49.7462 , 1)  (47.2281 , 3)  (44.381 , 8)  (39.9651 , 2)  
(102.346 , 9)  (58.0036 , 7)  (56.4176 , 6)  (53.3656 , 2)  (52.7626 , 4)  (48.7364 , 3)  (46.8444 , 5)  (40.2943 , 1)  (36.6923 , 8)  
(100.42 , 1)  (66.6684 , 7)  (55.0013 , 4)  (52.9004 , 2)  (49.0989 , 6)  (47.1965 , 5)  (45.5877 , 9)  (42.4634 , 3)  (41.4704 , 8)  
(107.212 , 7)  (55.9018 , 1)  (52.4597 , 6)  (50.9679 , 5)  (50.528 , 4)  (48.7397 , 3)  (48.5606 , 8)  (47.3066 , 2)  (45.531 , 9)  
(103.975 , 3)  (60.7221 , 5)  (59.5864 , 2)  (49.7296 , 6)  (49.5962 , 4)  (48.534 , 7)  (46.591 , 1)  (45.1008 , 9)  (39.2815 , 8)  
