 -------------------100------------
(98.5564 , 4)  (73.0492 , 7)  (63.9517 , 5)  (62.2556 , 2)  (50.8218 , 6)  (46.3996 , 1)  (40.8697 , 8)  (38.8835 , 3)  (33.2804 , 9)  
(93.7157 , 8)  (60.0032 , 1)  (54.1917 , 5)  (53.855 , 7)  (52.8337 , 4)  (52 , 2)  (51.762 , 3)  (46.724 , 9)  (42.7641 , 6)  
(102.914 , 2)  (60.1668 , 1)  (54.4628 , 8)  (51.9953 , 7)  (51.862 , 9)  (48.6303 , 3)  (48.3961 , 6)  (46.6931 , 4)  (46.6552 , 5)  
(107.411 , 7)  (55.7049 , 6)  (50.8313 , 5)  (50.8225 , 9)  (49.2264 , 1)  (49.2172 , 2)  (46.7492 , 3)  (46.4571 , 4)  (43.7364 , 8)  
(97.9538 , 3)  (60.7644 , 6)  (58.3562 , 2)  (56.8846 , 9)  (56.6632 , 7)  (55.274 , 8)  (47.7708 , 1)  (44.4418 , 5)  (38.0298 , 4)  
(104.495 , 1)  (53.146 , 6)  (52.778 , 9)  (52.7037 , 3)  (52.3888 , 7)  (49.9997 , 8)  (49.3947 , 5)  (42.8897 , 2)  (39.3927 , 4)  
(103.437 , 6)  (54.6474 , 7)  (53.0487 , 2)  (51.9825 , 5)  (51.5262 , 9)  (50.9506 , 8)  (48.2123 , 1)  (44.3527 , 3)  (42.8488 , 4)  
(94.7522 , 9)  (60.6056 , 6)  (59.7628 , 7)  (53.0245 , 3)  (52.6542 , 2)  (51.1381 , 8)  (46.2193 , 5)  (43.6803 , 1)  (37.17 , 4)  
(100.496 , 5)  (58.1208 , 2)  (53.6638 , 6)  (48.4659 , 9)  (47.8907 , 8)  (47.7159 , 4)  (47.3077 , 7)  (45.2931 , 1)  (44.0565 , 3)  
