 -------------------996------------
(90.6299 , 2)  (66.0035 , 3)  (62.5013 , 6)  (55.8245 , 1)  (51.9561 , 8)  (47.6449 , 9)  (47.5426 , 5)  (45.5443 , 7)  (45.2597 , 4)  
(106.923 , 3)  (57.1142 , 2)  (52.7633 , 6)  (51.1043 , 1)  (48.1921 , 9)  (47.8095 , 7)  (46.1999 , 4)  (45.7392 , 5)  (41.0634 , 8)  
(98.8859 , 4)  (68.1029 , 6)  (59.2667 , 5)  (54.6278 , 2)  (52.7314 , 9)  (51.8231 , 7)  (46.9301 , 3)  (46.6104 , 1)  (31.9363 , 8)  
(99.7668 , 1)  (59.5984 , 7)  (55.4691 , 9)  (54.35 , 6)  (52.8919 , 4)  (52.0575 , 2)  (51.1276 , 3)  (50.9869 , 5)  (39.7165 , 8)  
(88.6875 , 5)  (65.201 , 6)  (63.7398 , 8)  (57.3395 , 3)  (57.0076 , 1)  (47.4979 , 9)  (46.967 , 4)  (45.2839 , 7)  (39.3083 , 2)  
(98.3228 , 9)  (61.5118 , 6)  (56.4902 , 5)  (53.5764 , 7)  (51.576 , 4)  (50.364 , 2)  (49.6008 , 8)  (47.072 , 1)  (45.0043 , 3)  
(107.311 , 8)  (59.1459 , 6)  (56.8749 , 1)  (52.0189 , 3)  (51.5445 , 7)  (44.6863 , 4)  (44.4904 , 9)  (43.754 , 2)  (37.9503 , 5)  
(98.0762 , 6)  (65.4374 , 8)  (56.2578 , 1)  (55.2446 , 4)  (49.9265 , 5)  (49.4656 , 7)  (49.1478 , 2)  (44.8231 , 9)  (42.7638 , 3)  
(83.5651 , 7)  (67.7242 , 9)  (59.8557 , 2)  (54.2098 , 8)  (54.155 , 5)  (54.0792 , 1)  (53.5016 , 6)  (44.8798 , 4)  (44.2346 , 3)  
