 -------------------539------------
(100.336 , 4)  (61.1005 , 7)  (57.041 , 2)  (53.7934 , 9)  (50.6539 , 1)  (50.6063 , 5)  (50.1001 , 6)  (50.0405 , 3)  (38.8643 , 8)  
(104.399 , 7)  (64.2008 , 6)  (53.5218 , 3)  (50.6264 , 1)  (50.4697 , 5)  (50.294 , 9)  (45.7543 , 4)  (41.2038 , 2)  (40.5061 , 8)  
(94.4346 , 3)  (72.8271 , 9)  (59.1268 , 2)  (56.6914 , 1)  (54.5706 , 7)  (51.4571 , 6)  (50.0228 , 4)  (46.5997 , 8)  (37.5039 , 5)  
(79.5098 , 9)  (64.7832 , 6)  (58.2241 , 7)  (55.3329 , 5)  (54.7514 , 3)  (54.3063 , 1)  (53.6375 , 4)  (40.4065 , 2)  (37.512 , 8)  
(99.3682 , 1)  (57.4064 , 7)  (54.9899 , 9)  (52.7887 , 6)  (49.46 , 3)  (49.1452 , 2)  (47.78 , 5)  (44.9611 , 8)  (40.7164 , 4)  
(108.022 , 2)  (64.1288 , 9)  (58.5977 , 1)  (51.397 , 6)  (49.0336 , 5)  (47.1693 , 4)  (44.9016 , 3)  (44.4922 , 8)  (35.7701 , 7)  
(95.3182 , 8)  (71.4662 , 5)  (69.0032 , 1)  (55.5479 , 6)  (51.2002 , 2)  (44.3567 , 4)  (43.709 , 7)  (43.48 , 9)  (36.2574 , 3)  
(77.3131 , 6)  (65.8296 , 2)  (63.9462 , 1)  (63.9431 , 5)  (61.3806 , 4)  (59.6943 , 3)  (56.5181 , 7)  (36.5402 , 8)  (28.4435 , 9)  
(96.9611 , 5)  (58.9875 , 3)  (58.89 , 7)  (55.7487 , 9)  (51.8143 , 1)  (51.0931 , 4)  (47.7277 , 8)  (47.4849 , 2)  (47.1269 , 6)  
