 -------------------216------------
(90.2292 , 2)  (61.5936 , 1)  (55.5194 , 5)  (53.8681 , 7)  (53.4504 , 3)  (52.7495 , 8)  (50.1857 , 9)  (45.9086 , 4)  (44.5209 , 6)  
(92.2231 , 4)  (65.6187 , 6)  (59.2923 , 5)  (53.7675 , 2)  (52.9162 , 7)  (50.2538 , 1)  (49.7395 , 8)  (40.0077 , 3)  (35.4028 , 9)  
(96.576 , 8)  (64.8912 , 1)  (58.623 , 2)  (56.8007 , 7)  (52.2458 , 9)  (51.6104 , 6)  (47.5181 , 3)  (47.4652 , 4)  (39.4386 , 5)  
(91.7219 , 7)  (70.268 , 3)  (58.6416 , 5)  (50.2039 , 6)  (50.0499 , 2)  (48.0456 , 4)  (46.585 , 1)  (42.6465 , 8)  (35.6159 , 9)  
(92.2204 , 5)  (62.4063 , 3)  (61.9798 , 7)  (57.0685 , 9)  (55.7732 , 1)  (52.3786 , 8)  (48.4265 , 4)  (48.1075 , 6)  (46.836 , 2)  
(98.0665 , 9)  (62.8241 , 6)  (62.0098 , 7)  (56.1404 , 2)  (55.5691 , 3)  (48.3218 , 4)  (45.9464 , 1)  (38.5355 , 5)  (34.6536 , 8)  
(93.9532 , 1)  (68.3216 , 7)  (58.9585 , 4)  (57.4706 , 2)  (51.8016 , 6)  (49.5096 , 3)  (45.612 , 5)  (44.8331 , 8)  (37.3808 , 9)  
(103.681 , 6)  (56.1827 , 3)  (52.0765 , 4)  (51.5329 , 5)  (49.3463 , 7)  (48.783 , 8)  (48.4292 , 1)  (44.4841 , 9)  (41.6194 , 2)  
(96.3102 , 3)  (59.9842 , 9)  (57.2493 , 7)  (54.0229 , 2)  (51.8946 , 6)  (50.7689 , 4)  (49.1439 , 8)  (47.0959 , 5)  (46.7552 , 1)  
