 -------------------510------------
(106.281 , 6)  (53.5176 , 2)  (51.1824 , 4)  (50.7839 , 8)  (49.708 , 1)  (48.4374 , 9)  (47.1082 , 3)  (46.2062 , 7)  (45.3818 , 5)  
(104.101 , 7)  (58.042 , 3)  (56.1033 , 6)  (55.2598 , 8)  (51.2384 , 4)  (48.3662 , 1)  (47.6708 , 2)  (43.6519 , 5)  (39.3692 , 9)  
(102.935 , 3)  (55.1956 , 9)  (54.4683 , 6)  (51.8501 , 7)  (51.3138 , 4)  (50.2626 , 1)  (50.1115 , 2)  (45.6881 , 5)  (45.4143 , 8)  
(87.2889 , 2)  (67.7061 , 6)  (61.5246 , 1)  (58.501 , 7)  (56.9838 , 3)  (51.5341 , 8)  (44.4514 , 5)  (43.9965 , 4)  (43.0592 , 9)  
(101.649 , 4)  (67.8888 , 2)  (64.3177 , 7)  (52.7677 , 1)  (52.3563 , 5)  (51.6044 , 6)  (45.8583 , 8)  (42.4433 , 9)  (37.5811 , 3)  
(93.1121 , 5)  (64.1138 , 1)  (56.5876 , 3)  (54.8343 , 9)  (54.7472 , 2)  (49.8341 , 6)  (48.4586 , 8)  (45.7223 , 7)  (34.9076 , 4)  
(102.961 , 1)  (68.18 , 7)  (55.3546 , 2)  (51.5372 , 6)  (49.2765 , 9)  (48.7592 , 5)  (45.4098 , 8)  (42.4521 , 3)  (40.2017 , 4)  
(96.3188 , 8)  (71.9431 , 2)  (60.0243 , 4)  (53.8078 , 7)  (51.1083 , 6)  (47.6118 , 9)  (45.9987 , 1)  (40.6157 , 3)  (39.8894 , 5)  
(96.1332 , 9)  (63.2058 , 4)  (56.6993 , 3)  (53.1325 , 2)  (51.2984 , 7)  (50.2737 , 6)  (47.2436 , 5)  (46.7323 , 1)  (39.4868 , 8)  
