 -------------------542------------
(100.435 , 4)  (61.1078 , 7)  (57.0907 , 2)  (53.6755 , 9)  (50.5872 , 1)  (50.4144 , 5)  (50.1928 , 6)  (50.0593 , 3)  (39.1358 , 8)  
(104.307 , 7)  (64.3839 , 6)  (53.9409 , 3)  (50.8264 , 9)  (50.8012 , 1)  (50.6298 , 5)  (44.4371 , 4)  (41.0929 , 2)  (40.555 , 8)  
(94.2046 , 3)  (73.0167 , 9)  (59.4553 , 2)  (56.2094 , 1)  (55.1427 , 7)  (51.8278 , 6)  (49.8884 , 4)  (46.4705 , 8)  (36.737 , 5)  
(79.5476 , 9)  (64.9387 , 6)  (57.1611 , 7)  (55.8646 , 3)  (55.0347 , 5)  (54.1261 , 4)  (53.5937 , 1)  (40.8375 , 2)  (36.6109 , 8)  
(99.3682 , 1)  (57.4064 , 7)  (54.9899 , 9)  (52.7887 , 6)  (49.46 , 3)  (49.1452 , 2)  (47.78 , 5)  (44.9611 , 8)  (40.7164 , 4)  
(108.073 , 2)  (64.9085 , 9)  (58.2076 , 1)  (50.5778 , 6)  (49.5672 , 5)  (47.8227 , 4)  (45.074 , 3)  (44.2017 , 8)  (34.8771 , 7)  
(95.1168 , 8)  (71.595 , 5)  (68.7363 , 1)  (54.7771 , 6)  (51.8182 , 2)  (44.4428 , 7)  (43.2856 , 9)  (42.5477 , 4)  (36.5015 , 3)  
(77.4882 , 6)  (64.4514 , 1)  (64.3454 , 5)  (63.9746 , 2)  (61.784 , 4)  (60.5841 , 3)  (57.1692 , 7)  (37.7124 , 8)  (26.9283 , 9)  
(96.7761 , 5)  (59.5557 , 3)  (58.748 , 7)  (56.0921 , 9)  (51.9105 , 1)  (51.3727 , 4)  (47.6286 , 2)  (47.3366 , 8)  (46.5975 , 6)  
