 -------------------214------------
(91.4483 , 2)  (61.5067 , 1)  (55.0837 , 5)  (53.7466 , 8)  (52.3429 , 7)  (52.2394 , 3)  (50.0338 , 9)  (45.3977 , 4)  (44.3307 , 6)  
(93.5861 , 4)  (66.68 , 6)  (56.5226 , 5)  (52.4108 , 2)  (52.2283 , 7)  (51.7254 , 8)  (51.6317 , 1)  (43.4244 , 3)  (34.8799 , 9)  
(96.0949 , 8)  (65.2512 , 1)  (60.6336 , 2)  (57.0298 , 7)  (52.5699 , 9)  (51.3547 , 6)  (47.9573 , 4)  (45.6605 , 3)  (38.9141 , 5)  
(89.4531 , 7)  (64.7241 , 3)  (56.0553 , 6)  (52.8565 , 5)  (50.3881 , 2)  (49.3118 , 4)  (47.1393 , 1)  (40.6656 , 9)  (37.6068 , 8)  
(91.6371 , 5)  (62.7902 , 7)  (60.4148 , 9)  (60.0983 , 3)  (55.379 , 1)  (52.88 , 8)  (48.7817 , 6)  (47.0945 , 4)  (46.4791 , 2)  
(98.5512 , 9)  (62.7449 , 6)  (57.5268 , 3)  (57.1231 , 7)  (56.7549 , 2)  (50.1878 , 4)  (44.1852 , 1)  (38.6916 , 5)  (34.6268 , 8)  
(93.4411 , 1)  (64.5495 , 7)  (57.3074 , 2)  (56.8751 , 4)  (53.9566 , 6)  (49.132 , 3)  (46.6896 , 5)  (45.3526 , 8)  (40.4237 , 9)  
(103.322 , 6)  (56.0289 , 3)  (53.4017 , 4)  (50.9958 , 5)  (48.467 , 7)  (48.0743 , 1)  (47.9436 , 8)  (44.5485 , 9)  (41.9947 , 2)  
(95.1716 , 3)  (58.1694 , 7)  (58.1322 , 2)  (57.7077 , 4)  (54.9414 , 9)  (50.5708 , 8)  (49.658 , 5)  (47.9399 , 1)  (46.4768 , 6)  
