 -------------------4------------
(105.081 , 2)  (64.356 , 6)  (56.2247 , 7)  (54.1712 , 5)  (53.2225 , 1)  (50.4995 , 8)  (45.7024 , 9)  (45.6619 , 4)  (39.0778 , 3)  
(92.4254 , 5)  (66.7799 , 3)  (65.8202 , 8)  (59.5601 , 9)  (55.4336 , 7)  (47.6865 , 4)  (47.5518 , 6)  (44.2549 , 1)  (35.3601 , 2)  
(104.293 , 9)  (53.1849 , 3)  (52.7969 , 2)  (50.4114 , 6)  (49.2056 , 1)  (45.0649 , 5)  (44.5677 , 4)  (43.8804 , 7)  (40.1274 , 8)  
(99.6598 , 7)  (59.8968 , 3)  (58.3774 , 6)  (57.6309 , 1)  (57.4729 , 9)  (52.0306 , 5)  (48.814 , 2)  (43.9699 , 8)  (40.1194 , 4)  
(91.571 , 8)  (65.8636 , 9)  (60.6015 , 6)  (55.1689 , 3)  (53.4665 , 2)  (51.8508 , 7)  (48.2548 , 4)  (46.5019 , 5)  (46.2479 , 1)  
(96.0924 , 3)  (61.1788 , 2)  (54.915 , 9)  (54.7013 , 7)  (53.4416 , 8)  (51.9135 , 4)  (50.5153 , 5)  (49.4825 , 1)  (45.6687 , 6)  
(92.1563 , 6)  (73.3812 , 9)  (58.0186 , 4)  (55.7631 , 2)  (49.7108 , 8)  (48.6551 , 1)  (41.8678 , 7)  (37.0451 , 3)  (35.3945 , 5)  
(81.3429 , 4)  (80.9128 , 7)  (66.0594 , 8)  (65.6642 , 1)  (52.8571 , 5)  (52.1474 , 2)  (49.5835 , 6)  (45.96 , 9)  (34.7292 , 3)  
(105.644 , 1)  (52.8139 , 7)  (52.6617 , 9)  (51.4212 , 5)  (49.5749 , 2)  (47.5235 , 8)  (46.8026 , 6)  (46.0616 , 3)  (42.628 , 4)  
