 -------------------445------------
(84.8527 , 9)  (77.3249 , 7)  (56.3912 , 6)  (54.1851 , 4)  (51.6057 , 3)  (47.2953 , 1)  (47.1359 , 2)  (47.0922 , 5)  (46.4284 , 8)  
(98.7354 , 4)  (60.7575 , 9)  (60.3328 , 6)  (54.1264 , 1)  (50.6138 , 7)  (48.971 , 5)  (48.2741 , 3)  (47.9894 , 8)  (47.3066 , 2)  
(83.5914 , 3)  (66.6454 , 9)  (61.7528 , 7)  (59.4577 , 2)  (57.772 , 8)  (51.9299 , 6)  (46.2855 , 4)  (43.9478 , 1)  (39.8548 , 5)  
(79.5695 , 8)  (78.4672 , 2)  (66.095 , 5)  (60.1046 , 6)  (55.7092 , 9)  (51.4139 , 7)  (46.0547 , 4)  (43.9753 , 1)  (36.7901 , 3)  
(97.8192 , 1)  (71.0872 , 7)  (56.4571 , 4)  (55.0583 , 6)  (50.5881 , 5)  (49.5291 , 2)  (49.2399 , 9)  (47.4108 , 3)  (38.5805 , 8)  
(105.108 , 6)  (52.3415 , 8)  (49.7039 , 3)  (48.9115 , 9)  (48.0664 , 7)  (47.1511 , 5)  (45.3915 , 4)  (44.5063 , 1)  (43.7105 , 2)  
(96.2209 , 2)  (67.1321 , 7)  (59.1496 , 9)  (55.6383 , 6)  (54.506 , 8)  (54.4754 , 3)  (46.0663 , 1)  (44.7937 , 4)  (37.8307 , 5)  
(104.542 , 7)  (59.4429 , 9)  (53.0625 , 1)  (51.1324 , 2)  (49.8368 , 6)  (48.8703 , 3)  (48.6965 , 4)  (47.6536 , 8)  (41.5987 , 5)  
(102.909 , 5)  (70.5379 , 2)  (58.5259 , 8)  (51.2715 , 1)  (47.5714 , 3)  (44.4617 , 7)  (42.4816 , 6)  (42.2469 , 9)  (39.5311 , 4)  
