 -------------------689------------
(96.3361 , 1)  (59.6069 , 7)  (56.6442 , 8)  (52.3043 , 3)  (51.5959 , 6)  (48.5906 , 2)  (48.4173 , 4)  (45.7356 , 5)  (44.6175 , 9)  
(87.4567 , 8)  (61.508 , 7)  (55.8473 , 9)  (54.05 , 5)  (52.6475 , 6)  (52.4521 , 2)  (49.5998 , 1)  (48.238 , 4)  (46.4889 , 3)  
(82.8736 , 5)  (63.4123 , 8)  (60.3965 , 4)  (59.5695 , 6)  (56.2652 , 7)  (54.8701 , 1)  (51.2874 , 3)  (41.8 , 9)  (37.8972 , 2)  
(102.139 , 2)  (59.3142 , 3)  (58.0631 , 9)  (53.8514 , 1)  (50.7112 , 5)  (49.4605 , 8)  (45.9559 , 6)  (44.4265 , 4)  (40.0028 , 7)  
(97.581 , 3)  (60.6769 , 1)  (56.258 , 7)  (54.7863 , 9)  (53.6977 , 2)  (52.8259 , 6)  (47.5912 , 4)  (41.6675 , 5)  (40.6536 , 8)  
(94.9771 , 9)  (61.2984 , 6)  (56.45 , 4)  (54.3902 , 7)  (51.1373 , 3)  (46.819 , 8)  (46.2554 , 2)  (45.3811 , 5)  (42.7958 , 1)  
(94.3686 , 7)  (61.1917 , 9)  (57.4446 , 3)  (56.3104 , 6)  (56.2769 , 1)  (51.045 , 2)  (46.8175 , 5)  (46.4021 , 4)  (35.1001 , 8)  
(100.37 , 4)  (61.2644 , 6)  (57.7474 , 9)  (56.6484 , 1)  (53.8851 , 7)  (49.9657 , 5)  (45.4361 , 8)  (43.8743 , 2)  (38.398 , 3)  
(102.668 , 6)  (58.6584 , 3)  (54.7528 , 2)  (53.3363 , 4)  (52.6638 , 9)  (51.9916 , 1)  (48.025 , 7)  (47.1892 , 5)  (43.2578 , 8)  
