 -------------------778------------
(102.482 , 1)  (60.6056 , 7)  (56.2838 , 6)  (56.1267 , 4)  (52.4512 , 3)  (46.8534 , 9)  (46.4897 , 2)  (45.0875 , 5)  (41.1841 , 8)  
(87.4577 , 3)  (85.5837 , 7)  (61.9112 , 6)  (55.4023 , 1)  (54.9625 , 5)  (45.8168 , 2)  (44.2131 , 4)  (33.341 , 8)  (32.8583 , 9)  
(77.8986 , 4)  (63.5864 , 2)  (62.1956 , 6)  (58.7647 , 1)  (54.084 , 7)  (51.748 , 9)  (50.6434 , 8)  (50.5128 , 5)  (38.495 , 3)  
(94.4795 , 8)  (61.0774 , 3)  (60.4445 , 6)  (59.9956 , 9)  (55.1998 , 2)  (52.7816 , 7)  (45.1446 , 4)  (44.5307 , 5)  (43.4289 , 1)  
(98.498 , 6)  (59.5711 , 4)  (57.5622 , 3)  (55.8042 , 1)  (52.3876 , 2)  (50.6005 , 7)  (49.7735 , 5)  (47.3055 , 9)  (36.8628 , 8)  
(101.946 , 2)  (68.2792 , 3)  (57.6808 , 5)  (56.0953 , 1)  (50.2332 , 9)  (49.3692 , 7)  (49.2755 , 4)  (37.8346 , 6)  (34.0975 , 8)  
(103.408 , 5)  (62.2123 , 3)  (54.5241 , 7)  (51.7248 , 2)  (51.3764 , 6)  (49.7807 , 9)  (46.7858 , 1)  (42.1941 , 8)  (40.4634 , 4)  
(98.6937 , 7)  (62.6265 , 1)  (58.1769 , 2)  (54.2167 , 9)  (54.014 , 3)  (53.221 , 6)  (47.6857 , 8)  (41.9019 , 4)  (38.7795 , 5)  
(78.1033 , 5)  (75.9136 , 9)  (58.0706 , 2)  (56.6693 , 6)  (55.0875 , 4)  (49.144 , 7)  (45.8632 , 1)  (45.162 , 3)  (40.1517 , 8)  
