 -------------------691------------
(95.9913 , 1)  (58.502 , 7)  (57.6656 , 6)  (57.031 , 3)  (52.7483 , 8)  (51.3338 , 4)  (48.7599 , 2)  (45.0992 , 5)  (41.0336 , 9)  
(87.9971 , 8)  (61.4257 , 7)  (54.0254 , 5)  (52.8198 , 3)  (51.9032 , 4)  (49.9558 , 9)  (49.4683 , 1)  (49.3046 , 2)  (45.9879 , 6)  
(83.0327 , 5)  (65.102 , 8)  (61.1561 , 4)  (59.7442 , 6)  (58.0461 , 1)  (54.8233 , 3)  (53.7536 , 7)  (42.2479 , 9)  (33.7739 , 2)  
(103.717 , 2)  (59.204 , 9)  (57.0278 , 3)  (55.2972 , 1)  (49.6864 , 5)  (48.9037 , 8)  (46.8635 , 6)  (43.0493 , 4)  (38.2201 , 7)  
(102.755 , 3)  (60.9027 , 1)  (53.9074 , 9)  (53.2851 , 6)  (51.7337 , 7)  (48.6485 , 2)  (45.8809 , 4)  (40.6995 , 8)  (39.0126 , 5)  
(96.1746 , 9)  (62.7269 , 6)  (55.714 , 3)  (55.6259 , 7)  (50.6477 , 4)  (49.3215 , 2)  (44.6974 , 8)  (43.8445 , 1)  (42.4194 , 5)  
(94.3482 , 7)  (61.1691 , 9)  (57.2511 , 6)  (55.9588 , 1)  (55.7495 , 3)  (53.0774 , 2)  (47.9794 , 5)  (44.2236 , 4)  (34.7702 , 8)  
(98.6644 , 4)  (64.6068 , 6)  (63.3162 , 9)  (58.8238 , 1)  (51.3667 , 7)  (50.1729 , 5)  (43.4048 , 2)  (43.2589 , 8)  (38.7275 , 3)  
(103.14 , 6)  (57.4463 , 3)  (56.2743 , 4)  (52.76 , 2)  (51.7199 , 9)  (51.611 , 1)  (45.815 , 8)  (45.6905 , 7)  (45.5276 , 5)  
