 -------------------1082------------
(101.951 , 3)  (64.0463 , 7)  (57.9552 , 6)  (57.7475 , 1)  (57.4061 , 2)  (55.2652 , 9)  (45.5732 , 8)  (41.7702 , 5)  (38.5785 , 4)  
(102.385 , 7)  (60.7296 , 9)  (55.055 , 6)  (54.482 , 3)  (53.3549 , 1)  (47.8909 , 2)  (44.2521 , 5)  (42.8994 , 4)  (40.3488 , 8)  
(92.4561 , 2)  (64.1711 , 3)  (57.8331 , 8)  (55.4912 , 1)  (52.8927 , 6)  (51.5454 , 9)  (50.2678 , 7)  (41.1697 , 4)  (38.4572 , 5)  
(86.1998 , 9)  (65.7494 , 7)  (63.9804 , 5)  (61.0055 , 6)  (52.6973 , 3)  (52.5296 , 2)  (49.8829 , 1)  (49.4313 , 4)  (42.2762 , 8)  
(91.7406 , 4)  (73.0967 , 6)  (63.6466 , 7)  (55.4668 , 1)  (50.5841 , 2)  (48.5253 , 9)  (46.1442 , 5)  (42.4296 , 3)  (40.7707 , 8)  
(103.927 , 1)  (62.0493 , 7)  (51.9951 , 6)  (50.8541 , 4)  (48.8782 , 5)  (48.1895 , 9)  (47.6838 , 3)  (47.3411 , 2)  (43.7924 , 8)  
(104.42 , 6)  (68.3942 , 8)  (52.8658 , 7)  (52.7302 , 1)  (51.5851 , 4)  (50.1305 , 3)  (50.0214 , 5)  (37.9228 , 9)  (36.2634 , 2)  
(93.614 , 8)  (56.726 , 3)  (55.7598 , 5)  (53.1352 , 7)  (52.1568 , 1)  (52.0865 , 6)  (51.6245 , 4)  (51.4354 , 9)  (46.9184 , 2)  
(91.0665 , 5)  (57.2945 , 1)  (54.2457 , 3)  (51.5162 , 8)  (51.3804 , 9)  (51.0109 , 4)  (50.7664 , 6)  (50.281 , 7)  (47.8934 , 2)  
