 -------------------106------------
(108.058 , 7)  (50.8167 , 6)  (50.2036 , 9)  (49.4417 , 8)  (49.2359 , 3)  (49.0553 , 1)  (48.8547 , 4)  (48.0412 , 5)  (48.0009 , 2)  
(83.69 , 8)  (78.9394 , 9)  (62.2396 , 7)  (57.8369 , 2)  (55.7112 , 6)  (49.3191 , 1)  (45.2574 , 4)  (43.6577 , 5)  (37.4144 , 3)  
(98.3104 , 6)  (62.5699 , 8)  (58.4544 , 4)  (57.2968 , 3)  (55.4335 , 1)  (50.6496 , 7)  (49.767 , 5)  (46.6637 , 2)  (40.6215 , 9)  
(90.4588 , 9)  (62.0733 , 6)  (55.9215 , 5)  (55.8933 , 4)  (55.4221 , 7)  (52.4014 , 1)  (51.8355 , 3)  (49.5023 , 2)  (45.2174 , 8)  
(107.54 , 5)  (55.2514 , 3)  (54.0421 , 2)  (51.1033 , 6)  (50.5648 , 1)  (47.4421 , 4)  (47.4045 , 9)  (44.454 , 7)  (38.7292 , 8)  
(104.737 , 1)  (58.8617 , 7)  (55.4576 , 4)  (50.2478 , 3)  (47.3711 , 2)  (46.2911 , 6)  (45.3896 , 5)  (44.7597 , 8)  (44.7391 , 9)  
(106.143 , 4)  (61.2805 , 2)  (60.9211 , 9)  (58.0038 , 1)  (57.0034 , 6)  (53.8079 , 5)  (45.1162 , 7)  (44.0396 , 3)  (32.8322 , 8)  
(92.5724 , 2)  (65.2825 , 7)  (54.6493 , 3)  (53.6541 , 4)  (52.6207 , 8)  (51.6696 , 1)  (51.4618 , 6)  (49.4562 , 9)  (35.305 , 5)  
(104.427 , 3)  (60.1286 , 1)  (57.2553 , 8)  (51.8719 , 9)  (50.2635 , 6)  (50.001 , 4)  (48.9957 , 7)  (46.5698 , 2)  (45.753 , 5)  
