 -------------------219------------
(92.5872 , 8)  (74.1026 , 3)  (54.587 , 7)  (53.7924 , 6)  (52.1901 , 9)  (51.4474 , 1)  (48.7025 , 4)  (47.2411 , 5)  (40.5875 , 2)  
(98.6322 , 4)  (64.7543 , 6)  (55.372 , 7)  (55.1991 , 5)  (54.2451 , 1)  (53.0915 , 2)  (46.1416 , 3)  (44.7233 , 8)  (34.655 , 9)  
(105.31 , 6)  (59.2495 , 1)  (55.6804 , 3)  (53.8259 , 4)  (51.5555 , 2)  (47.222 , 5)  (47.0206 , 7)  (44.5507 , 8)  (41.7672 , 9)  
(94.0867 , 9)  (65.9914 , 7)  (53.8029 , 6)  (53.5416 , 1)  (48.5758 , 4)  (47.4638 , 5)  (46.9218 , 8)  (46.4778 , 2)  (45.4868 , 3)  
(105.218 , 1)  (53.2006 , 7)  (52.4449 , 3)  (51.2193 , 8)  (48.2201 , 9)  (47.2641 , 5)  (47.1273 , 6)  (43.964 , 2)  (42.508 , 4)  
(90.5038 , 3)  (63.7535 , 7)  (60.9579 , 5)  (58.0582 , 9)  (52.9887 , 1)  (51.9968 , 2)  (50.8285 , 6)  (46.5183 , 8)  (46.4478 , 4)  
(108.311 , 7)  (56.2139 , 6)  (53.1177 , 2)  (50.9898 , 9)  (48.8135 , 5)  (47.578 , 1)  (45.8446 , 4)  (41.9433 , 3)  (39.8756 , 8)  
(80.1504 , 5)  (65.4812 , 3)  (57.7994 , 6)  (55.7757 , 9)  (52.0739 , 4)  (51.4321 , 1)  (51.4028 , 2)  (48.1244 , 8)  (44.5631 , 7)  
(78.9488 , 2)  (69.0126 , 8)  (59.4994 , 7)  (59.4047 , 3)  (58.3798 , 6)  (50.8137 , 4)  (50.4891 , 1)  (46.7797 , 9)  (45.2106 , 5)  
