 -------------------555------------
(103.746 , 4)  (60.0432 , 6)  (56.8385 , 1)  (53.8595 , 7)  (51.4516 , 2)  (50.7726 , 9)  (49.69 , 5)  (39.2885 , 3)  (38.1525 , 8)  
(98.8921 , 7)  (76.5555 , 9)  (64.4359 , 2)  (59.2213 , 6)  (58.0624 , 1)  (49.7535 , 4)  (47.6783 , 5)  (36.6055 , 3)  (29.8334 , 8)  
(89.7828 , 2)  (75.488 , 1)  (57.2955 , 5)  (53.6786 , 7)  (49.9217 , 9)  (46.8664 , 6)  (46.0281 , 4)  (45.751 , 3)  (42.5979 , 8)  
(103.444 , 1)  (53.6616 , 4)  (53.3034 , 6)  (52.4104 , 2)  (51.1921 , 3)  (50.8975 , 8)  (49.9393 , 7)  (49.0653 , 5)  (48.7183 , 9)  
(105.235 , 3)  (59.9569 , 2)  (56.6462 , 7)  (53.0135 , 1)  (51.0131 , 6)  (50.2194 , 4)  (50.0002 , 9)  (45.6958 , 5)  (33.1714 , 8)  
(99.8446 , 6)  (62.5029 , 4)  (60.2352 , 1)  (57.3281 , 3)  (50.1128 , 2)  (46.2371 , 7)  (46.1724 , 5)  (45.8662 , 9)  (39.2261 , 8)  
(93.7684 , 8)  (71.6134 , 4)  (58.1431 , 7)  (57.5229 , 9)  (51.9704 , 1)  (48.5718 , 3)  (44.4814 , 5)  (43.6613 , 6)  (42.7605 , 2)  
(75.9939 , 9)  (68.264 , 8)  (63.4285 , 7)  (58.2997 , 1)  (53.4725 , 6)  (51.8161 , 4)  (46.5541 , 3)  (45.0702 , 2)  (40.9378 , 5)  
(88.8546 , 5)  (69.9225 , 3)  (62.4041 , 9)  (55.4907 , 1)  (52.1691 , 8)  (49.3205 , 4)  (47.502 , 2)  (47.4698 , 6)  (47.0224 , 7)  
