 -------------------777------------
(102.44 , 1)  (60.6069 , 7)  (56.5154 , 6)  (56.1465 , 4)  (52.2503 , 3)  (46.9341 , 9)  (46.655 , 2)  (45.4089 , 5)  (41.0005 , 8)  
(85.6103 , 3)  (82.6456 , 7)  (58.2964 , 5)  (57.874 , 6)  (56.1879 , 1)  (49.18 , 2)  (46.6841 , 4)  (34.6105 , 8)  (33.9492 , 9)  
(77.7197 , 4)  (63.5317 , 2)  (62.4542 , 6)  (58.7362 , 1)  (53.8567 , 7)  (51.8554 , 9)  (50.5254 , 8)  (50.4435 , 5)  (38.7762 , 3)  
(95.2433 , 8)  (61.1536 , 3)  (60.9641 , 9)  (59.6322 , 6)  (54.9195 , 2)  (52.7606 , 7)  (45.093 , 4)  (43.7674 , 1)  (42.678 , 5)  
(98.4523 , 6)  (59.7045 , 4)  (57.5067 , 3)  (55.6651 , 1)  (52.7008 , 2)  (50.6627 , 7)  (49.7825 , 5)  (47.0428 , 9)  (36.813 , 8)  
(101.977 , 2)  (68.4595 , 3)  (57.623 , 5)  (56.1279 , 1)  (50.212 , 9)  (49.2175 , 4)  (49.1809 , 7)  (37.6998 , 6)  (34.3479 , 8)  
(103.968 , 5)  (60.9795 , 3)  (54.9154 , 7)  (52.5648 , 2)  (50.7207 , 6)  (50.5706 , 9)  (48.3485 , 1)  (41.2605 , 8)  (40.2226 , 4)  
(99.2697 , 7)  (61.2816 , 1)  (58.0563 , 2)  (54.115 , 9)  (53.4258 , 6)  (53.3409 , 3)  (47.5551 , 8)  (42.2478 , 4)  (38.9076 , 5)  
(78.017 , 5)  (73.0271 , 9)  (59.5465 , 4)  (58.2228 , 2)  (51.9314 , 6)  (50.5112 , 7)  (50.0009 , 1)  (47.1415 , 3)  (42.6085 , 8)  
