 -------------------398------------
(101.595 , 3)  (57.933 , 5)  (56.1616 , 2)  (55.2542 , 7)  (52.7643 , 8)  (51.547 , 6)  (50.4264 , 4)  (45.226 , 9)  (41.379 , 1)  
(80.9573 , 6)  (69.014 , 9)  (58.5254 , 8)  (56.0094 , 4)  (52.9844 , 7)  (52.8402 , 2)  (46.2503 , 3)  (45.8673 , 1)  (43.4742 , 5)  
(99.6302 , 1)  (68.411 , 2)  (61.5052 , 4)  (50.2178 , 9)  (48.6202 , 8)  (47.9405 , 3)  (44.3242 , 7)  (41.0798 , 5)  (37.0725 , 6)  
(96.5053 , 8)  (60.7917 , 6)  (57.3841 , 2)  (56.5585 , 7)  (52.9983 , 9)  (50.5999 , 5)  (49.3203 , 4)  (44.7689 , 1)  (43.5005 , 3)  
(100.068 , 4)  (65.1724 , 2)  (57.7354 , 6)  (53.6981 , 5)  (51.4869 , 7)  (50.7047 , 3)  (46.2129 , 8)  (45.5781 , 9)  (44.0745 , 1)  
(101.284 , 5)  (62.0135 , 8)  (55.5157 , 9)  (53.0906 , 3)  (50.537 , 4)  (49.3366 , 1)  (46.7824 , 6)  (43.5396 , 7)  (41.9032 , 2)  
(100.568 , 7)  (63.1847 , 2)  (59.9816 , 6)  (57.1171 , 1)  (52.1019 , 8)  (46.6123 , 5)  (45.6883 , 3)  (44.7013 , 9)  (38.2933 , 4)  
(75.5612 , 9)  (74.7842 , 7)  (69.7135 , 6)  (65.3591 , 1)  (54.7505 , 2)  (53.9599 , 3)  (50.6501 , 5)  (44.912 , 8)  (29.6835 , 4)  
(102.714 , 2)  (62.1442 , 6)  (60.7501 , 3)  (57.0547 , 9)  (52.2794 , 1)  (47.5394 , 8)  (42.4889 , 7)  (40.0606 , 5)  (39.5042 , 4)  
