 -------------------795------------
(98.9398 , 1)  (73.098 , 7)  (55.4799 , 4)  (53.3626 , 6)  (51.908 , 9)  (49.4913 , 2)  (47.0533 , 5)  (46.5636 , 3)  (42.6179 , 8)  
(108.188 , 7)  (52.5253 , 6)  (49.6872 , 1)  (49.3839 , 2)  (48.5035 , 3)  (47.6086 , 9)  (47.4921 , 8)  (47.3282 , 5)  (45.3985 , 4)  
(92.2588 , 4)  (70.4791 , 6)  (65.2663 , 7)  (55.4033 , 1)  (51.2648 , 2)  (48.6791 , 5)  (47.7831 , 3)  (44.8438 , 9)  (41.0781 , 8)  
(100.389 , 8)  (61.137 , 9)  (54.5392 , 5)  (54.3758 , 4)  (51.0647 , 1)  (49.3697 , 2)  (49.2372 , 6)  (46.6523 , 3)  (42.5857 , 7)  
(103.499 , 6)  (63.4708 , 4)  (55.0802 , 2)  (55.0432 , 5)  (54.4924 , 3)  (50.7348 , 7)  (48.8083 , 1)  (47.6312 , 8)  (40.7058 , 9)  
(98.9717 , 2)  (66.3162 , 7)  (65.6135 , 6)  (61.4471 , 8)  (57.4721 , 3)  (50.1999 , 1)  (48.0095 , 5)  (44.0644 , 9)  (36.8264 , 4)  
(101.282 , 3)  (58.5537 , 1)  (53.9178 , 5)  (53.4583 , 8)  (51.5286 , 9)  (48.9674 , 4)  (46.4024 , 2)  (45.636 , 7)  (45.0077 , 6)  
(98.6488 , 9)  (59.7053 , 4)  (56.7943 , 6)  (55.6954 , 2)  (50.7573 , 1)  (49.5334 , 8)  (49.0935 , 7)  (48.2764 , 5)  (41.0077 , 3)  
(83.7529 , 5)  (75.3577 , 9)  (70.4516 , 6)  (56.6844 , 3)  (53.8038 , 7)  (46.5356 , 8)  (45.4162 , 2)  (44.4918 , 1)  (42.0355 , 4)  
