 -------------------388------------
(104.55 , 3)  (56.6091 , 7)  (52.3771 , 8)  (51.8902 , 4)  (51.7084 , 6)  (49.5692 , 5)  (49.0464 , 2)  (41.7365 , 9)  (39.4991 , 1)  
(78.7185 , 6)  (72.1194 , 9)  (61.6018 , 8)  (54.4123 , 2)  (54.1413 , 4)  (52.412 , 7)  (46.1598 , 5)  (44.5218 , 1)  (40.664 , 3)  
(99.2681 , 1)  (68.6541 , 2)  (60.8203 , 4)  (50.4274 , 9)  (48.4446 , 8)  (46.9118 , 3)  (43.5523 , 7)  (43.1295 , 5)  (37.2418 , 6)  
(94.0067 , 8)  (61.1598 , 7)  (61.0073 , 6)  (54.9713 , 2)  (54.2306 , 5)  (53.5189 , 9)  (46.92 , 4)  (44.3123 , 1)  (44.0325 , 3)  
(93.0267 , 4)  (59.2885 , 2)  (58.7289 , 3)  (57.9275 , 6)  (54.9643 , 7)  (51.5169 , 8)  (50.8255 , 9)  (48.1024 , 1)  (47.8348 , 5)  
(100.659 , 5)  (60.5585 , 8)  (55.4779 , 9)  (53.0639 , 3)  (51.3496 , 4)  (48.8105 , 1)  (47.1773 , 6)  (44.093 , 7)  (43.1872 , 2)  
(98.0175 , 7)  (61.7564 , 2)  (60.4174 , 1)  (57.9709 , 6)  (49.2938 , 9)  (48.5468 , 3)  (48.1096 , 8)  (47.3656 , 5)  (38.9961 , 4)  
(75.8732 , 7)  (75.681 , 9)  (70.8875 , 1)  (58.0542 , 8)  (52.1524 , 6)  (50.8695 , 2)  (49.7741 , 5)  (42.3303 , 3)  (35.9659 , 4)  
(101.36 , 2)  (58.5043 , 6)  (58.0454 , 1)  (57.9549 , 3)  (57.4604 , 9)  (46.7498 , 8)  (44.694 , 5)  (41.8157 , 7)  (36.7631 , 4)  
