 -------------------73------------
(95.2231 , 2)  (65.7582 , 1)  (56.861 , 3)  (56.5095 , 8)  (54.561 , 6)  (49.811 , 9)  (40.0173 , 7)  (39.5325 , 4)  (37.7877 , 5)  
(96.3554 , 6)  (57.7778 , 3)  (54.7107 , 4)  (52.1482 , 1)  (47.0385 , 7)  (46.6115 , 8)  (45.953 , 5)  (41.7435 , 9)  (38.0858 , 2)  
(106.885 , 7)  (62.0547 , 6)  (56.6667 , 4)  (50.8935 , 5)  (45.458 , 2)  (45.4402 , 3)  (45.0918 , 1)  (43.9842 , 9)  (41.4175 , 8)  
(101.75 , 5)  (65.7539 , 6)  (62.9317 , 2)  (55.0835 , 4)  (49.6625 , 3)  (48.5425 , 7)  (47.4346 , 1)  (46.3505 , 9)  (42.8321 , 8)  
(92.4211 , 8)  (61.6973 , 2)  (58.3035 , 9)  (53.335 , 1)  (53.1945 , 4)  (51.3465 , 7)  (49.6904 , 6)  (49.4619 , 3)  (37.6017 , 5)  
(74.2323 , 4)  (65.9299 , 1)  (55.7958 , 5)  (55.743 , 6)  (54.8339 , 9)  (52.3042 , 2)  (48.309 , 7)  (47.9348 , 8)  (40.1739 , 3)  
(89.5526 , 3)  (66.4113 , 7)  (62.8198 , 9)  (57.9737 , 4)  (55.0627 , 8)  (53.1034 , 2)  (47.9389 , 1)  (47.6287 , 5)  (46.4478 , 6)  
(102.983 , 1)  (61.5796 , 7)  (53.9057 , 6)  (52.2878 , 3)  (51.9217 , 4)  (47.8611 , 2)  (47.2551 , 8)  (45.4886 , 5)  (43.6978 , 9)  
(94.8703 , 9)  (61.985 , 4)  (56.4399 , 3)  (51.4417 , 7)  (50.6197 , 6)  (50.2197 , 8)  (49.8712 , 2)  (47.738 , 5)  (47.2065 , 1)  
