 -------------------1125------------
(81.9023 , 8)  (75.0802 , 1)  (71.0388 , 6)  (58.7573 , 3)  (53.7522 , 2)  (52.5756 , 5)  (47.9349 , 9)  (45.6302 , 4)  (34.7871 , 7)  
(106.807 , 7)  (53.6969 , 6)  (51.2041 , 9)  (50.9265 , 4)  (50.145 , 8)  (48.7404 , 5)  (48.446 , 1)  (45.842 , 2)  (44.8746 , 3)  
(102.126 , 2)  (80.7886 , 3)  (51.0333 , 4)  (48.9763 , 6)  (48.296 , 1)  (47.8034 , 9)  (45.4616 , 7)  (41.0573 , 8)  (34.6771 , 5)  
(99.2262 , 5)  (66.5474 , 3)  (54.8985 , 6)  (53.4316 , 1)  (48.7102 , 2)  (48.5701 , 9)  (47.1371 , 7)  (46.9357 , 8)  (45.776 , 4)  
(83.5824 , 6)  (72.9423 , 5)  (63.7397 , 8)  (57.3481 , 1)  (51.5676 , 2)  (51.4551 , 7)  (48.0587 , 3)  (45.3155 , 9)  (34.9167 , 4)  
(86.0269 , 3)  (84.4657 , 7)  (58.5751 , 6)  (54.8942 , 2)  (50.7753 , 4)  (49.8519 , 1)  (48.2085 , 9)  (44.037 , 5)  (38.17 , 8)  
(85.7819 , 9)  (65.3458 , 6)  (64.979 , 7)  (54.6012 , 1)  (52.9868 , 3)  (50.2741 , 2)  (50.0172 , 8)  (48.8242 , 5)  (44.2018 , 4)  
(78.2177 , 4)  (58.7648 , 1)  (57.5586 , 6)  (56.7649 , 8)  (55.1604 , 2)  (51.9985 , 9)  (49.3019 , 5)  (47.7332 , 7)  (45.9424 , 3)  
(102.154 , 1)  (65.0195 , 7)  (50.6904 , 6)  (50.4079 , 4)  (48.743 , 2)  (47.1855 , 3)  (47.0752 , 5)  (45.407 , 8)  (40.2066 , 9)  
