 -------------------536------------
(95.7968 , 4)  (62.3148 , 7)  (60.1891 , 2)  (56.7318 , 9)  (52.8324 , 5)  (50.2512 , 6)  (48.4089 , 1)  (47.7221 , 3)  (39.6435 , 8)  
(104.291 , 7)  (62.8033 , 6)  (54.0729 , 3)  (50.9644 , 9)  (50.8254 , 1)  (50.1058 , 5)  (44.7529 , 4)  (41.8502 , 8)  (41.7384 , 2)  
(94.5777 , 3)  (72.6416 , 9)  (59.3361 , 2)  (56.6417 , 1)  (54.7347 , 7)  (51.0653 , 4)  (50.7624 , 6)  (46.7153 , 8)  (36.7827 , 5)  
(79.491 , 9)  (64.8067 , 6)  (58.6499 , 7)  (55.3888 , 3)  (55.2328 , 5)  (54.1573 , 1)  (53.991 , 4)  (39.8678 , 2)  (37.6792 , 8)  
(99.8363 , 1)  (57.911 , 7)  (51.1492 , 9)  (51.0624 , 3)  (49.4535 , 2)  (48.7962 , 4)  (48.1591 , 6)  (47.2747 , 8)  (45.6408 , 5)  
(108.255 , 2)  (64.5284 , 9)  (59.637 , 1)  (50.9236 , 5)  (49.6887 , 6)  (47.6654 , 4)  (45.6789 , 3)  (42.5263 , 8)  (35.1294 , 7)  
(94.8744 , 8)  (71.5556 , 5)  (67.2354 , 1)  (55.9009 , 6)  (50.9994 , 2)  (45.6157 , 7)  (44.1299 , 9)  (42.6096 , 4)  (37.8033 , 3)  
(77.2861 , 6)  (64.9824 , 2)  (63.5 , 1)  (62.8181 , 5)  (62.0347 , 4)  (60.8536 , 3)  (56.8398 , 7)  (36.8711 , 8)  (28.3749 , 9)  
(97.2944 , 5)  (58.849 , 3)  (58.5396 , 7)  (53.7198 , 9)  (52.1359 , 1)  (52.1279 , 4)  (48.9606 , 8)  (47.2011 , 2)  (47.1357 , 6)  
