 -------------------704------------
(103.178 , 4)  (61.9857 , 6)  (60.9272 , 9)  (60.4944 , 2)  (57.9531 , 5)  (54.0667 , 1)  (45.7219 , 7)  (36.0938 , 3)  (33.9871 , 8)  
(91.8135 , 8)  (64.5447 , 1)  (59.6073 , 3)  (53.8184 , 4)  (53.1916 , 5)  (51.0447 , 2)  (49.5615 , 6)  (47.6873 , 9)  (45.7639 , 7)  
(98.5195 , 2)  (59.5355 , 1)  (56.1972 , 3)  (53.484 , 9)  (53.3892 , 5)  (51.1097 , 4)  (49.2934 , 6)  (48.7449 , 7)  (47.0302 , 8)  
(104.897 , 3)  (56.0963 , 8)  (53.0107 , 9)  (51.2262 , 7)  (50.8784 , 4)  (50.1447 , 5)  (49.4833 , 1)  (48.12 , 6)  (47.9489 , 2)  
(107.872 , 7)  (53.8908 , 2)  (49.505 , 1)  (49.3523 , 3)  (48.5432 , 6)  (47.6138 , 8)  (46.8541 , 9)  (45.0264 , 4)  (44.6663 , 5)  
(100.81 , 1)  (55.7323 , 7)  (51.9302 , 9)  (50.8391 , 6)  (49.7378 , 2)  (49.3551 , 5)  (48.2764 , 3)  (44.5661 , 4)  (44.4389 , 8)  
(99.8938 , 5)  (67.3143 , 4)  (66.3849 , 6)  (59.213 , 2)  (54.963 , 3)  (47.5894 , 9)  (46.9328 , 1)  (46.9117 , 7)  (38.3694 , 8)  
(89.4462 , 9)  (62.2724 , 7)  (60.7595 , 6)  (52.7538 , 3)  (51.4419 , 2)  (51.2456 , 1)  (50.8934 , 4)  (50.7064 , 8)  (47.6676 , 5)  
(106.074 , 6)  (56.968 , 3)  (52.4074 , 7)  (51.0571 , 5)  (51.0275 , 2)  (50.9068 , 1)  (50.2431 , 9)  (48.6473 , 8)  (44.5886 , 4)  
