 -------------------350------------
(93.6058 , 9)  (62.5669 , 7)  (58.2928 , 4)  (52.1591 , 5)  (50.8898 , 6)  (50.035 , 2)  (49.9368 , 8)  (48.3701 , 3)  (46.2209 , 1)  
(105.394 , 8)  (53.7698 , 5)  (53.1791 , 4)  (51.8388 , 3)  (50.8704 , 1)  (49.829 , 6)  (48.1787 , 9)  (46.2687 , 7)  (42.7266 , 2)  
(101.442 , 3)  (60.0533 , 6)  (56.7512 , 8)  (53.5562 , 4)  (52.8871 , 2)  (51.39 , 7)  (48.4834 , 5)  (48.4044 , 9)  (46.8134 , 1)  
(89.7782 , 4)  (63.1545 , 9)  (60.5222 , 2)  (59.7002 , 6)  (53.9077 , 1)  (50.5758 , 7)  (49.295 , 5)  (48.4054 , 3)  (37.0589 , 8)  
(106.838 , 6)  (58.3537 , 4)  (54.7918 , 9)  (52.5186 , 5)  (52.2454 , 7)  (50.6003 , 2)  (48.3588 , 3)  (48.343 , 1)  (45.4846 , 8)  
(101.449 , 1)  (53.7474 , 6)  (53.5555 , 7)  (52.6962 , 8)  (52.2872 , 9)  (51.9067 , 3)  (51.3989 , 5)  (46.2776 , 4)  (45.8452 , 2)  
(103.506 , 7)  (59.3295 , 6)  (56.2009 , 2)  (50.3028 , 1)  (50.0982 , 5)  (49.7778 , 9)  (46.6735 , 3)  (43.2697 , 4)  (39.6059 , 8)  
(104.015 , 5)  (61.0479 , 7)  (53.536 , 2)  (49.7732 , 1)  (49.5254 , 6)  (49.2023 , 3)  (44.73 , 9)  (41.5649 , 8)  (40.8836 , 4)  
(104.934 , 2)  (55.2199 , 8)  (54.7459 , 3)  (52.1813 , 1)  (51.0012 , 9)  (50.2579 , 7)  (49.7248 , 4)  (49.0995 , 6)  (42.6758 , 5)  
