 -------------------707------------
(104.32 , 4)  (64.3034 , 6)  (62.0492 , 9)  (57.1938 , 2)  (52.9203 , 5)  (50.4001 , 1)  (45.6047 , 7)  (39.123 , 3)  (35.7285 , 8)  
(94.509 , 8)  (63.9489 , 1)  (58.3248 , 3)  (53.9201 , 5)  (52.5598 , 2)  (52.0715 , 4)  (47.9848 , 6)  (47.0654 , 7)  (45.7192 , 9)  
(98.6495 , 2)  (59.2922 , 1)  (58.0908 , 9)  (55.3914 , 3)  (52.2953 , 7)  (51.1063 , 6)  (49.0958 , 5)  (48.5308 , 4)  (45.7137 , 8)  
(104.358 , 3)  (58.1252 , 9)  (53.6497 , 7)  (51.6517 , 8)  (51.2293 , 1)  (49.1244 , 6)  (48.5755 , 4)  (48.3124 , 5)  (48.0023 , 2)  
(107.884 , 7)  (53.735 , 2)  (49.6421 , 1)  (49.5124 , 3)  (48.7996 , 6)  (47.3082 , 9)  (46.7781 , 8)  (44.9882 , 5)  (44.9195 , 4)  
(100.715 , 1)  (55.817 , 7)  (52.7207 , 9)  (51.075 , 6)  (49.9951 , 2)  (49.0927 , 5)  (47.8576 , 3)  (44.6802 , 8)  (44.3206 , 4)  
(99.9267 , 5)  (66.9246 , 4)  (66.2714 , 6)  (59.4853 , 2)  (55.5566 , 3)  (48.2902 , 9)  (47.0297 , 1)  (45.7954 , 7)  (38.0598 , 8)  
(89.0024 , 9)  (62.1416 , 7)  (60.2344 , 6)  (52.0584 , 2)  (51.6436 , 1)  (51.0632 , 3)  (50.6136 , 5)  (50.2938 , 8)  (50.043 , 4)  
(105.34 , 6)  (57.1186 , 8)  (54.8396 , 7)  (53.1595 , 3)  (51.0982 , 5)  (50.1244 , 1)  (47.9115 , 4)  (45.3197 , 9)  (43.2374 , 2)  
