 -------------------783------------
(102.539 , 1)  (60.3735 , 7)  (57.0801 , 6)  (55.9886 , 4)  (52.0964 , 3)  (47.8908 , 9)  (46.6943 , 2)  (45.8626 , 5)  (40.0562 , 8)  
(86.1186 , 3)  (83.0562 , 7)  (58.3803 , 6)  (58.0391 , 5)  (56.1576 , 1)  (49.1473 , 2)  (47.051 , 4)  (33.7788 , 8)  (33.7569 , 9)  
(77.8207 , 4)  (64.1927 , 2)  (62.0091 , 6)  (59.0086 , 1)  (53.1255 , 7)  (53.1119 , 9)  (50.3486 , 5)  (50.2147 , 8)  (38.551 , 3)  
(94.7685 , 8)  (60.9292 , 3)  (60.4326 , 9)  (60.3204 , 6)  (54.6049 , 2)  (52.8205 , 7)  (44.92 , 5)  (44.5475 , 4)  (43.3974 , 1)  
(97.7205 , 6)  (60.8133 , 4)  (56.9166 , 3)  (54.7666 , 1)  (52.2246 , 7)  (52.0506 , 2)  (50.6816 , 5)  (44.9472 , 9)  (38.348 , 8)  
(101.961 , 2)  (68.5102 , 3)  (57.6211 , 5)  (56.2032 , 1)  (50.0685 , 9)  (49.2035 , 7)  (49.1681 , 4)  (37.7617 , 6)  (34.3432 , 8)  
(103.973 , 5)  (60.8223 , 3)  (55.4984 , 7)  (52.527 , 2)  (50.8595 , 9)  (50.0494 , 6)  (48.1051 , 1)  (41.5288 , 8)  (40.5048 , 4)  
(99.3896 , 7)  (61.5661 , 1)  (58.2559 , 2)  (53.4442 , 6)  (53.3969 , 3)  (53.2534 , 9)  (47.5081 , 8)  (42.2882 , 4)  (38.9806 , 5)  
(80.3401 , 5)  (73.3268 , 9)  (61.8334 , 2)  (58.2809 , 4)  (56.5672 , 7)  (51.3774 , 1)  (48.4807 , 6)  (43.4948 , 3)  (40.0375 , 8)  
