 -------------------459------------
(106.028 , 7)  (62.0525 , 6)  (51.8534 , 4)  (50.3382 , 5)  (49.4258 , 9)  (49.0912 , 1)  (45.4901 , 8)  (44.2278 , 3)  (40.8584 , 2)  
(99.5703 , 4)  (57.1026 , 7)  (56.7752 , 2)  (54.2308 , 1)  (54.1249 , 3)  (53.8971 , 9)  (53.5336 , 6)  (52.5396 , 5)  (39.1966 , 8)  
(98.5059 , 6)  (62.3621 , 4)  (59.4771 , 9)  (58.5061 , 2)  (50.6238 , 8)  (46.6948 , 7)  (44.0965 , 3)  (41.1212 , 1)  (40.0728 , 5)  
(100.499 , 1)  (57.5283 , 7)  (57.1386 , 2)  (53.1938 , 6)  (52.5567 , 5)  (49.7157 , 9)  (49.2133 , 3)  (44.9793 , 8)  (42.4782 , 4)  
(71.7448 , 9)  (70.6878 , 5)  (64.0604 , 4)  (56.5231 , 6)  (54.4924 , 8)  (52.4947 , 3)  (50.6936 , 1)  (47.1674 , 7)  (46.7519 , 2)  
(96.0534 , 2)  (59.6781 , 3)  (59.0515 , 9)  (58.4968 , 7)  (51.2912 , 8)  (49.8017 , 5)  (49.3638 , 6)  (48.9729 , 1)  (43.4309 , 4)  
(107.276 , 8)  (57.4574 , 3)  (53.1098 , 4)  (49.95 , 7)  (49.4447 , 2)  (49.3667 , 9)  (49.0263 , 6)  (46.4997 , 1)  (46.3796 , 5)  
(83.6306 , 5)  (64.0117 , 6)  (62.98 , 3)  (57.8383 , 4)  (57.2624 , 8)  (56.3717 , 1)  (49.0536 , 7)  (43.4203 , 9)  (40.4588 , 2)  
(98.4466 , 3)  (62.8025 , 5)  (56.4602 , 6)  (55.9977 , 9)  (51.7102 , 1)  (50.0398 , 7)  (45.3143 , 2)  (44.5617 , 8)  (43.8793 , 4)  
