 -------------------438------------
(98.619 , 5)  (62.3757 , 8)  (58.404 , 3)  (54.3003 , 7)  (52.4732 , 1)  (49.643 , 4)  (47.2974 , 2)  (46.651 , 6)  (46.4836 , 9)  
(92.1551 , 2)  (75.085 , 7)  (54.7991 , 6)  (52.7451 , 1)  (52.0881 , 9)  (49.5637 , 8)  (46.9481 , 4)  (46.6264 , 5)  (40.7371 , 3)  
(105.172 , 7)  (57.276 , 6)  (54.1429 , 9)  (50.662 , 5)  (48.3724 , 1)  (46.9341 , 3)  (46.3244 , 8)  (45.6205 , 4)  (43.7119 , 2)  
(86.3285 , 3)  (77.3353 , 7)  (60.4122 , 5)  (56.2295 , 1)  (55.4494 , 6)  (50.3502 , 2)  (48.7684 , 4)  (34.2586 , 9)  (33.2657 , 8)  
(102.798 , 1)  (57.3934 , 6)  (54.3773 , 5)  (52.157 , 7)  (51.1832 , 3)  (50.5704 , 2)  (48.8303 , 4)  (44.9824 , 8)  (43.0086 , 9)  
(107.034 , 8)  (61.522 , 6)  (54.3987 , 3)  (52.5003 , 1)  (50.8457 , 7)  (46.9267 , 4)  (45.6301 , 9)  (41.6052 , 2)  (37.4308 , 5)  
(99.2837 , 6)  (56.1314 , 8)  (53.5304 , 2)  (53.076 , 1)  (51.8287 , 4)  (50.3798 , 9)  (47.0384 , 5)  (46.6536 , 3)  (45.2764 , 7)  
(98.2232 , 9)  (56.2145 , 7)  (55.9882 , 6)  (55.3823 , 8)  (52.7229 , 1)  (50.5376 , 4)  (50.0825 , 2)  (46.6415 , 3)  (44.9279 , 5)  
(107.016 , 4)  (61.9197 , 2)  (55.9707 , 1)  (55.4659 , 7)  (51.1878 , 8)  (47.8572 , 5)  (42.1194 , 3)  (40.57 , 6)  (38.3911 , 9)  
