 -------------------809------------
(100.091 , 8)  (58.7973 , 1)  (58.2988 , 6)  (56.726 , 7)  (52.404 , 9)  (47.4962 , 3)  (47.2035 , 2)  (41.3394 , 4)  (38.7386 , 5)  
(102.174 , 1)  (63.4119 , 7)  (55.0725 , 2)  (53.0849 , 6)  (52.3962 , 5)  (49.3485 , 9)  (46.3717 , 3)  (43.1988 , 4)  (42.6293 , 8)  
(94.3658 , 9)  (71.4242 , 7)  (65.6372 , 6)  (53.4491 , 1)  (52.9782 , 3)  (46.9804 , 8)  (45.4351 , 2)  (41.7439 , 5)  (39.8719 , 4)  
(100.244 , 4)  (61.1017 , 7)  (53.2956 , 3)  (53.0849 , 1)  (52.9747 , 2)  (52.299 , 9)  (52.1108 , 6)  (48.3523 , 5)  (36.6899 , 8)  
(88.2208 , 3)  (67.2066 , 9)  (62.5658 , 7)  (62.0318 , 1)  (54.7453 , 6)  (53.8049 , 2)  (46.9109 , 4)  (45.9434 , 5)  (36.2755 , 8)  
(82.5386 , 7)  (79.1455 , 1)  (60.0304 , 9)  (57.985 , 5)  (56.5248 , 2)  (52.2759 , 6)  (52.1294 , 4)  (45.5585 , 3)  (37.3604 , 8)  
(80.6733 , 2)  (72.433 , 8)  (61.5019 , 3)  (61.2308 , 1)  (51.8569 , 6)  (47.2084 , 7)  (46.4776 , 9)  (45.7361 , 5)  (41.1743 , 4)  
(97.1563 , 5)  (78.0665 , 3)  (59.3985 , 7)  (55.2558 , 6)  (54.1674 , 2)  (51.6448 , 4)  (45.1963 , 9)  (43.1242 , 1)  (32.7691 , 8)  
(98.8253 , 6)  (70.5691 , 5)  (60.8255 , 8)  (53.2226 , 4)  (50.5682 , 1)  (50.0685 , 7)  (49.2202 , 3)  (46.2564 , 2)  (39.7998 , 9)  
