 -------------------81------------
(98.5521 , 4)  (73.3822 , 7)  (63.1116 , 5)  (59.2478 , 2)  (51.5307 , 6)  (44.5479 , 1)  (41.1027 , 8)  (40.4416 , 3)  (36.5968 , 9)  
(91.0095 , 8)  (65.8036 , 1)  (56.8262 , 7)  (53.8804 , 5)  (53.6584 , 2)  (51.2306 , 4)  (49.7757 , 3)  (44.4681 , 6)  (44.3727 , 9)  
(103.807 , 2)  (58.2291 , 1)  (53.1052 , 9)  (51.7494 , 4)  (51.4474 , 3)  (50.8351 , 8)  (48.8458 , 5)  (46.7313 , 7)  (46.2984 , 6)  
(106.937 , 7)  (55.687 , 6)  (52.7075 , 9)  (52.2117 , 5)  (50.119 , 2)  (49.0625 , 1)  (47.1344 , 3)  (46.1687 , 4)  (44.6006 , 8)  
(106.168 , 3)  (60.2679 , 7)  (55.273 , 8)  (54.3155 , 6)  (53.6576 , 9)  (46.2731 , 2)  (43.234 , 5)  (42.4094 , 1)  (38.8182 , 4)  
(104.315 , 1)  (53.6344 , 9)  (53.3476 , 6)  (53.0411 , 5)  (50.5042 , 7)  (49.7119 , 3)  (47.7751 , 8)  (45.6903 , 2)  (43.9749 , 4)  
(104.757 , 6)  (55.4645 , 9)  (54.2064 , 5)  (53.1238 , 2)  (52.2004 , 7)  (49.3808 , 1)  (45.7609 , 8)  (42.9017 , 4)  (40.8345 , 3)  
(93.2966 , 9)  (59.2024 , 3)  (56.1401 , 7)  (54.4355 , 8)  (53.0163 , 6)  (49.095 , 2)  (49.0132 , 1)  (48.3141 , 5)  (42.539 , 4)  
(99.9704 , 5)  (56.8095 , 6)  (56.3249 , 2)  (49.9489 , 7)  (46.7405 , 3)  (46.6944 , 4)  (46.5708 , 1)  (45.897 , 9)  (44.338 , 8)  
