 -------------------726------------
(79.7507 , 6)  (79.6081 , 5)  (67.5383 , 3)  (64.8592 , 1)  (63.1648 , 8)  (53.3124 , 7)  (41.5662 , 2)  (39.5018 , 4)  (35.3428 , 9)  
(94.3991 , 4)  (60.1875 , 2)  (59.9642 , 7)  (55.6561 , 9)  (55.1642 , 5)  (54.7017 , 6)  (50.8017 , 1)  (47.7314 , 3)  (35.7528 , 8)  
(92.4109 , 3)  (60.2134 , 2)  (58.7131 , 7)  (55.8424 , 1)  (54.218 , 4)  (52.2684 , 6)  (51.3909 , 9)  (47.6774 , 5)  (44.806 , 8)  
(99.2379 , 1)  (61.2763 , 7)  (59.5392 , 5)  (54.1119 , 4)  (53.5629 , 6)  (49.5251 , 9)  (49.3462 , 8)  (48.2703 , 2)  (42.4353 , 3)  
(97.1018 , 8)  (65.4212 , 1)  (64.6453 , 2)  (54.2236 , 9)  (53.7062 , 7)  (52.5164 , 6)  (42.492 , 3)  (42.2636 , 4)  (36.5012 , 5)  
(94.6488 , 7)  (57.3377 , 6)  (56.8267 , 9)  (51.3968 , 3)  (49.5728 , 5)  (48.9585 , 8)  (48.3681 , 4)  (45.9883 , 2)  (43.218 , 1)  
(77.2598 , 5)  (71.0572 , 8)  (59.6015 , 6)  (57.262 , 2)  (56.2512 , 9)  (55.6931 , 1)  (48.3546 , 3)  (47.3012 , 7)  (35.5863 , 4)  
(97.3443 , 6)  (60.4177 , 4)  (56.6911 , 3)  (56.1377 , 5)  (49.1749 , 1)  (48.0528 , 8)  (43.7209 , 7)  (40.3396 , 2)  (39.4045 , 9)  
(107.9 , 2)  (57.3169 , 9)  (55.4489 , 5)  (54.8197 , 4)  (51.8465 , 7)  (46.5609 , 8)  (46.4854 , 1)  (45.966 , 3)  (45.0662 , 6)  
