 -------------------451------------
(86.654 , 9)  (78.6585 , 7)  (58.212 , 6)  (52.5791 , 3)  (50.3687 , 4)  (49.3157 , 1)  (47.2051 , 2)  (44.985 , 8)  (44.8014 , 5)  
(98.7553 , 4)  (61.7889 , 9)  (60.5965 , 6)  (52.9044 , 1)  (51.4741 , 7)  (49.3874 , 3)  (48.9123 , 5)  (47.6224 , 8)  (46.4686 , 2)  
(80.5696 , 3)  (66.5605 , 2)  (64.1733 , 9)  (63.5477 , 7)  (52.5159 , 8)  (48.192 , 4)  (47.5386 , 6)  (45.3614 , 5)  (42.8781 , 1)  
(80.0453 , 8)  (77.7255 , 2)  (66.2353 , 5)  (58.1663 , 6)  (57.1257 , 9)  (53.8568 , 7)  (47.7651 , 4)  (44.5651 , 1)  (36.6491 , 3)  
(98.9972 , 1)  (73.9502 , 7)  (56.3227 , 6)  (51.3422 , 4)  (49.785 , 2)  (48.156 , 5)  (47.154 , 9)  (47.0923 , 3)  (39.4655 , 8)  
(105.71 , 6)  (52.0032 , 8)  (50.9072 , 3)  (48.6805 , 9)  (47.4085 , 7)  (46.6865 , 5)  (45.5364 , 4)  (44.7695 , 1)  (43.3672 , 2)  
(93.9621 , 2)  (66.0709 , 7)  (59.2642 , 9)  (55.9868 , 6)  (55.5496 , 3)  (53.7697 , 8)  (47.3314 , 1)  (44.8717 , 4)  (38.3983 , 5)  
(104.026 , 7)  (58.2713 , 9)  (52.4003 , 2)  (51.6796 , 1)  (49.4554 , 3)  (49.2598 , 4)  (49.0646 , 8)  (48.2518 , 6)  (42.1087 , 5)  
(102.65 , 5)  (72.2201 , 2)  (57.1237 , 8)  (50.7916 , 3)  (50.7333 , 1)  (45.2891 , 7)  (42.4703 , 6)  (40.1005 , 9)  (39.4727 , 4)  
