 -------------------492------------
(100.125 , 6)  (58.1723 , 4)  (54.9964 , 2)  (53.4714 , 8)  (53.3213 , 7)  (53.2416 , 1)  (50.1629 , 3)  (49.0902 , 9)  (45.2182 , 5)  
(93.7869 , 9)  (58.0605 , 8)  (53.8275 , 6)  (53.0519 , 1)  (51.8158 , 7)  (51.7432 , 4)  (48.2425 , 3)  (48.159 , 5)  (47.2114 , 2)  
(107.313 , 4)  (56.6484 , 7)  (52.5272 , 2)  (48.794 , 6)  (47.3072 , 5)  (46.3988 , 8)  (46.3096 , 1)  (45.6145 , 9)  (43.1731 , 3)  
(102.43 , 7)  (66.6165 , 6)  (54.137 , 1)  (53.1525 , 4)  (49.9237 , 5)  (49.1904 , 9)  (48.7672 , 3)  (43.131 , 8)  (41.6336 , 2)  
(103.155 , 1)  (56.8166 , 3)  (56.2159 , 2)  (51.6137 , 8)  (47.8039 , 7)  (47.6467 , 4)  (46.532 , 6)  (42.5309 , 5)  (41.5845 , 9)  
(107.58 , 5)  (57.4878 , 2)  (56.9479 , 8)  (52.0643 , 7)  (51.8374 , 9)  (49.8172 , 4)  (46.2466 , 1)  (41.6996 , 6)  (35.3341 , 3)  
(90.725 , 8)  (64.8259 , 6)  (61.0027 , 1)  (59.5695 , 7)  (53.5381 , 2)  (52.4769 , 5)  (52.42 , 9)  (42.2761 , 3)  (31.6 , 4)  
(95.7797 , 3)  (60.4379 , 7)  (57.0159 , 1)  (55.827 , 6)  (54.2398 , 5)  (53.5613 , 9)  (53.4669 , 2)  (39.3898 , 8)  (36.6641 , 4)  
(100.378 , 2)  (56.7504 , 8)  (55.5638 , 1)  (54.0656 , 6)  (52.7943 , 3)  (51.8549 , 9)  (50.531 , 5)  (49.7846 , 7)  (42.935 , 4)  
