 -------------------538------------
(100.617 , 4)  (60.7975 , 7)  (57.2665 , 2)  (53.2721 , 9)  (50.6421 , 1)  (50.1912 , 5)  (50.138 , 6)  (49.6452 , 3)  (39.5138 , 8)  
(104.336 , 7)  (64.2391 , 6)  (53.5561 , 3)  (50.5786 , 1)  (50.5304 , 5)  (50.251 , 9)  (45.7201 , 4)  (41.2271 , 2)  (40.5883 , 8)  
(94.5456 , 3)  (72.7667 , 9)  (59.5406 , 2)  (56.3252 , 1)  (54.7336 , 7)  (51.5559 , 6)  (50.1131 , 4)  (46.3968 , 8)  (36.9521 , 5)  
(79.9793 , 9)  (64.7508 , 6)  (57.046 , 7)  (55.6327 , 3)  (55.1062 , 5)  (53.7359 , 4)  (53.2522 , 1)  (40.7663 , 2)  (37.0479 , 8)  
(99.3682 , 1)  (57.4064 , 7)  (54.9899 , 9)  (52.7887 , 6)  (49.46 , 3)  (49.1452 , 2)  (47.78 , 5)  (44.9611 , 8)  (40.7164 , 4)  
(108.009 , 2)  (64.287 , 9)  (58.7874 , 1)  (51.0388 , 6)  (49.0777 , 5)  (47.2472 , 4)  (45.0786 , 3)  (44.2748 , 8)  (35.6489 , 7)  
(95.1168 , 8)  (71.595 , 5)  (68.7363 , 1)  (54.7771 , 6)  (51.8182 , 2)  (44.4428 , 7)  (43.2856 , 9)  (42.5477 , 4)  (36.5015 , 3)  
(77.4187 , 6)  (65.4117 , 2)  (65.1772 , 5)  (64.379 , 1)  (61.2522 , 4)  (59.6056 , 3)  (56.9075 , 7)  (36.8199 , 8)  (27.4413 , 9)  
(97.0415 , 5)  (58.9474 , 7)  (58.9355 , 3)  (55.5301 , 9)  (51.7344 , 1)  (51.3637 , 4)  (47.6969 , 8)  (47.5056 , 2)  (47.1961 , 6)  
