 -------------------111------------
(108.124 , 7)  (51.6334 , 6)  (50.612 , 9)  (48.8892 , 2)  (48.6336 , 1)  (48.2839 , 4)  (48.1432 , 5)  (48.0961 , 8)  (47.3322 , 3)  
(83.0152 , 8)  (77.7913 , 9)  (61.95 , 7)  (59.0301 , 2)  (55.5378 , 6)  (48.0345 , 1)  (45.8996 , 4)  (44.5411 , 5)  (37.6432 , 3)  
(98.0841 , 6)  (62.6572 , 8)  (58.2135 , 4)  (57.5462 , 3)  (55.4641 , 1)  (50.6628 , 7)  (49.5916 , 5)  (46.6488 , 2)  (41.081 , 9)  
(90.4588 , 9)  (62.0733 , 6)  (55.9215 , 5)  (55.8933 , 4)  (55.4221 , 7)  (52.4014 , 1)  (51.8355 , 3)  (49.5023 , 2)  (45.2174 , 8)  
(107.504 , 5)  (56.7835 , 3)  (53.7846 , 2)  (50.7284 , 6)  (50.699 , 1)  (48.1551 , 4)  (46.7229 , 9)  (44.7321 , 7)  (38.992 , 8)  
(104.568 , 1)  (57.5968 , 7)  (53.2176 , 4)  (49.2981 , 3)  (47.9378 , 2)  (47.0161 , 6)  (46.5927 , 9)  (46.0172 , 8)  (45.5607 , 5)  
(106.243 , 4)  (61.3856 , 9)  (61.3403 , 2)  (57.4069 , 6)  (57.0645 , 1)  (53.7833 , 5)  (45.3716 , 7)  (43.4798 , 3)  (32.677 , 8)  
(92.5724 , 2)  (65.2825 , 7)  (54.6493 , 3)  (53.6541 , 4)  (52.6207 , 8)  (51.6696 , 1)  (51.4618 , 6)  (49.4562 , 9)  (35.305 , 5)  
(104.452 , 3)  (58.9814 , 1)  (56.6183 , 8)  (51.2094 , 9)  (51.0439 , 4)  (50.8785 , 7)  (50.3809 , 6)  (45.3251 , 5)  (45.1526 , 2)  
