 -------------------988------------
(86.8819 , 4)  (80.5572 , 6)  (67.0317 , 9)  (55.6542 , 7)  (54.4829 , 1)  (51.9303 , 5)  (45.2729 , 2)  (44.9284 , 3)  (43.2015 , 8)  
(91.3179 , 8)  (71.7109 , 9)  (64.4899 , 2)  (59.5513 , 5)  (52.222 , 6)  (51.7687 , 7)  (47.7262 , 4)  (42.5938 , 3)  (39.7232 , 1)  
(95.3014 , 5)  (76.0615 , 3)  (59.0338 , 6)  (53.596 , 9)  (49.4242 , 1)  (45.1512 , 7)  (44.7299 , 2)  (42.9942 , 4)  (41.6883 , 8)  
(107.428 , 2)  (55.4512 , 9)  (55.373 , 8)  (53.2914 , 7)  (52.2135 , 1)  (47.5565 , 5)  (47.5171 , 6)  (47.3311 , 3)  (39.9215 , 4)  
(92.4398 , 6)  (55.521 , 4)  (55.3674 , 5)  (53.7245 , 7)  (52.6743 , 9)  (50.9975 , 1)  (47.3492 , 3)  (43.9142 , 8)  (40.426 , 2)  
(101.304 , 9)  (62.9471 , 7)  (57.5726 , 6)  (57.1114 , 2)  (51.8541 , 4)  (47.1311 , 3)  (45.5721 , 5)  (40.3757 , 1)  (37.0472 , 8)  
(101.129 , 1)  (63.9811 , 4)  (62.8833 , 7)  (51.0321 , 2)  (46.2472 , 3)  (45.7127 , 6)  (45.3736 , 8)  (45.2618 , 5)  (44.4882 , 9)  
(107.221 , 7)  (55.6196 , 1)  (51.6982 , 6)  (50.7546 , 5)  (50.651 , 4)  (49.7491 , 3)  (48.5999 , 2)  (48.55 , 8)  (45.2915 , 9)  
(103.586 , 3)  (61.6525 , 2)  (60.7474 , 5)  (50.2713 , 4)  (48.4143 , 6)  (48.2009 , 7)  (47.8124 , 1)  (46.208 , 9)  (38.374 , 8)  
