 -------------------218------------
(88.4587 , 8)  (81.9788 , 3)  (55.3526 , 7)  (54.6692 , 1)  (54.4539 , 4)  (50.8939 , 5)  (47.9968 , 9)  (47.7619 , 6)  (40.9541 , 2)  
(96.0369 , 4)  (67.5222 , 6)  (56.105 , 1)  (54.9122 , 7)  (54.1656 , 5)  (49.5478 , 2)  (47.501 , 8)  (45.4651 , 3)  (39.6853 , 9)  
(104.695 , 6)  (59.109 , 1)  (53.5301 , 2)  (52.1408 , 3)  (48.8882 , 4)  (48.7851 , 5)  (47.5165 , 7)  (44.5933 , 8)  (44.3116 , 9)  
(91.049 , 9)  (68.2828 , 7)  (54.3644 , 6)  (53.5915 , 1)  (52.6106 , 2)  (51.1104 , 3)  (50.3105 , 5)  (45.8884 , 4)  (40.5343 , 8)  
(100.489 , 1)  (69.9361 , 2)  (58.6376 , 9)  (51.2859 , 5)  (51.057 , 6)  (43.5042 , 3)  (42.5931 , 4)  (40.9736 , 7)  (38.7099 , 8)  
(92.815 , 3)  (61.9078 , 7)  (58.5173 , 5)  (56.3969 , 9)  (53.9987 , 1)  (53.4216 , 2)  (48.8647 , 6)  (47.7035 , 8)  (45.1221 , 4)  
(107.802 , 7)  (58.5742 , 6)  (50.0538 , 5)  (48.7748 , 2)  (47.3111 , 4)  (46.7759 , 1)  (46.6602 , 9)  (44.3876 , 8)  (41.8646 , 3)  
(81.9378 , 5)  (65.3246 , 6)  (62.6319 , 3)  (56.503 , 9)  (50.5049 , 1)  (49.8689 , 2)  (47.6505 , 8)  (47.3272 , 7)  (45.6955 , 4)  
(79.5792 , 2)  (65.758 , 8)  (60.0318 , 3)  (59.7324 , 7)  (58.2585 , 6)  (55.2654 , 1)  (50.0054 , 4)  (46.7375 , 5)  (45.8027 , 9)  
