 -------------------67------------
(95.3091 , 2)  (66.3077 , 1)  (56.5424 , 8)  (56.5334 , 3)  (55.0651 , 6)  (49.4397 , 9)  (40.3474 , 7)  (39.3371 , 4)  (37.3377 , 5)  
(96.4206 , 6)  (58.5339 , 3)  (54.6833 , 4)  (51.6162 , 1)  (47.4092 , 7)  (46.5918 , 8)  (45.34 , 5)  (42.0946 , 9)  (37.9987 , 2)  
(106.131 , 7)  (61.2481 , 6)  (59.2235 , 4)  (49.4759 , 5)  (47.6806 , 2)  (47.2906 , 1)  (47.051 , 9)  (45.0318 , 3)  (38.9791 , 8)  
(101.577 , 5)  (65.5862 , 6)  (62.5183 , 2)  (55.0854 , 4)  (49.5512 , 3)  (48.2303 , 7)  (47.6024 , 1)  (46.4588 , 9)  (42.7382 , 8)  
(92.5426 , 8)  (62.7087 , 2)  (60.1196 , 9)  (53.8332 , 1)  (51.3375 , 7)  (51.3009 , 4)  (50.4614 , 6)  (47.8602 , 3)  (38.8047 , 5)  
(73.5601 , 4)  (64.5907 , 1)  (57.012 , 6)  (54.8987 , 5)  (54.0894 , 9)  (48.4423 , 2)  (47.8465 , 7)  (47.7402 , 8)  (45.2423 , 3)  
(87.6395 , 3)  (67.0671 , 7)  (62.8443 , 9)  (58.3213 , 4)  (54.7055 , 2)  (54.1427 , 8)  (50.7842 , 5)  (49.0435 , 1)  (45.6514 , 6)  
(102.373 , 1)  (60.8527 , 7)  (55.2273 , 3)  (51.9594 , 6)  (49.4142 , 4)  (49.3184 , 8)  (47.0385 , 2)  (46.8335 , 9)  (46.1487 , 5)  
(94.9515 , 9)  (56.3525 , 4)  (56.036 , 7)  (55.2645 , 6)  (54.3011 , 3)  (50.225 , 2)  (48.3529 , 1)  (47.4539 , 8)  (46.7638 , 5)  
