 -------------------386------------
(103.346 , 3)  (55.7221 , 7)  (53.6145 , 8)  (51.6015 , 2)  (51.1047 , 5)  (50.6763 , 6)  (48.7956 , 4)  (42.9121 , 9)  (41.7433 , 1)  
(77.8478 , 6)  (77.6046 , 9)  (58.5464 , 8)  (55.0174 , 4)  (54.2704 , 2)  (53.9649 , 7)  (44.5593 , 1)  (43.6702 , 3)  (43.3014 , 5)  
(99.2851 , 1)  (68.2712 , 2)  (61.0115 , 4)  (49.9436 , 8)  (49.6205 , 9)  (47.7049 , 3)  (45.3414 , 7)  (41.2737 , 5)  (35.65 , 6)  
(93.6157 , 8)  (60.7585 , 6)  (60.2068 , 7)  (57.1104 , 2)  (53.1049 , 9)  (53.0698 , 5)  (48.2082 , 4)  (44.4762 , 1)  (41.9146 , 3)  
(87.6666 , 4)  (62.8223 , 2)  (60.1004 , 6)  (57.9845 , 9)  (54.7792 , 3)  (52.9018 , 7)  (52.5205 , 8)  (49.0936 , 5)  (47.1868 , 1)  
(102.741 , 5)  (57.6579 , 8)  (56.2072 , 4)  (53.8545 , 3)  (48.6728 , 6)  (48.2754 , 9)  (46.9429 , 7)  (46.3271 , 1)  (38.7175 , 2)  
(99.3469 , 7)  (61.4768 , 2)  (60.7657 , 1)  (56.9812 , 6)  (49.8675 , 9)  (49.5828 , 3)  (47.4962 , 8)  (45.7851 , 5)  (39.7534 , 4)  
(76.7624 , 7)  (76.6817 , 9)  (67.5447 , 1)  (60.6429 , 8)  (53.3011 , 6)  (50.672 , 2)  (43.7288 , 5)  (43.1222 , 3)  (37.5963 , 4)  
(102.819 , 2)  (61.6826 , 6)  (59.2656 , 3)  (57.1366 , 9)  (55.0133 , 1)  (45.9728 , 8)  (43.0696 , 7)  (42.1775 , 5)  (38.6164 , 4)  
