 -------------------660------------
(98.0739 , 1)  (62.687 , 7)  (55.5631 , 8)  (54.647 , 3)  (51.0284 , 6)  (50.7593 , 9)  (47.1078 , 2)  (45.3689 , 5)  (45.2028 , 4)  
(91.1778 , 8)  (58.0849 , 3)  (55.2633 , 7)  (53.3475 , 5)  (52.612 , 6)  (50.9731 , 2)  (50.3327 , 9)  (49.1759 , 4)  (47.4222 , 1)  
(84.0786 , 5)  (65.8532 , 8)  (63.9933 , 4)  (62.2664 , 3)  (55.4298 , 1)  (55.3172 , 7)  (47.8848 , 6)  (39.7904 , 9)  (34.7602 , 2)  
(101.615 , 2)  (57.0294 , 1)  (55.5409 , 3)  (55.0196 , 9)  (53.1565 , 8)  (48.5555 , 5)  (47.9388 , 6)  (43.807 , 4)  (40.6873 , 7)  
(101.084 , 3)  (59.147 , 1)  (53.6859 , 7)  (53.474 , 6)  (53.4642 , 9)  (50.4274 , 2)  (44.993 , 4)  (42.1243 , 8)  (40.9426 , 5)  
(96.4934 , 9)  (58.1887 , 3)  (56.6613 , 4)  (54.5139 , 6)  (51.3679 , 7)  (50.2568 , 8)  (46.255 , 1)  (44.3021 , 5)  (43.7116 , 2)  
(97.2165 , 7)  (58.8371 , 9)  (56.9049 , 1)  (55.9463 , 6)  (51.3367 , 3)  (48.7663 , 5)  (48.082 , 4)  (46.4839 , 2)  (38.9056 , 8)  
(102.411 , 4)  (58.8594 , 6)  (56.2693 , 1)  (53.2159 , 9)  (48.7967 , 3)  (48.3352 , 8)  (47.4937 , 7)  (44.7449 , 5)  (42.1279 , 2)  
(103.58 , 6)  (58.4344 , 2)  (58.1575 , 3)  (53.4768 , 4)  (53.3765 , 1)  (50.0761 , 8)  (49.1227 , 7)  (47.3793 , 9)  (44.5231 , 5)  
