 -------------------323------------
(93.3839 , 9)  (61.7456 , 7)  (61.3125 , 4)  (58.6819 , 8)  (50.8794 , 5)  (49.0321 , 1)  (46.5108 , 2)  (46.0006 , 3)  (45.0579 , 6)  
(105.481 , 8)  (54.7087 , 5)  (53.7389 , 4)  (51.8137 , 3)  (50.6967 , 1)  (49.0526 , 9)  (48.4439 , 6)  (44.6346 , 7)  (42.2046 , 2)  
(99.2451 , 3)  (60.5479 , 8)  (57.4731 , 2)  (55.8953 , 4)  (55.6498 , 6)  (52.14 , 9)  (49.2143 , 1)  (46.4055 , 7)  (44.5326 , 5)  
(89.965 , 4)  (61.6025 , 9)  (58.5745 , 6)  (57.1917 , 1)  (54.8033 , 2)  (51.6324 , 3)  (51.0847 , 7)  (47.8873 , 5)  (42.0634 , 8)  
(106.519 , 6)  (61.5776 , 4)  (52.7338 , 9)  (51.6869 , 7)  (51.6501 , 5)  (50.7274 , 3)  (47.9489 , 1)  (47.5288 , 2)  (45.5323 , 8)  
(102.705 , 1)  (54.9153 , 9)  (52.5733 , 7)  (52.5243 , 6)  (51.9893 , 8)  (50.8182 , 5)  (49.8122 , 3)  (45.8506 , 2)  (44.1228 , 4)  
(103.075 , 7)  (59.9041 , 2)  (59.6961 , 6)  (53.8482 , 1)  (49.3091 , 3)  (48.5385 , 9)  (43.6073 , 5)  (41.0166 , 4)  (40.7531 , 8)  
(105.088 , 5)  (60.3457 , 7)  (55.0433 , 2)  (51.9759 , 1)  (46.5128 , 8)  (46.0709 , 6)  (44.8047 , 3)  (42.6072 , 9)  (42.3826 , 4)  
(105.113 , 2)  (53.9064 , 3)  (53.0311 , 8)  (52.7444 , 4)  (51.2287 , 9)  (50.3418 , 7)  (49.9208 , 1)  (48.7564 , 6)  (43.013 , 5)  
