 -------------------779------------
(102.372 , 1)  (61.3592 , 7)  (56.5269 , 6)  (56.1043 , 4)  (52.4864 , 3)  (46.9306 , 9)  (46.6836 , 2)  (44.848 , 5)  (40.8427 , 8)  
(85.5843 , 3)  (82.5238 , 7)  (57.9169 , 5)  (57.6545 , 6)  (56.2669 , 1)  (48.9144 , 2)  (47.1504 , 4)  (34.8365 , 8)  (34.184 , 9)  
(77.8563 , 4)  (62.6418 , 6)  (62.6037 , 2)  (58.7212 , 1)  (54.1087 , 7)  (52.3862 , 9)  (50.685 , 8)  (50.3861 , 5)  (38.7621 , 3)  
(94.8635 , 8)  (60.7866 , 9)  (60.5214 , 3)  (60.0667 , 6)  (54.6159 , 2)  (52.9283 , 7)  (44.8234 , 5)  (44.3102 , 4)  (43.3341 , 1)  
(97.6351 , 6)  (60.8418 , 4)  (55.8967 , 3)  (54.3749 , 1)  (53.1897 , 7)  (51.0621 , 2)  (51.0489 , 5)  (46.3251 , 9)  (37.5612 , 8)  
(102.113 , 2)  (67.9685 , 3)  (57.3926 , 5)  (55.9494 , 1)  (51.4942 , 9)  (49.3019 , 4)  (48.6971 , 7)  (37.811 , 6)  (34.8322 , 8)  
(103.385 , 5)  (61.2687 , 3)  (54.134 , 7)  (51.5139 , 2)  (51.1209 , 6)  (50.4994 , 9)  (46.5579 , 1)  (42.798 , 8)  (41.0399 , 4)  
(98.9686 , 7)  (62.5057 , 1)  (58.1003 , 2)  (54.138 , 3)  (53.7854 , 9)  (53.4693 , 6)  (47.6159 , 8)  (41.8853 , 4)  (38.5924 , 5)  
(80.0765 , 5)  (76.0602 , 9)  (59.2091 , 2)  (54.4489 , 6)  (53.7947 , 7)  (53.208 , 4)  (46.3048 , 1)  (44.3731 , 3)  (38.8443 , 8)  
