 -------------------794------------
(98.939 , 1)  (73.1053 , 7)  (55.4846 , 4)  (53.3642 , 6)  (51.9018 , 9)  (49.4823 , 2)  (47.0519 , 5)  (46.5709 , 3)  (42.6175 , 8)  
(108.234 , 7)  (52.5905 , 6)  (49.6743 , 1)  (49.1873 , 2)  (48.7002 , 3)  (47.371 , 8)  (47.2772 , 9)  (47.0909 , 5)  (44.9915 , 4)  
(92.3357 , 4)  (70.6328 , 6)  (65.8356 , 7)  (54.8373 , 1)  (51.0969 , 2)  (48.1709 , 5)  (48.1178 , 3)  (44.399 , 9)  (41.1097 , 8)  
(100.197 , 8)  (61.2518 , 9)  (54.326 , 4)  (52.7068 , 5)  (50.893 , 1)  (49.3625 , 2)  (49.1489 , 6)  (47.558 , 3)  (43.2004 , 7)  
(103.229 , 6)  (64.0266 , 4)  (55.2251 , 2)  (55.0478 , 5)  (54.895 , 3)  (51.469 , 7)  (48.964 , 1)  (47.9532 , 8)  (39.6688 , 9)  
(98.6567 , 2)  (66.71 , 7)  (64.943 , 6)  (61.2656 , 8)  (57.4004 , 3)  (50.9044 , 1)  (48.4332 , 5)  (43.9946 , 9)  (36.9063 , 4)  
(101.164 , 3)  (58.6587 , 1)  (53.9052 , 5)  (53.4054 , 8)  (51.3713 , 9)  (49.2327 , 4)  (46.1568 , 2)  (45.9552 , 7)  (44.9761 , 6)  
(99.1393 , 9)  (58.3983 , 4)  (57.0588 , 6)  (56.4074 , 2)  (51.4663 , 1)  (49.006 , 7)  (48.638 , 5)  (48.1887 , 8)  (40.1911 , 3)  
(82.4572 , 5)  (74.6246 , 9)  (73.1703 , 6)  (56.4297 , 3)  (53.2913 , 7)  (48.6989 , 8)  (43.808 , 4)  (42.0535 , 1)  (40.667 , 2)  
