 -------------------658------------
(98.3898 , 1)  (63.8117 , 7)  (53.5777 , 8)  (53.0533 , 3)  (50.9092 , 4)  (47.1342 , 2)  (46.91 , 6)  (46.311 , 9)  (46.279 , 5)  
(90.2036 , 8)  (56.2926 , 7)  (54.2101 , 3)  (52.6324 , 5)  (51.6977 , 9)  (51.2581 , 6)  (50.7733 , 2)  (50.0103 , 4)  (48.7434 , 1)  
(83.0404 , 5)  (67.5297 , 8)  (62.9138 , 4)  (60.6924 , 3)  (56.3454 , 1)  (54.8978 , 7)  (51.2446 , 6)  (41.4444 , 9)  (33.7011 , 2)  
(101.643 , 2)  (56.5733 , 9)  (56.06 , 3)  (54.585 , 1)  (53.1158 , 5)  (48.8841 , 8)  (45.8517 , 6)  (44.1175 , 7)  (42.2182 , 4)  
(100.657 , 3)  (61.6915 , 1)  (52.4985 , 9)  (51.9485 , 7)  (51.0709 , 6)  (50.384 , 2)  (46.1608 , 4)  (43.9735 , 5)  (42.233 , 8)  
(95.4865 , 9)  (58.3503 , 4)  (57.9582 , 6)  (54.0189 , 3)  (52.434 , 7)  (50.791 , 8)  (44.9361 , 5)  (44.7443 , 2)  (42.5948 , 1)  
(96.9202 , 7)  (59.3915 , 9)  (55.2682 , 3)  (53.6262 , 6)  (53.5865 , 1)  (49.138 , 5)  (48.89 , 2)  (43.8723 , 4)  (40.077 , 8)  
(100.527 , 4)  (58.5615 , 6)  (58.1754 , 9)  (57.6388 , 1)  (51.8262 , 7)  (47.1561 , 5)  (46.6431 , 8)  (44.9131 , 2)  (40.4376 , 3)  
(102.924 , 6)  (58.1903 , 2)  (57.3471 , 3)  (56.4606 , 4)  (52.6898 , 1)  (50.5897 , 7)  (47.4278 , 8)  (47.2294 , 9)  (43.8693 , 5)  
