 -------------------128------------
(107.181 , 6)  (55.0005 , 3)  (51.6838 , 2)  (51.4316 , 4)  (51.2225 , 7)  (50.928 , 8)  (46.7579 , 1)  (44.5181 , 9)  (41.8558 , 5)  
(96.0446 , 9)  (57.729 , 4)  (55.3234 , 7)  (53.3006 , 5)  (52.4153 , 8)  (51.1293 , 1)  (49.0477 , 6)  (45.1677 , 3)  (44.7978 , 2)  
(98.7224 , 1)  (60.6162 , 9)  (55.8933 , 7)  (51.1634 , 6)  (51.1321 , 3)  (50.1728 , 8)  (48.2619 , 2)  (48.1414 , 5)  (44.419 , 4)  
(101.691 , 3)  (58.6955 , 1)  (54.6902 , 7)  (50.2428 , 6)  (49.2376 , 5)  (48.2492 , 8)  (46.1191 , 2)  (44.2527 , 9)  (43.8774 , 4)  
(93.3981 , 5)  (58.1893 , 3)  (55.1184 , 7)  (52.0805 , 4)  (51.8931 , 8)  (51.8927 , 1)  (51.4544 , 9)  (43.7492 , 6)  (43.6879 , 2)  
(72.5544 , 7)  (71.9841 , 9)  (57.5098 , 4)  (55.5305 , 6)  (55.408 , 3)  (53.1991 , 1)  (50.2586 , 5)  (49.0909 , 2)  (43.6578 , 8)  
(88.8653 , 8)  (63.9828 , 2)  (61.9684 , 7)  (60.6305 , 6)  (57.4758 , 3)  (51.0227 , 4)  (49.0112 , 1)  (39.7034 , 5)  (35.5394 , 9)  
(95.191 , 2)  (70.272 , 7)  (62.9164 , 6)  (57.2558 , 8)  (55.2134 , 3)  (49.4961 , 9)  (45.3227 , 4)  (42.643 , 1)  (37.9304 , 5)  
(95.1098 , 4)  (64.8399 , 2)  (59.9324 , 9)  (56.7494 , 1)  (52.2933 , 6)  (51.2112 , 5)  (50.754 , 7)  (49.9302 , 8)  (41.4884 , 3)  
