 -------------------624------------
(106.744 , 7)  (56.7641 , 6)  (53.5929 , 5)  (50.4896 , 2)  (50.242 , 9)  (48.9269 , 1)  (48.6187 , 4)  (44.9337 , 8)  (43.5711 , 3)  
(95.9195 , 3)  (66.5966 , 2)  (60.5698 , 1)  (59.3811 , 4)  (57.6832 , 9)  (54.3806 , 6)  (51.2028 , 8)  (44.3707 , 5)  (40.9915 , 7)  
(98.6401 , 4)  (62.0262 , 6)  (59.473 , 5)  (56.3513 , 2)  (53.5467 , 7)  (51.6076 , 9)  (48.4065 , 1)  (45.2908 , 3)  (35.7707 , 8)  
(103.764 , 5)  (65.4074 , 3)  (55.5213 , 1)  (54.1754 , 2)  (50.9991 , 6)  (49.6151 , 9)  (49.5082 , 4)  (44.0292 , 7)  (38.1036 , 8)  
(95.6875 , 6)  (55.4311 , 1)  (54.9409 , 9)  (52.3581 , 2)  (51.6267 , 8)  (46.763 , 5)  (46.3869 , 7)  (45.4203 , 4)  (44.0269 , 3)  
(100.678 , 9)  (59.546 , 7)  (57.8644 , 6)  (52.0073 , 1)  (51.5857 , 3)  (50.4339 , 2)  (48.0456 , 4)  (43.023 , 5)  (42.0344 , 8)  
(109.327 , 2)  (53.813 , 4)  (50.3956 , 1)  (49.9963 , 5)  (49.1896 , 9)  (48.7911 , 7)  (48.3044 , 3)  (44.5259 , 8)  (43.4106 , 6)  
(105.484 , 8)  (62.0248 , 7)  (61.21 , 9)  (54.9298 , 1)  (54.3428 , 4)  (49.3427 , 6)  (47.6374 , 3)  (43.4686 , 2)  (37.1146 , 5)  
(100.808 , 1)  (63.519 , 6)  (59.2718 , 7)  (54.7923 , 8)  (51.7937 , 4)  (49.6679 , 3)  (49.6661 , 5)  (44.8062 , 2)  (40.7882 , 9)  
