 -------------------310------------
(96.4052 , 9)  (59.4137 , 4)  (59.3052 , 2)  (52.0911 , 6)  (51.451 , 8)  (48.098 , 5)  (45.2588 , 1)  (44.7271 , 7)  (42.2083 , 3)  
(97.0265 , 8)  (61.5476 , 9)  (61.445 , 7)  (53.673 , 2)  (53.3579 , 1)  (52.3554 , 6)  (47.6481 , 4)  (45.2889 , 5)  (45.0276 , 3)  
(104.668 , 7)  (58.1868 , 9)  (50.3577 , 6)  (50.2155 , 1)  (50.0184 , 2)  (49.0426 , 3)  (48.6631 , 4)  (48.0854 , 8)  (38.8332 , 5)  
(95.5261 , 1)  (67.9005 , 7)  (61.4186 , 6)  (49.2281 , 8)  (48.9457 , 5)  (48.5891 , 2)  (46.6415 , 9)  (46.5461 , 4)  (44.4782 , 3)  
(103.793 , 2)  (60.8227 , 9)  (53.5367 , 7)  (53.3114 , 1)  (50.8897 , 5)  (48.92 , 8)  (48.7269 , 3)  (47.1789 , 6)  (41.7517 , 4)  
(78.9007 , 6)  (77.6757 , 1)  (61.8411 , 8)  (55.6545 , 2)  (51.3154 , 3)  (50.7219 , 9)  (49.9537 , 7)  (49.032 , 5)  (46.238 , 4)  
(102.43 , 3)  (55.7183 , 4)  (53.9292 , 7)  (52.7042 , 2)  (50.0941 , 1)  (49.3058 , 6)  (47.7812 , 8)  (44.9342 , 5)  (41.8734 , 9)  
(93.1985 , 4)  (70.4732 , 6)  (57.359 , 8)  (55.9689 , 1)  (53.2833 , 7)  (49.8473 , 9)  (48.0033 , 3)  (46.3623 , 2)  (43.569 , 5)  
(89.3282 , 5)  (69.2593 , 3)  (61.2422 , 9)  (60.162 , 8)  (49.4275 , 6)  (49.1524 , 2)  (45.0524 , 1)  (41.3889 , 7)  (40.2206 , 4)  
