 -------------------463------------
(106.478 , 7)  (60.4489 , 6)  (50.5561 , 1)  (49.4845 , 5)  (49.1002 , 4)  (47.7033 , 8)  (46.8662 , 9)  (45.6075 , 3)  (43.7412 , 2)  
(96.6882 , 4)  (59.9539 , 2)  (57.8046 , 7)  (54.9899 , 6)  (53.3299 , 5)  (52.2229 , 1)  (51.7057 , 9)  (50.4625 , 3)  (40.8982 , 8)  
(98.2634 , 6)  (61.3312 , 9)  (58.6387 , 4)  (58.4432 , 2)  (51.2349 , 8)  (46.6982 , 7)  (43.3451 , 3)  (41.8481 , 1)  (41.5102 , 5)  
(101.042 , 1)  (57.8372 , 2)  (55.6593 , 7)  (54.0285 , 6)  (51.6949 , 5)  (49.7597 , 9)  (48.7687 , 3)  (45.317 , 8)  (42.8487 , 4)  
(71.6391 , 5)  (69.4488 , 9)  (58.6096 , 4)  (57.7513 , 6)  (55.4531 , 8)  (51.8946 , 3)  (49.8127 , 1)  (48.6938 , 2)  (47.405 , 7)  
(95.5887 , 2)  (59.2361 , 3)  (58.9007 , 7)  (58.0859 , 9)  (51.0977 , 8)  (50.1124 , 6)  (49.805 , 5)  (47.9754 , 1)  (44.3879 , 4)  
(107.131 , 8)  (57.2695 , 3)  (52.1152 , 4)  (52.0992 , 9)  (50.1951 , 7)  (49.7156 , 6)  (48.5615 , 2)  (46.9631 , 1)  (45.7565 , 5)  
(86.3918 , 5)  (65.0903 , 6)  (64.3102 , 3)  (56.51 , 4)  (56.4626 , 1)  (55.862 , 8)  (46.349 , 7)  (44.596 , 9)  (37.3607 , 2)  
(101.139 , 3)  (60.3298 , 5)  (57.0208 , 6)  (55.1349 , 7)  (52.2197 , 9)  (51.4307 , 1)  (46.1976 , 2)  (42.7992 , 8)  (41.2738 , 4)  
