 -------------------271------------
(103.071 , 5)  (67.7197 , 8)  (66.6519 , 2)  (49.1333 , 6)  (48.9585 , 1)  (46.6932 , 3)  (45.0179 , 9)  (41.8141 , 4)  (40.8945 , 7)  
(94.4371 , 8)  (70.1275 , 6)  (55.2814 , 9)  (55.1409 , 3)  (54.0931 , 2)  (52.06 , 7)  (48.453 , 5)  (46.6775 , 1)  (35.9184 , 4)  
(103.048 , 1)  (67.5634 , 7)  (51.2552 , 4)  (49.3616 , 5)  (49.3162 , 3)  (49.2752 , 2)  (47.2625 , 6)  (45.8443 , 9)  (41.8798 , 8)  
(95.9452 , 6)  (56.7224 , 9)  (56.4009 , 3)  (55.3108 , 5)  (50.0209 , 1)  (47.8917 , 4)  (46.4905 , 7)  (42.7297 , 8)  (33.4043 , 2)  
(95.4938 , 3)  (67.7556 , 7)  (58.9392 , 2)  (57.3309 , 6)  (53.9875 , 9)  (49.1815 , 1)  (46.1476 , 8)  (42.981 , 5)  (41.0612 , 4)  
(104.232 , 2)  (57.9592 , 9)  (56.2492 , 7)  (54.9611 , 6)  (52.1736 , 5)  (48.152 , 3)  (47.7646 , 1)  (44.4333 , 4)  (42.1539 , 8)  
(105.293 , 7)  (58.1329 , 9)  (52.8268 , 2)  (51.3047 , 1)  (50.1531 , 6)  (49.5124 , 8)  (48.541 , 3)  (48.4362 , 4)  (38.9832 , 5)  
(88.3161 , 4)  (59.2177 , 6)  (56.43 , 8)  (54.9099 , 5)  (50.3455 , 9)  (49.8153 , 2)  (49.7255 , 1)  (48.544 , 7)  (43.7198 , 3)  
(89.9403 , 9)  (64.2895 , 4)  (61.8726 , 7)  (57.1174 , 3)  (50.1775 , 5)  (49.4132 , 6)  (46.927 , 2)  (39.2461 , 1)  (38.3882 , 8)  
