 -------------------419------------
(95.543 , 4)  (73.4608 , 6)  (66.8208 , 2)  (55.0832 , 1)  (48.7796 , 9)  (46.909 , 5)  (44.8196 , 7)  (42.8558 , 3)  (41.5679 , 8)  
(100.586 , 7)  (58.1159 , 9)  (54.5474 , 1)  (53.7731 , 6)  (53.1863 , 3)  (52.1698 , 2)  (48.3568 , 5)  (46.7285 , 8)  (43.354 , 4)  
(103.262 , 3)  (60.8305 , 9)  (57.2692 , 6)  (55.4033 , 1)  (51.7428 , 2)  (46.4954 , 7)  (45.6919 , 5)  (44.255 , 4)  (44.1802 , 8)  
(100.454 , 1)  (67.6122 , 7)  (57.1005 , 4)  (55.495 , 6)  (52.448 , 3)  (50.8875 , 2)  (44.3424 , 5)  (41.988 , 9)  (41.8006 , 8)  
(103.465 , 6)  (60.1438 , 9)  (58.9526 , 2)  (53.1157 , 5)  (51.1092 , 1)  (48.7322 , 8)  (47.9918 , 7)  (41.0375 , 3)  (36.6998 , 4)  
(89.0557 , 8)  (64.0375 , 3)  (59.1269 , 4)  (55.0618 , 9)  (52.7654 , 6)  (50.1409 , 5)  (47.886 , 2)  (46.8912 , 1)  (42.2628 , 7)  
(86.6704 , 9)  (61.7397 , 8)  (58.4357 , 4)  (58.2895 , 2)  (54.1642 , 6)  (49.1468 , 5)  (46.9774 , 1)  (44.6954 , 7)  (42.3585 , 3)  
(108.432 , 2)  (56.314 , 9)  (56.0276 , 5)  (52.4635 , 6)  (51.4424 , 8)  (49.509 , 1)  (45.5987 , 4)  (45.5987 , 3)  (40.987 , 7)  
(97.3731 , 5)  (59.1327 , 6)  (57.3205 , 1)  (56.7375 , 2)  (54.9767 , 8)  (48.7215 , 7)  (48.6737 , 4)  (48.0043 , 3)  (42.0361 , 9)  
