 -------------------164------------
(81.631 , 3)  (81.1283 , 6)  (74.076 , 8)  (58.511 , 7)  (51.6029 , 2)  (51.5363 , 4)  (46.0255 , 1)  (43.436 , 5)  (36.4598 , 9)  
(91.5035 , 8)  (63.1159 , 3)  (60.1082 , 9)  (51.7544 , 5)  (50.425 , 4)  (48.6681 , 2)  (48.2063 , 6)  (48.0443 , 7)  (47.4734 , 1)  
(96.0134 , 1)  (58.0692 , 9)  (53.6678 , 4)  (53.0899 , 7)  (50.9347 , 2)  (50.0006 , 6)  (49.1491 , 3)  (48.9698 , 5)  (48.9122 , 8)  
(100.941 , 4)  (71.2816 , 6)  (59.0812 , 7)  (57.1861 , 9)  (51.7275 , 1)  (47.6967 , 3)  (45.8375 , 8)  (41.5495 , 2)  (40.041 , 5)  
(108.499 , 7)  (54.9001 , 6)  (50.2049 , 9)  (49.5526 , 4)  (48.9242 , 1)  (46.3465 , 8)  (45.5445 , 3)  (43.8616 , 2)  (41.963 , 5)  
(98.9118 , 9)  (56.7904 , 7)  (53.628 , 4)  (53.072 , 2)  (50.654 , 3)  (50.4826 , 6)  (49.9137 , 5)  (49.1955 , 1)  (41.3615 , 8)  
(103.267 , 6)  (58.271 , 4)  (53.1708 , 5)  (50.5875 , 1)  (49.9653 , 7)  (49.3733 , 3)  (49.0274 , 9)  (47.018 , 2)  (41.353 , 8)  
(108.625 , 2)  (61.0404 , 1)  (56.8198 , 9)  (52.5687 , 6)  (48.6723 , 8)  (47.28 , 7)  (43.45 , 3)  (41.5433 , 5)  (35.8781 , 4)  
(98.3274 , 5)  (65.3791 , 3)  (59.5865 , 9)  (54.8456 , 6)  (52.8868 , 1)  (49.5332 , 7)  (44.7193 , 4)  (41.1889 , 8)  (40.9323 , 2)  
