 -------------------546------------
(104.158 , 4)  (58.7024 , 6)  (56.8932 , 1)  (53.8502 , 7)  (50.2147 , 9)  (50.1399 , 2)  (50.0908 , 5)  (41.3818 , 3)  (37.7498 , 8)  
(99.5819 , 7)  (76.5297 , 9)  (62.79 , 2)  (59.8451 , 6)  (59.0989 , 1)  (48.502 , 4)  (46.021 , 5)  (37.0041 , 3)  (31.4186 , 8)  
(90.0854 , 2)  (74.8604 , 1)  (56.0127 , 5)  (54.8637 , 7)  (48.9267 , 9)  (47.1079 , 4)  (46.8045 , 6)  (46.3762 , 3)  (43.1759 , 8)  
(103.37 , 1)  (53.0946 , 6)  (52.2021 , 4)  (51.7621 , 2)  (51.7562 , 3)  (51.2115 , 7)  (50.0322 , 8)  (49.9658 , 9)  (48.6723 , 5)  
(105.15 , 3)  (59.4033 , 2)  (56.181 , 7)  (53.0065 , 1)  (51.6236 , 6)  (50.5283 , 9)  (50.2466 , 4)  (44.025 , 5)  (34.247 , 8)  
(100.357 , 6)  (61.8384 , 4)  (59.508 , 1)  (58.2778 , 3)  (49.4283 , 2)  (46.3266 , 5)  (45.9026 , 9)  (45.7764 , 7)  (39.0392 , 8)  
(91.5587 , 8)  (69.527 , 4)  (60.4272 , 9)  (57.6539 , 7)  (53.1453 , 3)  (51.9664 , 1)  (44.6564 , 6)  (44.2387 , 5)  (41.5612 , 2)  
(75.6076 , 9)  (68.78 , 8)  (63.5287 , 7)  (58.3213 , 1)  (53.6607 , 6)  (52.5296 , 4)  (45.8867 , 3)  (44.8249 , 2)  (41.1829 , 5)  
(90.9776 , 5)  (65.819 , 3)  (60.9669 , 9)  (54.5058 , 1)  (54.172 , 8)  (53.8386 , 6)  (49.9987 , 7)  (48.4724 , 4)  (44.1343 , 2)  
