 -------------------364------------
(104.165 , 3)  (58.7822 , 2)  (54.2561 , 7)  (51.3622 , 4)  (51.0546 , 6)  (49.7164 , 5)  (49.2923 , 9)  (44.1776 , 8)  (41.206 , 1)  
(78.5553 , 6)  (72.4534 , 9)  (59.8135 , 8)  (57.9942 , 7)  (56.9945 , 4)  (52.3263 , 2)  (45.0098 , 1)  (44.5895 , 5)  (40.5707 , 3)  
(99.4135 , 1)  (68.7783 , 2)  (60.7756 , 4)  (50.0727 , 8)  (49.3116 , 9)  (47.6785 , 3)  (45.0751 , 7)  (42.0323 , 5)  (36.8704 , 6)  
(103.174 , 8)  (54.9413 , 5)  (54.2894 , 4)  (54.0165 , 7)  (52.4758 , 6)  (48.5632 , 2)  (47.5278 , 1)  (45.6151 , 3)  (42.5283 , 9)  
(105.673 , 4)  (61.258 , 2)  (60.859 , 7)  (52.2421 , 9)  (51.3465 , 6)  (48.759 , 5)  (46.3122 , 3)  (40.999 , 1)  (37.5806 , 8)  
(102.442 , 5)  (57.8637 , 8)  (55.7662 , 3)  (54.0189 , 4)  (52.4889 , 9)  (49.2078 , 6)  (48.5994 , 1)  (43.1076 , 7)  (37.5855 , 2)  
(96.1431 , 7)  (64.585 , 2)  (62.8161 , 1)  (58.1137 , 6)  (50.1769 , 9)  (48.3161 , 5)  (47.3483 , 8)  (46.2429 , 3)  (39.3571 , 4)  
(77.4039 , 7)  (74.4971 , 9)  (67.9573 , 1)  (60.4383 , 8)  (52.2651 , 6)  (48.3574 , 2)  (46.9562 , 3)  (42.2051 , 4)  (40.6246 , 5)  
(102.469 , 2)  (58.0628 , 3)  (57.8206 , 9)  (57.2177 , 6)  (56.7049 , 1)  (46.9524 , 8)  (44.3235 , 5)  (41.6155 , 7)  (38.5478 , 4)  
