 -------------------347------------
(91.3808 , 9)  (63.9299 , 7)  (56.5616 , 8)  (54.9723 , 4)  (53.2754 , 5)  (51.2959 , 1)  (50.6442 , 6)  (47.6343 , 2)  (45.2248 , 3)  
(104.112 , 8)  (56.553 , 5)  (56.5141 , 4)  (51.2098 , 1)  (49.6351 , 9)  (47.6744 , 3)  (47.0957 , 7)  (45.9363 , 6)  (45.233 , 2)  
(98.722 , 3)  (60.2409 , 8)  (59.1108 , 2)  (56.8296 , 6)  (55.7541 , 4)  (52.3292 , 9)  (50.6152 , 1)  (47.5863 , 7)  (41.1937 , 5)  
(91.7543 , 4)  (60.1628 , 9)  (58.6592 , 6)  (57.0271 , 7)  (56.107 , 1)  (54.1182 , 2)  (53.1071 , 3)  (46.6015 , 5)  (36.5137 , 8)  
(107.17 , 6)  (58.5626 , 4)  (55.7471 , 5)  (53.9427 , 7)  (53.5778 , 9)  (49.5962 , 1)  (48.0634 , 2)  (45.3852 , 3)  (44.0989 , 8)  
(100.058 , 1)  (57.2463 , 7)  (56.7047 , 3)  (52.8247 , 8)  (52.502 , 6)  (50.1193 , 9)  (48.1668 , 5)  (48.0708 , 2)  (46.3931 , 4)  
(103.52 , 7)  (59.7655 , 2)  (57.6651 , 6)  (55.8657 , 1)  (50.4711 , 3)  (46.6497 , 9)  (43.3373 , 5)  (41.4177 , 4)  (41.0525 , 8)  
(104.626 , 5)  (60.2624 , 7)  (56.7061 , 2)  (49.224 , 1)  (48.9208 , 3)  (47.506 , 6)  (46.5651 , 9)  (43.3328 , 8)  (39.8538 , 4)  
(106.17 , 2)  (55.3453 , 3)  (52.6673 , 8)  (52.4674 , 1)  (51.9637 , 9)  (51.3708 , 4)  (46.9034 , 6)  (46.6094 , 7)  (45.7431 , 5)  
