 -------------------468------------
(106.018 , 7)  (60.1865 , 6)  (53.98 , 4)  (49.4812 , 1)  (48.8544 , 5)  (48.2592 , 9)  (46.8119 , 8)  (46.2409 , 3)  (40.5064 , 2)  
(93.3065 , 4)  (61.4184 , 7)  (60.7768 , 2)  (55.426 , 5)  (55.0625 , 6)  (54.483 , 1)  (53.529 , 9)  (49.6957 , 3)  (36.2349 , 8)  
(99.0077 , 6)  (63.9272 , 4)  (61.5795 , 9)  (53.4692 , 8)  (52.8599 , 2)  (52.7123 , 7)  (43.2896 , 3)  (43.0938 , 1)  (37.6697 , 5)  
(100.751 , 1)  (59.1639 , 7)  (55.8135 , 2)  (52.8228 , 6)  (52.2732 , 5)  (48.1377 , 9)  (47.2009 , 4)  (46.505 , 3)  (43.9994 , 8)  
(74.0028 , 5)  (69.7391 , 9)  (60.9792 , 4)  (58.0844 , 6)  (54.9772 , 1)  (53.0448 , 3)  (52.3636 , 8)  (48.0197 , 2)  (45.9287 , 7)  
(95.6104 , 2)  (60.1101 , 7)  (59.0455 , 3)  (57.7319 , 9)  (51.7788 , 8)  (50.6563 , 5)  (49.1877 , 6)  (48.8253 , 1)  (44.7502 , 4)  
(106.707 , 8)  (55.935 , 3)  (52.9347 , 4)  (51.4087 , 2)  (51.2712 , 5)  (50.4492 , 7)  (49.8343 , 9)  (49.3 , 6)  (46.4331 , 1)  
(85.3656 , 5)  (66.6573 , 3)  (64.7338 , 6)  (58.8192 , 4)  (57.889 , 1)  (52.8737 , 8)  (46.7549 , 7)  (42.2145 , 9)  (39.945 , 2)  
(100.253 , 3)  (56.1198 , 5)  (55.5123 , 9)  (55.4578 , 6)  (53.0059 , 1)  (48.284 , 7)  (45.6188 , 8)  (45.4288 , 2)  (45.0643 , 4)  
