 -------------------792------------
(98.5247 , 1)  (73.7454 , 7)  (54.7527 , 4)  (54.6498 , 6)  (52.9056 , 9)  (48.5374 , 2)  (47.4873 , 5)  (47.3454 , 3)  (42.0264 , 8)  
(108.161 , 7)  (52.9743 , 6)  (49.0472 , 1)  (48.8785 , 2)  (48.5382 , 3)  (47.8878 , 8)  (47.7182 , 9)  (47.1197 , 5)  (45.0667 , 4)  
(91.0486 , 4)  (71.4218 , 6)  (65.793 , 7)  (55.367 , 1)  (49.6105 , 3)  (48.6338 , 2)  (46.9914 , 5)  (45.7597 , 9)  (40.9911 , 8)  
(99.8176 , 8)  (62.9053 , 9)  (55.313 , 4)  (52.9928 , 5)  (51.2675 , 1)  (49.4058 , 2)  (48.652 , 6)  (47.123 , 3)  (41.7705 , 7)  
(103.027 , 6)  (62.9735 , 4)  (56.2283 , 2)  (55.3469 , 5)  (54.5791 , 3)  (51.2625 , 7)  (49.4704 , 1)  (48.3936 , 8)  (39.7344 , 9)  
(99.0398 , 2)  (66.4168 , 7)  (64.7239 , 6)  (61.0261 , 8)  (56.7577 , 3)  (50.5188 , 1)  (48.3186 , 5)  (44.5536 , 9)  (37.1203 , 4)  
(100.985 , 3)  (58.8295 , 1)  (53.698 , 5)  (51.971 , 9)  (50.9436 , 8)  (47.4755 , 6)  (46.9031 , 7)  (45.4033 , 2)  (45.2115 , 4)  
(99.5488 , 9)  (64.0331 , 4)  (57.6463 , 6)  (54.1519 , 5)  (53.1317 , 2)  (49.6338 , 1)  (47.3254 , 8)  (45.9888 , 7)  (39.9281 , 3)  
(83.1394 , 5)  (74.3436 , 6)  (72.796 , 9)  (58.2328 , 3)  (52.0672 , 7)  (45.0693 , 2)  (44.2895 , 8)  (44.0493 , 4)  (43.6683 , 1)  
