 -------------------992------------
(85.8921 , 4)  (80.9354 , 6)  (68.6956 , 9)  (55.4714 , 7)  (54.1778 , 1)  (51.9058 , 5)  (45.8904 , 2)  (44.4479 , 3)  (42.9378 , 8)  
(91.5112 , 8)  (71.4956 , 9)  (64.3806 , 2)  (59.7633 , 5)  (52.1171 , 7)  (51.8902 , 6)  (48.6811 , 4)  (41.9661 , 3)  (39.1337 , 1)  
(94.6966 , 5)  (76.7364 , 3)  (61.2802 , 6)  (55.1102 , 9)  (49.6232 , 1)  (44.5683 , 7)  (43.0235 , 2)  (42.1912 , 8)  (40.7405 , 4)  
(108.066 , 2)  (53.6026 , 9)  (53.5865 , 8)  (52.4746 , 1)  (48.3465 , 7)  (48.2875 , 4)  (48.2297 , 5)  (46.5606 , 6)  (45.7211 , 3)  
(92.32 , 6)  (56.1101 , 4)  (55.0967 , 5)  (54.3973 , 7)  (52.2476 , 9)  (50.4222 , 1)  (47.3764 , 3)  (43.8671 , 8)  (39.6411 , 2)  
(101.505 , 9)  (63.5686 , 7)  (57.6719 , 6)  (56.3 , 2)  (52.0074 , 4)  (46.9686 , 3)  (45.7343 , 5)  (40.5656 , 1)  (36.606 , 8)  
(101.536 , 1)  (62.3134 , 7)  (62.2475 , 4)  (51.2536 , 2)  (46.3639 , 3)  (46.0249 , 6)  (45.876 , 8)  (45.3314 , 9)  (45.0474 , 5)  
(107.115 , 7)  (55.4845 , 1)  (52.0044 , 6)  (51.1058 , 5)  (51.0768 , 4)  (49.5272 , 3)  (48.2639 , 2)  (47.9999 , 8)  (46.1791 , 9)  
(104.003 , 3)  (61.2322 , 5)  (58.7628 , 2)  (50.0152 , 6)  (49.7433 , 4)  (49.3675 , 7)  (46.4354 , 1)  (45.4534 , 9)  (38.9032 , 8)  
