 -------------------680------------
(96.1677 , 1)  (60.1249 , 7)  (56.3978 , 6)  (53.5238 , 8)  (52.8629 , 3)  (49.0448 , 2)  (48.1085 , 4)  (44.8359 , 5)  (42.3198 , 9)  
(89.5817 , 8)  (59.2656 , 7)  (53.3202 , 5)  (51.9214 , 4)  (51.3229 , 9)  (50.8482 , 3)  (49.54 , 1)  (48.8104 , 2)  (48.7239 , 6)  
(83.2575 , 5)  (67.3097 , 8)  (60.9009 , 4)  (57.732 , 3)  (56.5317 , 1)  (54.6507 , 6)  (54.5429 , 7)  (40.1413 , 9)  (33.7673 , 2)  
(103.437 , 2)  (58.3099 , 9)  (55.8693 , 3)  (51.8236 , 1)  (50.7848 , 5)  (47.8477 , 6)  (47.3469 , 8)  (45.622 , 4)  (41.9514 , 7)  
(100.983 , 3)  (59.9092 , 1)  (53.6622 , 9)  (50.8738 , 7)  (50.4663 , 6)  (49.5674 , 2)  (47.1655 , 4)  (44.5896 , 5)  (40.2849 , 8)  
(97.499 , 9)  (59.5529 , 6)  (55.1007 , 3)  (52.869 , 4)  (52.0398 , 7)  (49.0585 , 8)  (45.4391 , 2)  (44.846 , 5)  (43.224 , 1)  
(95.4479 , 7)  (61.4572 , 9)  (55.5423 , 1)  (55.2502 , 6)  (55.0746 , 3)  (52.0316 , 2)  (46.5871 , 5)  (45.1531 , 4)  (36.09 , 8)  
(98.8285 , 4)  (63.6702 , 9)  (63.4391 , 6)  (61.6361 , 1)  (49.9164 , 5)  (46.9987 , 7)  (45.5013 , 2)  (41.4626 , 8)  (39.0048 , 3)  
(104.208 , 6)  (59.3377 , 3)  (52.4161 , 4)  (51.6305 , 2)  (51.0557 , 1)  (50.9348 , 9)  (49.943 , 7)  (46.8479 , 5)  (46.7701 , 8)  
