 -------------------284------------
(100.489 , 5)  (72.6981 , 9)  (63.0085 , 6)  (55.706 , 4)  (45.9007 , 7)  (44.1797 , 2)  (44.1248 , 1)  (43.752 , 3)  (37.6308 , 8)  
(107.55 , 6)  (51.512 , 4)  (50.7822 , 3)  (50.638 , 2)  (50.6238 , 8)  (49.9058 , 7)  (47.3951 , 9)  (45.9099 , 1)  (45.1507 , 5)  
(100.246 , 2)  (57.0104 , 9)  (52.7433 , 7)  (51.7198 , 3)  (50.0221 , 1)  (49.9594 , 6)  (49.1129 , 5)  (48.2445 , 8)  (43.8717 , 4)  
(96.1768 , 9)  (59.3114 , 7)  (57.5215 , 4)  (54.0049 , 1)  (52.5041 , 6)  (49.6056 , 8)  (44.1626 , 3)  (43.4479 , 2)  (37.4055 , 5)  
(100.747 , 3)  (59.7192 , 7)  (59.0121 , 6)  (57.8752 , 8)  (53.0464 , 2)  (49.7675 , 1)  (47.9761 , 4)  (47.0177 , 5)  (40.1375 , 9)  
(97.0928 , 8)  (64.9521 , 9)  (63.7667 , 7)  (56.574 , 3)  (55.2034 , 6)  (53.9987 , 1)  (43.1289 , 2)  (42.7676 , 4)  (39.5409 , 5)  
(105.659 , 4)  (56.1151 , 6)  (53.2308 , 2)  (51.1777 , 1)  (50.2397 , 8)  (49.3031 , 3)  (48.9624 , 7)  (45.8178 , 9)  (38.6949 , 5)  
(101.03 , 1)  (62.098 , 6)  (57.6332 , 7)  (50.9265 , 4)  (50.8568 , 8)  (49.1265 , 9)  (48.8542 , 5)  (48.1139 , 2)  (45.0648 , 3)  
(107.301 , 7)  (60.5591 , 3)  (59.125 , 5)  (52.3029 , 6)  (51.4355 , 8)  (50.8893 , 1)  (47.9236 , 4)  (33.609 , 2)  (31.8167 , 9)  
