 -------------------712------------
(100.19 , 2)  (70.7412 , 4)  (63.5266 , 7)  (54.0158 , 9)  (53.0541 , 5)  (46.0136 , 3)  (44.6569 , 6)  (43.2677 , 1)  (42.8994 , 8)  
(99.2909 , 7)  (62.2624 , 1)  (57.7709 , 2)  (56.7008 , 3)  (54.5986 , 9)  (53.6276 , 6)  (46.1954 , 8)  (46.1149 , 5)  (44.9598 , 4)  
(78.5986 , 3)  (68.0597 , 7)  (66.5901 , 9)  (54.9163 , 4)  (54.4812 , 1)  (51.6255 , 6)  (47.1751 , 5)  (43.1346 , 2)  (42.953 , 8)  
(95.3069 , 4)  (63.0142 , 1)  (60.7048 , 7)  (59.3512 , 6)  (57.639 , 9)  (53.73 , 2)  (49.8357 , 8)  (46.1673 , 5)  (43.1046 , 3)  
(99.5408 , 8)  (60.3861 , 2)  (55.785 , 5)  (55.5634 , 9)  (55.2065 , 6)  (54.1708 , 1)  (45.8204 , 4)  (45.4091 , 7)  (41.8867 , 3)  
(98.1264 , 9)  (58.5496 , 7)  (55.6684 , 6)  (54.4181 , 2)  (51.8672 , 3)  (48.3943 , 8)  (48.0594 , 1)  (46.5634 , 4)  (40.9471 , 5)  
(103.668 , 1)  (60.2477 , 6)  (58.0241 , 2)  (56.0003 , 7)  (53.0761 , 5)  (47.0009 , 3)  (44.7775 , 9)  (42.1788 , 8)  (40.7817 , 4)  
(102.619 , 6)  (56.2588 , 4)  (53.7842 , 2)  (52.2108 , 8)  (51.9681 , 9)  (49.8994 , 1)  (48.5404 , 7)  (46.6447 , 3)  (43.0722 , 5)  
(93.5201 , 5)  (61.6657 , 9)  (60.6331 , 2)  (59.0293 , 6)  (56.9978 , 3)  (56.6506 , 8)  (49.7129 , 7)  (47.1565 , 1)  (40.4807 , 4)  
