 -------------------173------------
(102.505 , 3)  (64.5509 , 5)  (55.9753 , 4)  (55.2951 , 2)  (53.3546 , 1)  (48.2209 , 6)  (47.9985 , 7)  (45.4047 , 8)  (45.0116 , 9)  
(102.3 , 8)  (57.5182 , 9)  (55.9291 , 3)  (51.2825 , 4)  (50.2904 , 6)  (47.6536 , 2)  (45.9766 , 1)  (45.2924 , 7)  (44.3679 , 5)  
(88.8329 , 1)  (61.4249 , 2)  (57.8992 , 4)  (55.9514 , 7)  (53.1945 , 3)  (50.6089 , 9)  (48.7963 , 5)  (48.7647 , 8)  (46.2624 , 6)  
(102.562 , 4)  (69.3116 , 6)  (56.2251 , 7)  (53.3986 , 9)  (53.0002 , 1)  (50.5461 , 3)  (48.9544 , 8)  (41.3731 , 5)  (40.696 , 2)  
(106.943 , 7)  (53.7321 , 6)  (52.259 , 3)  (52.0592 , 1)  (50.2074 , 9)  (49.4756 , 4)  (48.283 , 2)  (44.6655 , 8)  (43.5848 , 5)  
(99.8065 , 9)  (58.2421 , 7)  (52.7611 , 2)  (52.2323 , 4)  (49.8305 , 1)  (49.394 , 3)  (49.3564 , 6)  (47.7376 , 5)  (41.2323 , 8)  
(104.065 , 6)  (57.7439 , 4)  (53.1971 , 5)  (52.6649 , 1)  (51.7671 , 3)  (48.5705 , 7)  (47.7829 , 9)  (45.8047 , 2)  (41.0268 , 8)  
(107.85 , 2)  (57.6155 , 1)  (56.2174 , 9)  (52.4144 , 6)  (51.6102 , 7)  (48.6641 , 3)  (45.795 , 5)  (45.6241 , 8)  (35.2142 , 4)  
(99.9561 , 5)  (64.448 , 3)  (57.1042 , 9)  (53.8756 , 1)  (53.4614 , 6)  (50.0984 , 7)  (43.7242 , 4)  (41.8824 , 2)  (40.1559 , 8)  
