 -------------------793------------
(98.1031 , 1)  (74.6949 , 7)  (55.8688 , 4)  (54.3356 , 6)  (53.1472 , 9)  (48.8636 , 2)  (47.4569 , 5)  (47.3632 , 3)  (40.8018 , 8)  
(108.059 , 7)  (51.8149 , 4)  (51.273 , 1)  (50.4415 , 3)  (49.9568 , 8)  (49.9519 , 2)  (49.0354 , 5)  (48.036 , 6)  (42.2718 , 9)  
(95.8045 , 4)  (68.0439 , 7)  (68.0411 , 6)  (56.3453 , 1)  (51.164 , 3)  (48.1527 , 2)  (44.4847 , 5)  (44.4352 , 8)  (39.4657 , 9)  
(99.9021 , 8)  (62.7447 , 9)  (54.3864 , 4)  (52.8199 , 5)  (51.1956 , 1)  (50.5936 , 2)  (48.4635 , 6)  (46.4792 , 3)  (42.2015 , 7)  
(103.015 , 6)  (62.5731 , 4)  (55.8808 , 5)  (55.5363 , 2)  (54.5119 , 3)  (52.0895 , 7)  (49.3938 , 1)  (48.9605 , 8)  (39.1826 , 9)  
(98.8826 , 2)  (67.4987 , 7)  (65.5495 , 6)  (59.3684 , 8)  (56.6331 , 3)  (51.4008 , 1)  (48.4241 , 5)  (44.2305 , 9)  (36.9043 , 4)  
(100.907 , 3)  (59.2311 , 1)  (52.6447 , 5)  (52.3003 , 9)  (51.5313 , 8)  (46.8245 , 6)  (46.5636 , 7)  (46.0911 , 4)  (45.8462 , 2)  
(99.4021 , 9)  (64.818 , 4)  (57.6885 , 6)  (52.6608 , 5)  (52.4764 , 2)  (49.007 , 1)  (48.7486 , 8)  (46.431 , 7)  (41.263 , 3)  
(84.6901 , 5)  (73.1628 , 6)  (71.3478 , 9)  (58.4033 , 3)  (52.2666 , 7)  (48.9731 , 4)  (44.972 , 8)  (44.0793 , 1)  (42.9327 , 2)  
