 -------------------26------------
(103.813 , 6)  (59.8602 , 5)  (59.2752 , 2)  (54.8683 , 7)  (48.4578 , 4)  (48.1228 , 3)  (46.2246 , 8)  (40.4626 , 9)  (39.5624 , 1)  
(102.944 , 7)  (61.2046 , 3)  (53.5464 , 5)  (51.4642 , 1)  (51.1184 , 2)  (49.9377 , 8)  (46.0518 , 6)  (46.0262 , 4)  (44.0186 , 9)  
(99.6765 , 5)  (59.3447 , 7)  (59.1635 , 3)  (53.3614 , 6)  (50.9317 , 8)  (49.4001 , 4)  (46.7012 , 2)  (44.4119 , 1)  (39.57 , 9)  
(79.5335 , 2)  (67.9052 , 4)  (58.6182 , 3)  (58.3473 , 5)  (55.5342 , 8)  (55.2631 , 1)  (54.2717 , 6)  (52.263 , 7)  (49.5005 , 9)  
(96.2367 , 9)  (63.9097 , 6)  (62.2523 , 2)  (57.042 , 8)  (51.2192 , 3)  (50.7965 , 7)  (46.3488 , 1)  (43.0943 , 4)  (39.6897 , 5)  
(93.6351 , 3)  (73.4864 , 5)  (55.2507 , 2)  (53.1552 , 8)  (52.5944 , 6)  (47.927 , 4)  (47.0852 , 9)  (45.0597 , 7)  (41.1935 , 1)  
(94.3281 , 1)  (63.4702 , 6)  (57.9873 , 7)  (57.2735 , 2)  (56.9396 , 5)  (55.7053 , 9)  (48.9652 , 3)  (43.5844 , 4)  (40.66 , 8)  
(97.7808 , 8)  (67.4013 , 2)  (59.3445 , 7)  (58.4292 , 9)  (56.3403 , 6)  (54.9301 , 1)  (49.8892 , 5)  (42.6516 , 3)  (41.1128 , 4)  
(102.923 , 4)  (58.7104 , 2)  (57.3512 , 6)  (53.1923 , 7)  (52.8925 , 1)  (50.4572 , 9)  (50.3839 , 8)  (46.6591 , 3)  (37.6295 , 5)  
