 -------------------229------------
(93.327 , 8)  (71.6828 , 3)  (56.4798 , 7)  (51.3039 , 1)  (50.41 , 4)  (50.2014 , 6)  (49.7134 , 5)  (48.1732 , 9)  (46.7078 , 2)  
(94.1405 , 4)  (66.6028 , 6)  (55.4274 , 1)  (54.4654 , 5)  (53.3413 , 7)  (52.182 , 8)  (47.4217 , 3)  (45.9907 , 2)  (38.2441 , 9)  
(105.455 , 6)  (56.0975 , 3)  (55.4013 , 1)  (54.2214 , 4)  (50.0562 , 2)  (48.2215 , 7)  (47.9181 , 5)  (47.4386 , 8)  (42.9535 , 9)  
(87.4245 , 9)  (72.4113 , 7)  (56.9422 , 2)  (53.3867 , 5)  (52.9454 , 6)  (51.4498 , 1)  (49.3491 , 4)  (47.2157 , 3)  (38.7577 , 8)  
(105.881 , 1)  (56.3926 , 7)  (50.3995 , 8)  (48.5272 , 5)  (47.9875 , 3)  (46.6124 , 6)  (45.3935 , 4)  (45.0175 , 2)  (43.7084 , 9)  
(88.6339 , 3)  (64.5951 , 7)  (63.3745 , 5)  (57.4318 , 9)  (53.7407 , 1)  (52.715 , 2)  (51.6503 , 6)  (46.9899 , 4)  (45.9727 , 8)  
(107.655 , 7)  (56.6558 , 6)  (50.0167 , 9)  (48.7391 , 5)  (48.6654 , 2)  (46.4551 , 1)  (45.2474 , 4)  (43.9752 , 8)  (41.0974 , 3)  
(85.3109 , 5)  (64.3166 , 3)  (58.8762 , 6)  (54.1298 , 9)  (49.8711 , 8)  (49.5365 , 1)  (49.4858 , 4)  (47.4965 , 2)  (42.5253 , 7)  
(78.4058 , 2)  (70.2116 , 8)  (59.091 , 7)  (58.725 , 6)  (55.8007 , 3)  (51.697 , 4)  (50.0387 , 1)  (45.5713 , 9)  (45.0598 , 5)  
