 -------------------300------------
(96.5579 , 9)  (62.657 , 4)  (58.0834 , 2)  (51.6128 , 8)  (48.9776 , 1)  (48.8625 , 6)  (47.5022 , 5)  (43.6173 , 3)  (42.7825 , 7)  
(98.8048 , 8)  (61.7657 , 9)  (60.0944 , 7)  (53.9464 , 1)  (53.5415 , 2)  (51.1626 , 6)  (47.2805 , 4)  (45.3161 , 5)  (43.8062 , 3)  
(103.914 , 7)  (55.3031 , 9)  (51.0018 , 1)  (50.7032 , 3)  (50.3003 , 8)  (49.6679 , 2)  (49.0955 , 4)  (49.0643 , 6)  (39.44 , 5)  
(97.2188 , 1)  (67.1513 , 7)  (59.5836 , 6)  (50.8343 , 5)  (50.2228 , 4)  (48.7407 , 3)  (45.6497 , 2)  (43.412 , 9)  (43.4098 , 8)  
(104.001 , 2)  (60.6015 , 9)  (53.149 , 7)  (52.9564 , 1)  (51.3623 , 5)  (48.8526 , 8)  (47.7228 , 6)  (47.5634 , 3)  (41.8282 , 4)  
(78.0461 , 6)  (75.2743 , 1)  (65.7676 , 8)  (58.0372 , 2)  (52.7534 , 3)  (51.1692 , 4)  (51.1216 , 7)  (47.6575 , 9)  (45.9013 , 5)  
(102.964 , 3)  (54.6702 , 7)  (54.2764 , 4)  (52.7774 , 2)  (50.0755 , 1)  (49.9593 , 6)  (48.127 , 8)  (43.7261 , 5)  (41.9251 , 9)  
(90.5904 , 4)  (72.8761 , 6)  (56.8971 , 8)  (54.1005 , 1)  (54.0749 , 7)  (52.343 , 9)  (46.4013 , 2)  (46.3263 , 3)  (43.6692 , 5)  
(90.9778 , 5)  (68.1213 , 3)  (59.1796 , 9)  (56.321 , 8)  (49.0467 , 2)  (47.0382 , 4)  (46.8957 , 1)  (46.6949 , 6)  (39.2764 , 7)  
