 -------------------32------------
(103.295 , 6)  (61.0931 , 2)  (58.7673 , 5)  (51.2263 , 7)  (49.4982 , 4)  (49.1547 , 8)  (43.6289 , 1)  (43.5102 , 9)  (42.7272 , 3)  
(103.552 , 7)  (61.9028 , 3)  (53.1697 , 2)  (51.1893 , 4)  (49.8755 , 5)  (48.5071 , 1)  (48.1068 , 6)  (44.2899 , 8)  (42.872 , 9)  
(102.505 , 5)  (55.1798 , 8)  (54.401 , 3)  (51.1214 , 4)  (48.8042 , 6)  (48.449 , 7)  (44.2954 , 9)  (44.0596 , 2)  (42.0943 , 1)  
(78.427 , 2)  (63.2565 , 4)  (61.8107 , 3)  (57.0434 , 8)  (55.5745 , 6)  (54.5196 , 5)  (54.1405 , 1)  (51.8754 , 7)  (51.2576 , 9)  
(95.601 , 9)  (64.1501 , 6)  (57.0071 , 7)  (55.2626 , 4)  (50.6854 , 3)  (49.8747 , 2)  (49.8677 , 1)  (45.7806 , 5)  (45.351 , 8)  
(91.5453 , 3)  (73.9472 , 5)  (61.2224 , 2)  (55.493 , 4)  (55.4313 , 8)  (46.1384 , 6)  (45.9766 , 9)  (44.5778 , 7)  (42.2736 , 1)  
(95.8057 , 1)  (60.3019 , 6)  (57.8729 , 5)  (57.5666 , 7)  (56.943 , 2)  (54.6706 , 9)  (46.9565 , 3)  (42.448 , 4)  (40.0463 , 8)  
(96.9873 , 8)  (63.1164 , 2)  (61.7306 , 9)  (59.109 , 6)  (52.1535 , 7)  (51.2052 , 5)  (49.9018 , 1)  (44.7888 , 4)  (36.7838 , 3)  
(105.015 , 4)  (60.3506 , 2)  (54.5908 , 6)  (52.3068 , 1)  (52.1005 , 8)  (50.6069 , 3)  (50.0357 , 9)  (44.0893 , 7)  (36.4275 , 5)  
