 -------------------267------------
(106.998 , 7)  (55.9119 , 6)  (53.4474 , 9)  (50.9549 , 3)  (49.2811 , 2)  (48.6288 , 1)  (47.4264 , 4)  (47.1823 , 5)  (43.3931 , 8)  
(93.5357 , 3)  (68.071 , 2)  (63.0633 , 1)  (57.491 , 4)  (57.4196 , 9)  (54.9568 , 8)  (54.5712 , 6)  (42.1547 , 7)  (40.6915 , 5)  
(100.404 , 8)  (64.9432 , 5)  (57.7886 , 6)  (56.243 , 7)  (51.49 , 3)  (50.092 , 4)  (48.8364 , 2)  (48.0478 , 1)  (45.9459 , 9)  
(94.9525 , 1)  (77.4085 , 7)  (57.9138 , 4)  (55.6857 , 6)  (51.956 , 2)  (48.5034 , 5)  (48.0828 , 3)  (44.0746 , 9)  (41.9734 , 8)  
(99.4845 , 9)  (62.5466 , 7)  (54.7804 , 6)  (53.4986 , 2)  (53.3509 , 8)  (52.7375 , 1)  (48.1466 , 3)  (45.9595 , 4)  (39.5428 , 5)  
(88.4982 , 5)  (71.8605 , 3)  (64.0846 , 6)  (61.8257 , 1)  (50.1278 , 8)  (50.1127 , 7)  (47.8341 , 9)  (44.2555 , 4)  (38.2845 , 2)  
(101.404 , 6)  (60.5502 , 8)  (59.1876 , 4)  (53.7219 , 3)  (53.3839 , 7)  (48.5707 , 1)  (43.7188 , 5)  (39.2587 , 9)  (37.0162 , 2)  
(87.2225 , 4)  (74.5105 , 6)  (59.872 , 7)  (50.2526 , 3)  (49.4876 , 1)  (49.243 , 9)  (49.0141 , 5)  (48.9026 , 8)  (47.9225 , 2)  
(104.855 , 2)  (67.2064 , 8)  (59.0799 , 3)  (53.0866 , 9)  (50.9972 , 6)  (48.3102 , 1)  (47.0857 , 4)  (43.9603 , 5)  (41.6419 , 7)  
