 -------------------695------------
(92.561 , 8)  (60.5544 , 1)  (59.8237 , 2)  (58.9341 , 4)  (55.7875 , 6)  (54.3906 , 9)  (49.3901 , 7)  (45 , 3)  (40.6817 , 5)  
(90.5501 , 3)  (66.3925 , 2)  (64.1859 , 9)  (58.6111 , 5)  (58.3483 , 1)  (55.9542 , 7)  (51.0794 , 4)  (45.4757 , 6)  (31.7782 , 8)  
(98.4672 , 7)  (62.187 , 4)  (61.8088 , 6)  (54.6629 , 5)  (53.6731 , 1)  (47.0984 , 8)  (45.7751 , 9)  (44.892 , 3)  (40.8618 , 2)  
(98.9351 , 2)  (69.2138 , 1)  (59.2493 , 5)  (48.5585 , 3)  (48.2367 , 8)  (47.7365 , 9)  (47.6646 , 7)  (43.6293 , 4)  (41.0903 , 6)  
(103.584 , 1)  (63.0642 , 7)  (51.9531 , 4)  (50.0368 , 6)  (49.7837 , 5)  (49.4155 , 9)  (45.7096 , 2)  (45.5527 , 3)  (42.0814 , 8)  
(102.023 , 4)  (56.9877 , 7)  (53.5593 , 1)  (52.0798 , 6)  (51.7178 , 9)  (49.8165 , 5)  (45.4397 , 2)  (45.1889 , 3)  (44.3135 , 8)  
(80.0394 , 9)  (66.5446 , 4)  (58.9036 , 7)  (54.8152 , 3)  (54.6868 , 6)  (52.0348 , 5)  (51.6184 , 2)  (45.7697 , 1)  (42.1683 , 8)  
(104.726 , 6)  (53.973 , 2)  (53.2985 , 5)  (52.2533 , 4)  (51.7571 , 3)  (48.8311 , 1)  (48.0527 , 9)  (47.5819 , 8)  (43.9078 , 7)  
(103.092 , 5)  (53.1029 , 2)  (52.2637 , 4)  (51.6126 , 6)  (51.089 , 3)  (50.7507 , 7)  (46.409 , 1)  (46.3076 , 9)  (44.6589 , 8)  
