 -------------------625------------
(106.686 , 7)  (56.7888 , 6)  (53.2673 , 5)  (50.8046 , 9)  (50.5561 , 2)  (48.8701 , 1)  (47.7978 , 4)  (45.5588 , 8)  (43.9733 , 3)  
(96.2986 , 3)  (66.6702 , 2)  (60.5095 , 1)  (58.8382 , 4)  (57.5221 , 9)  (54.5336 , 6)  (50.654 , 8)  (44.2716 , 5)  (40.8516 , 7)  
(98.5278 , 4)  (62.2294 , 6)  (59.6055 , 5)  (56.2701 , 2)  (53.9197 , 7)  (51.8261 , 9)  (48.3697 , 1)  (45.2101 , 3)  (35.6344 , 8)  
(103.748 , 5)  (67.4225 , 3)  (55.9076 , 1)  (53.5812 , 2)  (50.0888 , 9)  (49.9883 , 6)  (49.3906 , 4)  (43.6505 , 7)  (37.4204 , 8)  
(95.8981 , 6)  (55.7503 , 1)  (54.4696 , 9)  (52.1946 , 2)  (51.8394 , 8)  (46.6942 , 5)  (46.1572 , 7)  (45.3541 , 4)  (44.1012 , 3)  
(100.72 , 9)  (58.4328 , 7)  (57.4195 , 6)  (52.8863 , 1)  (51.8125 , 3)  (50.3566 , 2)  (48.8783 , 4)  (42.1376 , 8)  (42.006 , 5)  
(109.366 , 2)  (53.7743 , 4)  (50.333 , 1)  (49.9577 , 5)  (49.2141 , 9)  (48.6145 , 7)  (48.3173 , 3)  (44.4164 , 8)  (43.4345 , 6)  
(105.701 , 8)  (57.4461 , 7)  (56.7879 , 9)  (56.1051 , 1)  (53.4545 , 3)  (52.493 , 4)  (50.3924 , 6)  (40.3637 , 2)  (38.1044 , 5)  
(101.054 , 1)  (62.3631 , 6)  (59.4223 , 7)  (54.7257 , 8)  (51.9826 , 4)  (49.8519 , 3)  (49.2014 , 5)  (45.1104 , 2)  (40.8866 , 9)  
