 -------------------37------------
(98.1743 , 6)  (72.3387 , 8)  (57.2179 , 3)  (54.8628 , 2)  (52.347 , 4)  (52.3145 , 7)  (51.0771 , 5)  (49.6082 , 1)  (34.9033 , 9)  
(99.8312 , 8)  (58.9743 , 9)  (57.0065 , 6)  (54.0726 , 2)  (54.0521 , 1)  (52.2509 , 3)  (49.8898 , 7)  (48.1882 , 4)  (38.0896 , 5)  
(85.915 , 9)  (63.1872 , 8)  (63.0387 , 6)  (59.1328 , 2)  (50.8045 , 4)  (50.6692 , 7)  (47.1384 , 1)  (45.5179 , 5)  (39.0026 , 3)  
(94.0517 , 3)  (71.452 , 7)  (55.8378 , 8)  (53.8525 , 2)  (51.5076 , 6)  (50.763 , 9)  (47.7375 , 1)  (46.9965 , 5)  (44.176 , 4)  
(105.812 , 7)  (54.6035 , 8)  (51.895 , 2)  (50.1357 , 1)  (48.9125 , 3)  (48.3642 , 6)  (47.4793 , 9)  (45.6995 , 4)  (43.5453 , 5)  
(105.94 , 1)  (56.3253 , 7)  (51.4691 , 3)  (48.5382 , 6)  (47.2935 , 9)  (47.09 , 5)  (47.0542 , 4)  (46.2705 , 8)  (42.3841 , 2)  
(103.331 , 5)  (65.984 , 3)  (57.7709 , 6)  (57.496 , 1)  (49.3747 , 7)  (44.3067 , 4)  (44.0523 , 2)  (43.0981 , 9)  (40.8401 , 8)  
(106.3 , 2)  (57.9246 , 9)  (53.6725 , 1)  (51.1154 , 7)  (49.5838 , 5)  (48.8431 , 3)  (47.626 , 6)  (46.2857 , 4)  (45.8357 , 8)  
(99.7245 , 4)  (61.956 , 9)  (61.3873 , 1)  (54.8731 , 7)  (52.3154 , 6)  (49.127 , 5)  (47.2431 , 2)  (43.947 , 8)  (43.2853 , 3)  
