 -------------------296------------
(100.817 , 5)  (71.2592 , 9)  (62.4082 , 6)  (56.16 , 4)  (46.787 , 7)  (44.3011 , 2)  (44.1967 , 3)  (43.6489 , 1)  (38.4914 , 8)  
(107.582 , 6)  (52.1483 , 3)  (51.3637 , 4)  (50.66 , 2)  (49.0608 , 8)  (48.5839 , 7)  (48.404 , 9)  (45.5146 , 5)  (44.6651 , 1)  
(101.889 , 2)  (55.3699 , 9)  (54.7314 , 7)  (50.5 , 5)  (50.2136 , 8)  (48.3594 , 1)  (48.3045 , 3)  (47.8517 , 6)  (45.9362 , 4)  
(96.5606 , 9)  (63.2829 , 7)  (56.7466 , 4)  (53.5369 , 6)  (52.9648 , 1)  (45.9435 , 8)  (45.192 , 2)  (42.3633 , 3)  (40.509 , 5)  
(99.1176 , 3)  (64.4502 , 8)  (60.3047 , 7)  (58.5366 , 6)  (54.2158 , 2)  (53.1692 , 4)  (48.1334 , 1)  (39.5862 , 5)  (35.8376 , 9)  
(97.2443 , 8)  (67.9567 , 7)  (62.1113 , 9)  (61.8568 , 3)  (57.6114 , 6)  (49.786 , 1)  (43.4044 , 2)  (41.2685 , 4)  (38.3662 , 5)  
(104.934 , 4)  (60.858 , 6)  (54.9066 , 2)  (50.9459 , 1)  (50.0039 , 3)  (48.2577 , 8)  (47.6058 , 9)  (46.4728 , 7)  (36.4953 , 5)  
(102.744 , 1)  (58.5216 , 6)  (56.9884 , 7)  (51.0374 , 4)  (50.8857 , 8)  (50.3111 , 5)  (49.776 , 2)  (45.6846 , 9)  (43.4747 , 3)  
(107.797 , 7)  (60.6109 , 3)  (59.072 , 5)  (56.297 , 6)  (50.2511 , 8)  (49.8841 , 1)  (45.4952 , 4)  (35.1213 , 9)  (28.6204 , 2)  
