 -------------------995------------
(91.2343 , 2)  (62.2994 , 3)  (61.5229 , 6)  (54.5724 , 7)  (54.5161 , 1)  (52.8556 , 8)  (49.9855 , 4)  (45.0461 , 5)  (42.2019 , 9)  
(106.615 , 3)  (56.7206 , 2)  (52.913 , 6)  (49.8069 , 9)  (49.3791 , 1)  (47.965 , 5)  (47.074 , 7)  (45.1295 , 4)  (40.1388 , 8)  
(100.244 , 4)  (65.5256 , 6)  (57.137 , 5)  (54.2526 , 7)  (53.7857 , 2)  (51.6542 , 9)  (48.8807 , 3)  (45.5039 , 1)  (39.6482 , 8)  
(101.597 , 1)  (56.5884 , 3)  (55.2844 , 4)  (53.8369 , 7)  (52.8239 , 6)  (51.4772 , 9)  (51.4493 , 5)  (47.0337 , 2)  (43.9414 , 8)  
(89.6107 , 5)  (65.3434 , 6)  (62.7489 , 8)  (56.3069 , 3)  (55.8583 , 1)  (48.9812 , 4)  (46.4159 , 9)  (45.3096 , 7)  (40.2085 , 2)  
(95.4272 , 9)  (64.22 , 5)  (61.3119 , 6)  (58.3312 , 7)  (51.2131 , 4)  (49.8202 , 2)  (47.7432 , 1)  (46.9889 , 8)  (43.0592 , 3)  
(107.384 , 8)  (61.088 , 6)  (58.1761 , 1)  (53.8657 , 3)  (50.9002 , 7)  (44.6363 , 4)  (43.2403 , 9)  (41.8506 , 2)  (37.9731 , 5)  
(98.1199 , 6)  (64.8415 , 8)  (57.4565 , 1)  (55.526 , 4)  (50.7439 , 5)  (50.6871 , 7)  (46.9489 , 2)  (44.6602 , 9)  (44.2415 , 3)  
(84.1534 , 7)  (66.6947 , 9)  (60.6548 , 2)  (54.5927 , 8)  (54.2995 , 1)  (53.5341 , 6)  (52.9639 , 5)  (45.0376 , 4)  (42.9733 , 3)  
