 -------------------368------------
(81.0835 , 7)  (75.1521 , 9)  (66.7112 , 6)  (56.4722 , 3)  (55.9043 , 1)  (52.1672 , 5)  (45.6321 , 8)  (44.4041 , 2)  (43.6151 , 4)  
(98.1996 , 8)  (63.4466 , 1)  (59.2196 , 7)  (56.1577 , 6)  (54.3484 , 9)  (51.7875 , 5)  (49.7889 , 2)  (43.8991 , 3)  (43.7266 , 4)  
(102.812 , 1)  (57.209 , 6)  (55.4856 , 7)  (51.8932 , 3)  (51.1532 , 2)  (49.5984 , 9)  (49.4246 , 5)  (49.2988 , 8)  (44.018 , 4)  
(102.991 , 3)  (62.1717 , 7)  (53.9891 , 4)  (51.514 , 6)  (50.3466 , 8)  (47.562 , 2)  (45.8974 , 1)  (40.3524 , 5)  (39.3949 , 9)  
(98.4147 , 2)  (59.4586 , 1)  (54.513 , 9)  (53.3361 , 5)  (52.8698 , 3)  (52.4448 , 7)  (51.1046 , 4)  (49.9204 , 6)  (42.8722 , 8)  
(79.3014 , 9)  (58.895 , 8)  (58.2592 , 7)  (57.6158 , 4)  (54.7532 , 6)  (51.9735 , 1)  (47.8357 , 3)  (43.7512 , 5)  (43.6654 , 2)  
(100.464 , 4)  (61.725 , 3)  (55.1513 , 1)  (52.5623 , 6)  (51.218 , 7)  (50.1374 , 2)  (49.4208 , 9)  (47.3712 , 5)  (41.8708 , 8)  
(103.378 , 5)  (68.5971 , 2)  (63.3633 , 8)  (54.6442 , 1)  (49.2803 , 6)  (47.2437 , 3)  (44.2992 , 9)  (39.6042 , 7)  (34.6003 , 4)  
(105.09 , 6)  (53.9357 , 5)  (51.8932 , 4)  (49.8131 , 3)  (49.6511 , 2)  (49.5384 , 1)  (48.7132 , 8)  (47.1874 , 7)  (44.5156 , 9)  
