 -------------------166------------
(102.234 , 3)  (61.9285 , 5)  (61.7745 , 6)  (54.8363 , 2)  (53.7283 , 7)  (52.8416 , 1)  (48.8403 , 9)  (48.7478 , 4)  (45.3361 , 8)  
(101.568 , 8)  (57.6843 , 9)  (57.4002 , 3)  (51.4509 , 4)  (49.6805 , 6)  (48.0658 , 1)  (46.3097 , 2)  (45.3335 , 5)  (45.2099 , 7)  
(87.9901 , 1)  (66.1569 , 2)  (57.7188 , 4)  (56.1073 , 7)  (53.0682 , 5)  (51.3512 , 6)  (48.8772 , 9)  (46.5833 , 8)  (45.8281 , 3)  
(99.9977 , 4)  (76.3364 , 6)  (59.8347 , 7)  (59.6109 , 9)  (49.8143 , 1)  (45.4943 , 2)  (44.0917 , 5)  (42.7256 , 3)  (42.6868 , 8)  
(108.008 , 7)  (59.0871 , 6)  (51.6783 , 2)  (51.5683 , 9)  (50.0138 , 4)  (49.3564 , 1)  (43.8814 , 5)  (43.7312 , 8)  (41.2901 , 3)  
(98.1411 , 9)  (56.7419 , 7)  (54.1182 , 4)  (54.1098 , 2)  (52.9858 , 3)  (52.1351 , 1)  (47.7106 , 6)  (47.0679 , 5)  (43.8659 , 8)  
(104.15 , 6)  (55.9355 , 4)  (53.6899 , 1)  (50.7258 , 9)  (50.6974 , 3)  (50.3083 , 5)  (48.8998 , 7)  (44.2424 , 2)  (42.2229 , 8)  
(108.86 , 2)  (63.6507 , 1)  (58.2874 , 9)  (51.6701 , 6)  (47.1153 , 7)  (46.4461 , 8)  (43.0947 , 3)  (41.6031 , 5)  (35.9736 , 4)  
(101.636 , 5)  (64.9565 , 3)  (54.7573 , 6)  (54.1004 , 7)  (51.1532 , 1)  (48.866 , 4)  (48.0607 , 9)  (47.7435 , 8)  (43.8029 , 2)  
