 -------------------418------------
(93.6922 , 4)  (77.1912 , 6)  (67.8253 , 2)  (55.1788 , 1)  (52.0516 , 9)  (45.3605 , 5)  (45.028 , 3)  (44.4978 , 7)  (39.4242 , 8)  
(100.919 , 7)  (58.2013 , 9)  (54.6218 , 1)  (53.9418 , 6)  (53.6608 , 2)  (52.6707 , 3)  (48.4101 , 5)  (45.0407 , 8)  (42.8221 , 4)  
(103.214 , 3)  (60.9784 , 9)  (56.9311 , 6)  (54.8001 , 1)  (51.3764 , 2)  (46.8923 , 5)  (46.3397 , 7)  (45.0891 , 8)  (44.0338 , 4)  
(99.857 , 1)  (63.3534 , 7)  (61.4089 , 4)  (53.4081 , 6)  (53.2539 , 3)  (51.1592 , 2)  (44.759 , 8)  (43.4648 , 5)  (42.8465 , 9)  
(103.316 , 6)  (58.181 , 9)  (56.3248 , 2)  (51.6165 , 1)  (50.4845 , 8)  (49.2447 , 5)  (47.3082 , 7)  (42.8107 , 3)  (39.9485 , 4)  
(86.8939 , 8)  (74.6287 , 3)  (55.4037 , 4)  (55.0098 , 9)  (51.9682 , 6)  (50.4656 , 5)  (47.558 , 1)  (43.4358 , 7)  (43.069 , 2)  
(88.1399 , 9)  (62.6711 , 8)  (58.8057 , 4)  (57.0791 , 2)  (53.5655 , 6)  (49.1223 , 5)  (46.9591 , 1)  (42.2528 , 7)  (40.9664 , 3)  
(108.551 , 2)  (66.1935 , 5)  (56.2699 , 6)  (53.7063 , 9)  (49.6515 , 1)  (46.2134 , 7)  (45.7968 , 8)  (44.5533 , 4)  (43.0249 , 3)  
(99.2804 , 5)  (64.7971 , 2)  (58.0462 , 6)  (54.1948 , 1)  (51.7514 , 8)  (50.7603 , 7)  (50.4403 , 4)  (43.3202 , 3)  (40.0798 , 9)  
