 -------------------1083------------
(102.399 , 3)  (62.1975 , 7)  (57.4933 , 6)  (56.2937 , 1)  (55.4159 , 9)  (55.3721 , 2)  (46.6162 , 8)  (41.2578 , 5)  (40.3109 , 4)  
(103.526 , 7)  (55.376 , 9)  (54.9736 , 3)  (54.1013 , 1)  (53.3248 , 6)  (51.2347 , 2)  (45.57 , 5)  (44.9449 , 4)  (39.2369 , 8)  
(96.6584 , 2)  (59.9799 , 3)  (56.2603 , 1)  (54.3534 , 9)  (54.0153 , 6)  (53.5879 , 8)  (49.0108 , 7)  (42.7453 , 5)  (38.7297 , 4)  
(84.8462 , 9)  (67.5721 , 7)  (65.3217 , 5)  (60.7431 , 6)  (52.8986 , 2)  (51.528 , 3)  (50.531 , 1)  (49.9973 , 4)  (39.39 , 8)  
(96.0246 , 4)  (68.8829 , 6)  (68.018 , 7)  (51.5734 , 1)  (49.9429 , 3)  (46.4287 , 2)  (45.5957 , 9)  (43.6608 , 5)  (43.5138 , 8)  
(105.067 , 1)  (60.9123 , 7)  (50.8275 , 6)  (49.5825 , 4)  (48.7228 , 3)  (48.3749 , 9)  (47.6715 , 5)  (46.4798 , 2)  (45.2519 , 8)  
(104.238 , 6)  (68.8031 , 8)  (53.7297 , 7)  (51.8462 , 4)  (51.2301 , 1)  (50.9923 , 5)  (46.5523 , 3)  (37.6888 , 9)  (36.2464 , 2)  
(93.1263 , 8)  (57.0118 , 3)  (55.3274 , 6)  (54.9106 , 7)  (53.6005 , 9)  (52.0935 , 5)  (51.7314 , 1)  (50.9667 , 4)  (47.7301 , 2)  
(91.6904 , 5)  (57.5767 , 1)  (53.5879 , 3)  (52.4272 , 6)  (51.1071 , 9)  (50.2437 , 7)  (49.5653 , 4)  (49.5486 , 8)  (48.7044 , 2)  
