 -------------------460------------
(106.208 , 7)  (61.6871 , 6)  (51.6421 , 4)  (50.0104 , 9)  (49.9949 , 5)  (49.8241 , 1)  (45.2266 , 8)  (43.5468 , 3)  (40.7945 , 2)  
(92.8198 , 4)  (62.1971 , 2)  (61.1041 , 7)  (57.0175 , 6)  (56.6061 , 5)  (54.375 , 9)  (52.1454 , 1)  (49.1248 , 3)  (35.9836 , 8)  
(99.3033 , 6)  (60.2181 , 4)  (60.1396 , 9)  (57.6675 , 2)  (51.1259 , 8)  (47.2778 , 7)  (45.1125 , 3)  (41.2377 , 1)  (40.3077 , 5)  
(100.339 , 1)  (57.4545 , 2)  (57.3519 , 7)  (52.9188 , 6)  (52.7075 , 5)  (49.7091 , 9)  (49.1499 , 3)  (45.5318 , 8)  (42.3017 , 4)  
(71.8052 , 5)  (70.0878 , 9)  (61.1007 , 4)  (56.4393 , 6)  (54.219 , 3)  (54.1174 , 8)  (53.2182 , 1)  (49.112 , 2)  (46.2774 , 7)  
(96.3115 , 2)  (59.6305 , 3)  (58.6669 , 9)  (57.3576 , 7)  (50.9719 , 8)  (49.5133 , 5)  (49.4456 , 6)  (48.6864 , 1)  (44.5875 , 4)  
(106.649 , 8)  (58.1886 , 3)  (51.072 , 4)  (50.5627 , 6)  (50.454 , 9)  (50.3765 , 7)  (48.8079 , 2)  (46.9979 , 5)  (46.1525 , 1)  
(85.2406 , 5)  (65.5404 , 3)  (63.8244 , 6)  (56.9501 , 4)  (56.8611 , 1)  (55.7545 , 8)  (47.2177 , 7)  (43.666 , 9)  (38.4337 , 2)  
(99.1433 , 3)  (63.2054 , 5)  (56.7467 , 9)  (56.2006 , 6)  (52.1607 , 1)  (48.1701 , 7)  (45.1161 , 2)  (44.6137 , 8)  (43.4467 , 4)  
