 -------------------280------------
(103.417 , 5)  (67.5641 , 8)  (66.5178 , 2)  (49.7573 , 1)  (47.9661 , 6)  (47.1383 , 3)  (44.2974 , 9)  (42.0829 , 4)  (41.0259 , 7)  
(93.7943 , 8)  (70.483 , 6)  (56.4487 , 9)  (55.1583 , 3)  (53.8406 , 2)  (50.0966 , 7)  (48.5941 , 5)  (47.7529 , 1)  (35.9101 , 4)  
(102.971 , 1)  (66.6442 , 7)  (51.6165 , 4)  (49.6329 , 2)  (49.5989 , 5)  (49.4077 , 3)  (47.3024 , 6)  (46.2002 , 9)  (42.1831 , 8)  
(95.6281 , 6)  (56.3427 , 9)  (55.3405 , 3)  (54.1154 , 5)  (51.1916 , 1)  (48.2699 , 4)  (47.5029 , 7)  (42.2035 , 8)  (36.4999 , 2)  
(94.2351 , 3)  (69.736 , 7)  (58.0162 , 2)  (55.8459 , 6)  (51.2448 , 9)  (50.7294 , 1)  (48.422 , 8)  (44.804 , 5)  (40.0507 , 4)  
(104.048 , 2)  (58.429 , 9)  (57.7074 , 7)  (56.2562 , 6)  (52.4628 , 5)  (48.6084 , 3)  (46.909 , 1)  (42.526 , 4)  (41.5365 , 8)  
(105.391 , 7)  (57.1621 , 9)  (52.1708 , 2)  (50.912 , 1)  (50.3104 , 6)  (49.2595 , 4)  (48.8646 , 3)  (48.1596 , 8)  (40.5669 , 5)  
(88.005 , 4)  (59.0554 , 6)  (58.6515 , 8)  (57.0059 , 5)  (51.2408 , 2)  (49.4107 , 1)  (49.1002 , 9)  (47.7272 , 7)  (42.0579 , 3)  
(87.5379 , 9)  (62.8525 , 7)  (61.6655 , 4)  (55.7498 , 3)  (53.0629 , 5)  (49.2332 , 6)  (48.569 , 2)  (42.1821 , 1)  (40.1209 , 8)  
