 -------------------408------------
(103.334 , 3)  (55.8645 , 7)  (55.2193 , 8)  (52.9571 , 4)  (52.5027 , 6)  (50.6398 , 5)  (47.911 , 2)  (41.5301 , 9)  (38.0121 , 1)  
(82.6447 , 6)  (71.4965 , 9)  (58.5292 , 8)  (56.0953 , 4)  (52.1674 , 7)  (51.0841 , 2)  (45.0257 , 5)  (44.9389 , 1)  (43.8102 , 3)  
(97.2506 , 1)  (67.1629 , 2)  (63.2257 , 4)  (52.0443 , 9)  (50.3368 , 8)  (48.0227 , 3)  (45.4061 , 7)  (43.4596 , 5)  (36.2867 , 6)  
(94.7984 , 8)  (60.2445 , 2)  (58.8059 , 6)  (55.1079 , 7)  (54.181 , 5)  (52.2525 , 4)  (47.6665 , 9)  (45.8763 , 1)  (44.2914 , 3)  
(103.15 , 4)  (66.2786 , 2)  (61.6391 , 7)  (55.6279 , 9)  (53.6523 , 6)  (50.2814 , 5)  (44.47 , 1)  (42.7601 , 3)  (35.7624 , 8)  
(100.628 , 5)  (62.3297 , 8)  (56.9272 , 9)  (53.2635 , 4)  (50.9839 , 3)  (46.7823 , 1)  (45.3175 , 6)  (44.2059 , 7)  (40.1668 , 2)  
(94.1077 , 7)  (61.3131 , 2)  (59.8136 , 1)  (56.917 , 6)  (49.9777 , 9)  (49.0584 , 8)  (48.3445 , 5)  (43.2636 , 4)  (42.292 , 3)  
(82.4523 , 9)  (69.8417 , 7)  (62.9878 , 1)  (55.7419 , 2)  (53.2171 , 8)  (52.4611 , 6)  (48.6498 , 5)  (44.2576 , 3)  (34.0672 , 4)  
(99.1203 , 2)  (58.5073 , 6)  (54.6205 , 9)  (53.9077 , 3)  (52.4548 , 1)  (50.7676 , 8)  (47.9324 , 4)  (45.8164 , 5)  (42.4644 , 7)  
