 -------------------414------------
(95.4908 , 8)  (57.6076 , 2)  (55.3382 , 7)  (54.7705 , 9)  (54.4647 , 6)  (51.2719 , 3)  (49.2584 , 1)  (45.2442 , 4)  (44.9632 , 5)  
(95.0259 , 7)  (66.4963 , 2)  (60.6735 , 1)  (59.2276 , 3)  (50.8976 , 6)  (50.0823 , 4)  (48.8327 , 8)  (47.3372 , 5)  (46.8663 , 9)  
(107.1 , 4)  (54.3744 , 8)  (54.3259 , 2)  (49.534 , 1)  (49.0223 , 6)  (47.4599 , 3)  (46.9533 , 9)  (46.2957 , 7)  (44.4043 , 5)  
(108.25 , 2)  (56.935 , 5)  (54.6158 , 6)  (52.692 , 7)  (52.5459 , 8)  (50.2083 , 1)  (49.4749 , 9)  (44.3759 , 4)  (40.74 , 3)  
(103.023 , 1)  (65.6122 , 2)  (59.8219 , 6)  (54.5892 , 5)  (52.1109 , 4)  (50.0496 , 9)  (48.5292 , 3)  (45.2383 , 7)  (27.4153 , 8)  
(100.455 , 9)  (59.1439 , 3)  (54.3909 , 5)  (53.2167 , 7)  (53.1185 , 1)  (50.3791 , 6)  (47.3966 , 2)  (46.9088 , 4)  (44.2056 , 8)  
(92.4621 , 3)  (62.5863 , 2)  (62.0346 , 1)  (57.8185 , 9)  (55.9984 , 6)  (54.2611 , 7)  (52.4979 , 8)  (50.8433 , 5)  (41.5965 , 4)  
(95.5304 , 5)  (63.2878 , 6)  (55.996 , 7)  (55.9823 , 3)  (54.8735 , 9)  (51.046 , 1)  (49.6393 , 2)  (42.369 , 8)  (34.1747 , 4)  
(102.429 , 6)  (60.6224 , 4)  (56.9035 , 9)  (55.003 , 2)  (51.105 , 1)  (50.1508 , 8)  (47.7356 , 3)  (45.1466 , 5)  (44.4509 , 7)  
