 -------------------1003------------
(90.6489 , 2)  (61.743 , 3)  (60.3607 , 6)  (55.5253 , 1)  (52.6712 , 8)  (48.899 , 7)  (48.4911 , 4)  (47.1315 , 5)  (43.6815 , 9)  
(107.28 , 3)  (53.9841 , 2)  (52.0985 , 6)  (47.8033 , 9)  (47.4364 , 5)  (47.4209 , 1)  (46.6698 , 4)  (45.5611 , 7)  (40.3212 , 8)  
(90.4441 , 4)  (69.1765 , 6)  (59.7758 , 5)  (54.6968 , 2)  (53.5543 , 9)  (51.1071 , 7)  (45.8806 , 1)  (42.3858 , 8)  (41.2805 , 3)  
(101.717 , 1)  (58.9345 , 7)  (54.0705 , 6)  (53.0569 , 9)  (52.9785 , 4)  (52.9784 , 3)  (50.0382 , 5)  (47.2744 , 2)  (42.6002 , 8)  
(86.6303 , 5)  (64.7856 , 6)  (59.7995 , 8)  (58.1897 , 3)  (57.5311 , 1)  (48.3161 , 4)  (48.2149 , 9)  (43.7522 , 7)  (39.7915 , 2)  
(93.7528 , 9)  (63.987 , 5)  (63.8209 , 6)  (59.3564 , 7)  (50.163 , 4)  (48.9467 , 1)  (47.649 , 2)  (46.0307 , 8)  (43.9943 , 3)  
(106.399 , 8)  (60.6622 , 6)  (55.4298 , 1)  (53.1356 , 7)  (50.9869 , 3)  (45.6942 , 9)  (43.2771 , 2)  (42.631 , 4)  (40.0304 , 5)  
(100.27 , 6)  (68.1606 , 8)  (56.7439 , 4)  (55.1994 , 1)  (54.6617 , 5)  (48.698 , 7)  (46.6017 , 3)  (44.5896 , 2)  (40.9901 , 9)  
(90.6176 , 7)  (63.1818 , 9)  (59.5352 , 8)  (57.7865 , 2)  (51.4224 , 6)  (50.5451 , 1)  (46.6885 , 5)  (46.3996 , 3)  (40.65 , 4)  
