 -------------------907------------
(85.0129 , 3)  (72.7536 , 7)  (60.0768 , 2)  (59.2865 , 4)  (51.9701 , 5)  (50.7561 , 9)  (48.9973 , 8)  (47.5648 , 6)  (42.7889 , 1)  
(87.4995 , 9)  (64.0774 , 6)  (59.6745 , 7)  (54.1943 , 4)  (53.6883 , 1)  (52.0287 , 3)  (48.8749 , 8)  (48.1385 , 2)  (44.4719 , 5)  
(99.7337 , 4)  (74.5939 , 6)  (57.9851 , 7)  (54.9026 , 2)  (50.4803 , 9)  (47.5737 , 1)  (45.9783 , 8)  (45.6649 , 5)  (43.1737 , 3)  
(92.5856 , 6)  (60.6475 , 2)  (58.8798 , 5)  (57.8206 , 8)  (54.5505 , 4)  (52.8148 , 1)  (49.7289 , 9)  (47.7869 , 7)  (41.6732 , 3)  
(95.5937 , 5)  (64.7764 , 6)  (62.6568 , 8)  (61.8394 , 3)  (58.6452 , 1)  (54.3394 , 4)  (44.5979 , 7)  (41.716 , 2)  (28.481 , 9)  
(94.5269 , 8)  (61.2381 , 2)  (56.658 , 4)  (56.1281 , 9)  (52.8195 , 1)  (51.9504 , 7)  (50.6128 , 6)  (49.4238 , 3)  (38.9068 , 5)  
(102.576 , 2)  (63.2507 , 7)  (56.0753 , 3)  (52.9279 , 8)  (52.6046 , 6)  (50.8817 , 4)  (49.1574 , 5)  (46.7828 , 9)  (41.7238 , 1)  
(105.597 , 1)  (55.1022 , 7)  (51.901 , 3)  (50.4016 , 4)  (50.1524 , 6)  (47.9939 , 5)  (47.8294 , 9)  (46.4597 , 8)  (46.0847 , 2)  
(93.9025 , 7)  (64.7699 , 2)  (61.3703 , 4)  (56.2689 , 3)  (55.4735 , 6)  (54.2429 , 9)  (47.7782 , 8)  (46.4668 , 5)  (41.561 , 1)  
