 -------------------557------------
(103.32 , 4)  (60.925 , 6)  (56.5308 , 1)  (53.8595 , 7)  (51.7115 , 2)  (50.093 , 5)  (48.615 , 9)  (39.8795 , 8)  (39.3597 , 3)  
(99.7663 , 7)  (76.3498 , 9)  (62.9493 , 2)  (60.1278 , 6)  (58.2732 , 1)  (48.3642 , 4)  (45.7566 , 5)  (36.6165 , 3)  (30.7688 , 8)  
(89.6528 , 2)  (75.5916 , 1)  (57.1386 , 5)  (53.544 , 7)  (50.4704 , 9)  (48.6283 , 6)  (45.8206 , 4)  (45.2368 , 3)  (42.12 , 8)  
(103.288 , 1)  (53.9362 , 6)  (53.0477 , 2)  (52.4752 , 4)  (50.4723 , 3)  (50.1758 , 8)  (50.1043 , 7)  (49.4604 , 9)  (49.3573 , 5)  
(104.932 , 3)  (59.414 , 2)  (55.797 , 7)  (53.2529 , 6)  (51.9512 , 1)  (51.8883 , 9)  (49.5914 , 4)  (43.7017 , 5)  (33.9592 , 8)  
(99.2311 , 6)  (60.9171 , 4)  (60.4426 , 1)  (57.6426 , 3)  (50.2752 , 2)  (46.9838 , 5)  (45.3102 , 7)  (45.3098 , 9)  (38.1868 , 8)  
(93.1936 , 8)  (69.9924 , 4)  (59.4182 , 7)  (56.2909 , 9)  (51.0911 , 1)  (50.3514 , 3)  (44.3325 , 5)  (44.1262 , 6)  (43.4854 , 2)  
(75.5768 , 9)  (68.8246 , 8)  (63.4126 , 7)  (58.5002 , 1)  (54.1279 , 6)  (51.817 , 4)  (46.0978 , 3)  (44.9585 , 2)  (40.2803 , 5)  
(89.0115 , 5)  (68.5798 , 3)  (62.812 , 9)  (55.5752 , 1)  (51.7659 , 8)  (49.5079 , 4)  (47.843 , 2)  (47.61 , 6)  (47.1789 , 7)  
