 -------------------673------------
(91.7534 , 3)  (79.6786 , 2)  (59.7657 , 1)  (54.9557 , 9)  (53.7337 , 5)  (49.7404 , 7)  (47.2768 , 6)  (40.8129 , 8)  (38.4981 , 4)  
(99.6838 , 5)  (60.3541 , 9)  (55.706 , 6)  (52.4706 , 1)  (51.9599 , 7)  (51.6909 , 8)  (50.3395 , 2)  (49.254 , 3)  (48.6786 , 4)  
(100.201 , 1)  (72.5934 , 7)  (56.0811 , 4)  (53.3678 , 6)  (46.9947 , 9)  (46.7171 , 2)  (46.6503 , 5)  (46.1062 , 3)  (39.0917 , 8)  
(108.302 , 7)  (55.7218 , 9)  (52.0325 , 1)  (51.1959 , 6)  (50.1264 , 5)  (48.4964 , 2)  (46.1748 , 8)  (43.48 , 4)  (42.0924 , 3)  
(76.7459 , 9)  (68.6256 , 7)  (67.4434 , 6)  (54.7207 , 1)  (53.7681 , 3)  (51.9349 , 4)  (46.9359 , 5)  (43.0878 , 8)  (41.4513 , 2)  
(102.089 , 6)  (57.2356 , 5)  (53.0599 , 7)  (52.9352 , 3)  (50.175 , 4)  (49.8472 , 8)  (47.6898 , 1)  (44.1944 , 9)  (39.904 , 2)  
(83.6801 , 2)  (74.1397 , 7)  (59.9748 , 9)  (57.0887 , 3)  (56.7743 , 5)  (51.6497 , 6)  (46.6415 , 1)  (44.8764 , 4)  (42.0051 , 8)  
(105.459 , 4)  (54.5928 , 1)  (52.3695 , 6)  (51.8746 , 8)  (51.7864 , 2)  (51.2839 , 7)  (48.8102 , 3)  (46.2713 , 9)  (43.7363 , 5)  
(98.9587 , 8)  (70.4729 , 9)  (60.583 , 6)  (52.1076 , 2)  (50.8175 , 1)  (50.46 , 3)  (47.8209 , 7)  (45.341 , 5)  (43.4003 , 4)  
