 -------------------818------------
(100.574 , 8)  (58.5328 , 1)  (58.2979 , 6)  (57.1741 , 7)  (52.0756 , 9)  (48.698 , 3)  (47.1542 , 2)  (41.1695 , 4)  (37.762 , 5)  
(102.212 , 1)  (63.2993 , 7)  (55.045 , 2)  (53.1319 , 6)  (52.3881 , 5)  (49.4062 , 9)  (46.4166 , 3)  (43.1855 , 4)  (42.6305 , 8)  
(94.4578 , 9)  (71.6689 , 7)  (65.8104 , 6)  (53.369 , 1)  (52.7158 , 3)  (46.6731 , 8)  (45.4434 , 2)  (41.9847 , 5)  (39.8827 , 4)  
(100.217 , 4)  (61.2754 , 7)  (53.445 , 3)  (53.3753 , 1)  (52.7835 , 9)  (52.767 , 6)  (52.3198 , 2)  (48.7419 , 5)  (35.8274 , 8)  
(89.506 , 3)  (67.0085 , 9)  (63.952 , 7)  (62.2666 , 1)  (56.5967 , 6)  (52.2386 , 2)  (45.5597 , 4)  (44.6725 , 5)  (36.0752 , 8)  
(80.7737 , 7)  (79.5329 , 1)  (60.7453 , 9)  (57.5518 , 5)  (55.0769 , 2)  (53.6928 , 4)  (52.2705 , 6)  (46.6559 , 3)  (38.7032 , 8)  
(80.3689 , 2)  (72.762 , 8)  (62.0451 , 3)  (61.3826 , 1)  (50.4483 , 6)  (46.6759 , 9)  (46.4735 , 5)  (45.8925 , 7)  (41.5452 , 4)  
(96.539 , 5)  (77.4715 , 3)  (60.0333 , 7)  (56.0842 , 6)  (54.4706 , 2)  (52.713 , 4)  (45.5433 , 9)  (41.8074 , 1)  (33.4337 , 8)  
(98.6901 , 6)  (72.1565 , 5)  (59.5027 , 8)  (53.8998 , 4)  (50.7221 , 3)  (50.3463 , 7)  (48.0604 , 1)  (45.9684 , 2)  (38.8565 , 9)  
