 -------------------485------------
(101.744 , 6)  (58.3598 , 7)  (55.4502 , 4)  (54.9001 , 3)  (54.05 , 2)  (50.261 , 1)  (49.7697 , 8)  (48.4802 , 9)  (41.8431 , 5)  
(95.6114 , 9)  (56.0452 , 1)  (52.9417 , 8)  (52.7654 , 6)  (51.8845 , 4)  (50.6716 , 7)  (50.4394 , 2)  (46.9912 , 3)  (46.5379 , 5)  
(107.651 , 4)  (60.2193 , 7)  (53.0417 , 8)  (49.0628 , 6)  (48.7124 , 3)  (44.9189 , 9)  (44.5435 , 2)  (43.7664 , 5)  (43.6653 , 1)  
(103.18 , 7)  (65.6009 , 6)  (56.1776 , 1)  (53.8131 , 4)  (52.8096 , 3)  (49.3884 , 5)  (43.5178 , 9)  (43.3416 , 8)  (39.9232 , 2)  
(99.7722 , 1)  (56.7379 , 6)  (56.6838 , 2)  (48.6556 , 3)  (47.8884 , 8)  (47.417 , 5)  (46.97 , 9)  (46.25 , 7)  (41.7354 , 4)  
(107.902 , 5)  (57.201 , 2)  (54.6687 , 8)  (54.3761 , 4)  (50.1531 , 7)  (49.3227 , 9)  (45.5142 , 1)  (38.4029 , 3)  (38.0039 , 6)  
(91.1049 , 8)  (64.0501 , 6)  (62.4476 , 1)  (57.9796 , 7)  (56.8844 , 2)  (51.7361 , 9)  (51.7208 , 5)  (39.9968 , 3)  (32.5622 , 4)  
(96.2694 , 3)  (63.2458 , 7)  (57.7144 , 1)  (55.6426 , 5)  (53.8163 , 9)  (52.9789 , 6)  (52.245 , 2)  (38.7253 , 8)  (34.7426 , 4)  
(100.127 , 2)  (58.0447 , 8)  (56.3193 , 1)  (54.4935 , 6)  (54.0202 , 3)  (51.8149 , 9)  (49.737 , 5)  (49.6048 , 7)  (41.4959 , 4)  
