 -------------------729------------
(96.8146 , 2)  (74.8024 , 4)  (59.8837 , 7)  (56.6416 , 9)  (53.2053 , 3)  (51.1513 , 5)  (45.4274 , 8)  (44.5374 , 6)  (42.3088 , 1)  
(95.7328 , 7)  (63.9123 , 1)  (62.7618 , 3)  (62.6834 , 2)  (49.9019 , 6)  (49.7909 , 4)  (49.1509 , 9)  (48.4886 , 8)  (40.4304 , 5)  
(81.5211 , 3)  (67.459 , 7)  (64.7839 , 9)  (54.7683 , 1)  (54.4851 , 4)  (51.8735 , 6)  (45.4575 , 5)  (43.5848 , 8)  (42.9683 , 2)  
(93.9395 , 4)  (62.8556 , 1)  (62.0603 , 6)  (59.7535 , 7)  (59.43 , 9)  (53.6698 , 2)  (46.6695 , 8)  (45.9029 , 5)  (42.9785 , 3)  
(95.665 , 8)  (65.0123 , 2)  (58.8491 , 9)  (57.8774 , 6)  (53.2649 , 5)  (51.1987 , 7)  (50.4215 , 1)  (46.082 , 4)  (38.8497 , 3)  
(98.3186 , 9)  (56.3653 , 6)  (53.9375 , 7)  (53.7827 , 8)  (51.4459 , 2)  (50.5683 , 3)  (49.778 , 4)  (46.3081 , 1)  (40.1853 , 5)  
(102.75 , 1)  (60.9102 , 2)  (60.5216 , 6)  (59.3939 , 7)  (55.5157 , 5)  (45.5344 , 9)  (42.0932 , 3)  (40.7067 , 4)  (36.832 , 8)  
(101.626 , 6)  (55.3616 , 4)  (52.6827 , 2)  (51.6716 , 8)  (50.372 , 9)  (50.0768 , 1)  (49.798 , 7)  (48.599 , 5)  (45.4355 , 3)  
(92.9412 , 5)  (64.4022 , 6)  (61.971 , 9)  (59.6546 , 2)  (58.2246 , 8)  (54.9009 , 3)  (48.6262 , 7)  (45.5255 , 1)  (42.8879 , 4)  
