 -------------------656------------
(91.7146 , 7)  (71.4072 , 9)  (59.3512 , 6)  (58.0761 , 1)  (54.721 , 2)  (53.3537 , 3)  (49.0907 , 5)  (42.7577 , 8)  (38.4794 , 4)  
(102.859 , 8)  (72.3202 , 9)  (61.0846 , 7)  (55.6142 , 6)  (52.6872 , 1)  (47.678 , 2)  (46.521 , 4)  (39.5307 , 3)  (31.4818 , 5)  
(105.679 , 6)  (55.3433 , 3)  (53.0331 , 7)  (52.3723 , 8)  (47.7338 , 1)  (45.1008 , 4)  (42.7496 , 5)  (42.1396 , 9)  (36.2357 , 2)  
(93.2007 , 5)  (68.9126 , 3)  (60.3027 , 9)  (55.1738 , 1)  (53.9468 , 6)  (50.5975 , 8)  (46.6818 , 2)  (38.4937 , 7)  (37.1511 , 4)  
(77.819 , 4)  (72.0368 , 7)  (62.9152 , 6)  (60.1541 , 9)  (50.9237 , 1)  (50.6042 , 2)  (46.8653 , 5)  (46.6672 , 3)  (35.792 , 8)  
(102.088 , 2)  (65.6032 , 8)  (62.7534 , 6)  (58.6362 , 7)  (51.3537 , 9)  (50.2685 , 3)  (45.7499 , 4)  (39.8367 , 5)  (38.6052 , 1)  
(92.0048 , 3)  (58.5412 , 5)  (55.1538 , 7)  (54.4084 , 8)  (51.122 , 4)  (50.1862 , 2)  (49.8905 , 6)  (49.801 , 9)  (42.7423 , 1)  
(87.0152 , 9)  (64.8069 , 4)  (60.5543 , 7)  (56.5645 , 3)  (50.3017 , 6)  (49.4299 , 5)  (47.7934 , 2)  (42.4776 , 8)  (41.3316 , 1)  
(103.845 , 1)  (55.94 , 7)  (52.561 , 8)  (50.5335 , 3)  (50.0045 , 2)  (48.4146 , 4)  (48.1253 , 5)  (46.1158 , 6)  (42.8648 , 9)  
