 -------------------303------------
(97.8329 , 9)  (61.9374 , 4)  (59.0538 , 2)  (51.8872 , 6)  (49.1561 , 1)  (47.3523 , 8)  (46.4069 , 5)  (42.3087 , 7)  (42.1161 , 3)  
(98.6149 , 8)  (61.2592 , 7)  (59.9686 , 9)  (54.6821 , 2)  (54.1164 , 1)  (51.521 , 6)  (47.4304 , 4)  (44.0452 , 5)  (43.7017 , 3)  
(104.472 , 7)  (57.506 , 9)  (51.5223 , 2)  (51.0362 , 1)  (50.2444 , 8)  (50.2339 , 3)  (48.6952 , 6)  (44.8286 , 4)  (39.5721 , 5)  
(97.002 , 1)  (64.1487 , 7)  (61.0745 , 6)  (50.5376 , 5)  (49.0259 , 4)  (48.7829 , 3)  (47.4253 , 2)  (46.0249 , 8)  (43.3385 , 9)  
(103.766 , 2)  (59.0859 , 9)  (55.1482 , 7)  (51.9698 , 1)  (50.9216 , 5)  (48.8262 , 8)  (47.7482 , 3)  (46.9519 , 6)  (43.4704 , 4)  
(78.7322 , 6)  (77.2682 , 1)  (63.9988 , 8)  (57.8448 , 2)  (53.5514 , 7)  (51.5043 , 3)  (50.1334 , 4)  (47.2232 , 5)  (47.1672 , 9)  
(103.107 , 3)  (51.7732 , 7)  (51.4306 , 4)  (50.9269 , 6)  (50.2706 , 2)  (48.6979 , 1)  (47.0706 , 5)  (45.3015 , 8)  (44.2311 , 9)  
(90.695 , 4)  (71.6719 , 6)  (58.4053 , 7)  (57.4618 , 8)  (54.3741 , 1)  (52.1535 , 9)  (45.8722 , 5)  (44.844 , 3)  (43.6857 , 2)  
(87.5181 , 5)  (69.5534 , 3)  (68.1691 , 9)  (54.9767 , 8)  (50.0638 , 2)  (47.0582 , 6)  (46.8591 , 1)  (40.693 , 4)  (35.5655 , 7)  
