 -------------------552------------
(103.696 , 4)  (59.1041 , 6)  (56.8449 , 1)  (54.3756 , 7)  (50.7218 , 9)  (50.3012 , 2)  (50.2751 , 5)  (41.1982 , 3)  (37.5648 , 8)  
(99.5992 , 7)  (76.368 , 9)  (62.4865 , 2)  (59.5753 , 6)  (59.3934 , 1)  (48.2065 , 4)  (45.1942 , 5)  (37.684 , 3)  (31.7394 , 8)  
(89.786 , 2)  (75.0047 , 1)  (56.3647 , 5)  (55.0256 , 7)  (49.1827 , 9)  (47.5618 , 6)  (46.799 , 4)  (45.7984 , 3)  (42.9529 , 8)  
(103.39 , 1)  (53.5199 , 6)  (53.1705 , 4)  (52.1744 , 2)  (51.6754 , 3)  (50.5241 , 7)  (50.3489 , 8)  (49.0793 , 5)  (49.0068 , 9)  
(105.15 , 3)  (59.4033 , 2)  (56.181 , 7)  (53.0065 , 1)  (51.6236 , 6)  (50.5283 , 9)  (50.2466 , 4)  (44.025 , 5)  (34.247 , 8)  
(100.332 , 6)  (61.1319 , 4)  (60.2271 , 1)  (58.3719 , 3)  (48.5489 , 2)  (46.4161 , 5)  (46.2273 , 9)  (46.2118 , 7)  (38.28 , 8)  
(92.0837 , 8)  (69.4506 , 4)  (59.8784 , 9)  (57.6415 , 7)  (53.0826 , 3)  (51.7317 , 1)  (44.526 , 6)  (43.8281 , 5)  (40.9666 , 2)  
(75.6417 , 9)  (67.8518 , 8)  (64.2545 , 7)  (58.7663 , 1)  (53.7722 , 6)  (51.8271 , 4)  (46.6062 , 3)  (45.0623 , 2)  (41.0899 , 5)  
(91.3124 , 5)  (65.1551 , 3)  (60.497 , 9)  (54.1506 , 6)  (54.1357 , 1)  (54.0053 , 8)  (50.1928 , 7)  (48.6359 , 4)  (44.1352 , 2)  
