 -------------------534------------
(106.671 , 6)  (53.2913 , 2)  (52.7763 , 1)  (51.355 , 4)  (49.7795 , 8)  (49.3276 , 9)  (48.2078 , 3)  (46.8415 , 7)  (43.1733 , 5)  
(102.631 , 7)  (59.7752 , 3)  (54.8303 , 6)  (53.9443 , 4)  (52.4677 , 8)  (51.7346 , 2)  (48.4616 , 1)  (41.2196 , 5)  (40.5702 , 9)  
(103.662 , 3)  (55.2875 , 9)  (53.1124 , 6)  (52.8554 , 7)  (50.154 , 4)  (48.196 , 1)  (47.6031 , 2)  (46.0615 , 8)  (44.622 , 5)  
(86.5295 , 2)  (65.786 , 6)  (65.1577 , 1)  (59.0724 , 7)  (53.1463 , 3)  (52.2837 , 8)  (46.5367 , 9)  (45.827 , 5)  (39.916 , 4)  
(100.397 , 4)  (69.1121 , 2)  (67.196 , 7)  (55.8047 , 1)  (53.8912 , 5)  (51.7049 , 6)  (50.8164 , 8)  (38.8569 , 3)  (32.3573 , 9)  
(89.0616 , 5)  (65.1593 , 3)  (63.4613 , 1)  (61.1622 , 8)  (49.8257 , 9)  (47.9645 , 7)  (45.6447 , 6)  (45.4865 , 2)  (44.8579 , 4)  
(102.894 , 1)  (69.4708 , 7)  (55.9344 , 6)  (53.9041 , 5)  (50.6265 , 9)  (49.8598 , 2)  (45.1229 , 8)  (38.127 , 3)  (36.8721 , 4)  
(96.647 , 8)  (72.887 , 2)  (61.2599 , 4)  (53.1774 , 7)  (51.1374 , 6)  (46.3418 , 9)  (46.2693 , 1)  (40.5256 , 3)  (38.3984 , 5)  
(96.8234 , 9)  (59.4252 , 4)  (56.0968 , 3)  (52.8916 , 2)  (51.0192 , 6)  (50.0374 , 7)  (49.8347 , 5)  (46.4371 , 1)  (38.6772 , 8)  
