 -------------------890------------
(93.3255 , 6)  (62.7816 , 8)  (61.9631 , 1)  (61.8854 , 2)  (58.1996 , 4)  (53.4424 , 7)  (46.9077 , 5)  (44.2646 , 3)  (41.9363 , 9)  
(93.6567 , 7)  (74.7504 , 2)  (53.1888 , 6)  (52.2728 , 1)  (50.4194 , 8)  (50.0523 , 4)  (49.4514 , 3)  (45.2696 , 5)  (41.0024 , 9)  
(85.8664 , 4)  (82.2116 , 6)  (62.0862 , 9)  (59.445 , 7)  (55.6717 , 1)  (51.0134 , 5)  (49.2737 , 2)  (45.6706 , 8)  (38.9876 , 3)  
(98.9912 , 2)  (57.5472 , 6)  (55.4072 , 9)  (55.3805 , 3)  (54.34 , 1)  (46.8377 , 8)  (45.7481 , 7)  (41.1602 , 4)  (40.6151 , 5)  
(100.912 , 9)  (62.3438 , 7)  (57.043 , 6)  (54.8847 , 1)  (53.6862 , 2)  (50.849 , 3)  (45.2652 , 8)  (38.8983 , 5)  (37.1772 , 4)  
(102.665 , 8)  (57.5117 , 1)  (56.3256 , 3)  (54.2936 , 9)  (53.4705 , 2)  (50.4377 , 4)  (49.1541 , 7)  (47.9185 , 6)  (35.7129 , 5)  
(104.928 , 3)  (55.4896 , 5)  (54.7956 , 6)  (54.5649 , 9)  (52.6674 , 1)  (48.7544 , 7)  (45.3065 , 2)  (43.0164 , 8)  (42.2833 , 4)  
(94.2396 , 5)  (65.2702 , 4)  (60.3838 , 3)  (56.0474 , 6)  (53.2057 , 8)  (48.2572 , 2)  (46.2621 , 1)  (45.8882 , 7)  (38.6544 , 9)  
(104.871 , 1)  (55.3647 , 4)  (54.1127 , 6)  (51.4519 , 2)  (50.2828 , 3)  (49.8432 , 5)  (48.9997 , 7)  (48.6468 , 8)  (43.5998 , 9)  
