 -------------------595------------
(91.4177 , 6)  (62.5955 , 2)  (57.876 , 9)  (54.9517 , 5)  (53.5187 , 8)  (50.9735 , 4)  (47.1559 , 7)  (45.3205 , 1)  (35.079 , 3)  
(88.6112 , 5)  (84.2837 , 8)  (76.811 , 6)  (54.1636 , 3)  (45.7101 , 9)  (43.6618 , 7)  (42.7819 , 2)  (40.6035 , 1)  (36.8609 , 4)  
(77.221 , 9)  (69.2236 , 7)  (60.8005 , 6)  (58.8578 , 1)  (54.5049 , 8)  (47.8193 , 3)  (47.7898 , 4)  (45.4021 , 2)  (45.2247 , 5)  
(99.1054 , 8)  (62.159 , 6)  (59.4065 , 9)  (52.3408 , 1)  (50.6566 , 7)  (48.7582 , 2)  (47.6133 , 3)  (44.6038 , 4)  (40.9771 , 5)  
(77.2241 , 2)  (70.7095 , 1)  (65.0951 , 8)  (59.9648 , 3)  (55.006 , 6)  (51.8963 , 9)  (51.8569 , 7)  (44.7567 , 5)  (38.0344 , 4)  
(94.8325 , 1)  (66.6403 , 6)  (57.9758 , 2)  (56.1167 , 4)  (55.5609 , 5)  (47.1517 , 8)  (45.6973 , 7)  (41.5603 , 3)  (35.4379 , 9)  
(76.3073 , 7)  (63.1727 , 4)  (61.8668 , 9)  (56.8339 , 2)  (53.1503 , 5)  (51.0893 , 1)  (48.2432 , 8)  (46.7154 , 6)  (46.404 , 3)  
(105.107 , 4)  (59.1388 , 7)  (56.5847 , 2)  (53.322 , 1)  (51.6308 , 6)  (49.6765 , 3)  (49.3128 , 8)  (45.8018 , 5)  (42.4325 , 9)  
(92.2379 , 3)  (61.8909 , 5)  (60.1557 , 7)  (54.8274 , 4)  (51.9565 , 8)  (50.4827 , 2)  (46.2269 , 6)  (46.1775 , 9)  (42.9317 , 1)  
