 -------------------159------------
(96.463 , 9)  (59.1292 , 7)  (57.2468 , 6)  (55.0909 , 4)  (52.9065 , 1)  (51.0552 , 2)  (50.5393 , 8)  (49.7014 , 3)  (35.9769 , 5)  
(105.129 , 7)  (56.4698 , 3)  (52.7299 , 6)  (51.9863 , 1)  (51.0657 , 4)  (50.7408 , 5)  (49.8429 , 8)  (44.4718 , 2)  (42.7371 , 9)  
(104.916 , 2)  (59.3782 , 9)  (53.8437 , 8)  (52.9618 , 1)  (52.5755 , 5)  (51.1544 , 4)  (50.7747 , 3)  (49.1948 , 6)  (37.8047 , 7)  
(94.2616 , 8)  (76.6284 , 5)  (54.4776 , 6)  (52.2088 , 9)  (51.7381 , 4)  (51.6931 , 3)  (49.7757 , 2)  (49.7678 , 1)  (41.7453 , 7)  
(96.6771 , 3)  (67.0326 , 2)  (59.4543 , 9)  (59.4363 , 7)  (51.0242 , 6)  (50.4908 , 4)  (49.7683 , 1)  (46.5007 , 5)  (40.1841 , 8)  
(90.7417 , 6)  (65.6806 , 5)  (64.5383 , 8)  (53.4074 , 3)  (52.2748 , 7)  (51.7511 , 1)  (49.0302 , 2)  (44.919 , 9)  (42.0895 , 4)  
(101.309 , 1)  (64.9272 , 7)  (52.5457 , 4)  (50.4038 , 6)  (49.5596 , 9)  (48.6422 , 2)  (47.2817 , 3)  (46.8515 , 5)  (44.5859 , 8)  
(99.8362 , 4)  (68.9942 , 2)  (57.6225 , 6)  (56.0468 , 1)  (55.0297 , 8)  (51.6332 , 7)  (49.1825 , 5)  (41.3587 , 3)  (38.0094 , 9)  
(88.8907 , 5)  (57.9233 , 6)  (56.3799 , 9)  (55.978 , 3)  (55.7076 , 7)  (54.7091 , 1)  (46.1391 , 2)  (43.1311 , 8)  (39.7431 , 4)  
