 -------------------910------------
(84.4097 , 3)  (73.9478 , 7)  (59.7658 , 2)  (58.986 , 4)  (53.7205 , 5)  (48.6681 , 9)  (48.5413 , 6)  (48.3146 , 8)  (42.876 , 1)  
(87.8755 , 9)  (63.9203 , 6)  (60.3433 , 7)  (53.608 , 1)  (52.6788 , 4)  (51.9612 , 3)  (48.7813 , 8)  (48.5913 , 2)  (44.5713 , 5)  
(99.9408 , 4)  (73.5412 , 6)  (56.6667 , 7)  (53.8583 , 2)  (49.8707 , 9)  (48.8514 , 1)  (46.7332 , 5)  (45.7628 , 8)  (44.6589 , 3)  
(92.8235 , 6)  (60.5281 , 2)  (58.5818 , 8)  (58.2556 , 5)  (54.8449 , 4)  (52.688 , 1)  (49.8128 , 9)  (47.4581 , 7)  (41.593 , 3)  
(95.6029 , 5)  (65.4962 , 6)  (61.7615 , 3)  (59.5857 , 1)  (59.2694 , 8)  (54.5441 , 4)  (43.6629 , 7)  (40.4481 , 2)  (31.055 , 9)  
(94.6833 , 8)  (62.611 , 2)  (61.4004 , 9)  (56.9019 , 4)  (51.215 , 1)  (50.9822 , 7)  (49.6468 , 3)  (48.9944 , 6)  (38.1952 , 5)  
(102.496 , 2)  (63.7966 , 7)  (56.9588 , 3)  (53.1614 , 8)  (52.8455 , 6)  (50.0713 , 4)  (48.1986 , 5)  (46.684 , 9)  (42.0868 , 1)  
(105.551 , 1)  (55.042 , 7)  (51.5406 , 3)  (51.0575 , 4)  (49.9389 , 6)  (48.1007 , 9)  (48.0664 , 5)  (46.0303 , 2)  (45.8383 , 8)  
(93.8847 , 7)  (64.8328 , 2)  (62.2327 , 4)  (55.3971 , 3)  (54.5488 , 6)  (53.5979 , 9)  (47.7201 , 8)  (47.7024 , 5)  (41.0737 , 1)  
