 -------------------714------------
(82.3231 , 5)  (76.4234 , 6)  (65.5232 , 3)  (64.1992 , 8)  (59.592 , 1)  (51.9674 , 4)  (43.8587 , 7)  (38.837 , 2)  (38.8151 , 9)  
(99.3568 , 4)  (58.048 , 7)  (57.8271 , 2)  (53.6483 , 3)  (53.6205 , 5)  (50.6451 , 6)  (50.5817 , 1)  (49.6741 , 9)  (39.2661 , 8)  
(87.0327 , 3)  (68.8543 , 2)  (60.3948 , 7)  (55.0158 , 1)  (54.2051 , 4)  (54.1913 , 5)  (50.387 , 6)  (46.8365 , 9)  (46.1097 , 8)  
(99.3589 , 1)  (59.7124 , 5)  (58.9818 , 6)  (58.771 , 7)  (53.8637 , 9)  (48.303 , 2)  (45.3969 , 4)  (45.0595 , 8)  (43.7081 , 3)  
(96.0054 , 8)  (67.9552 , 1)  (67.6835 , 2)  (56.378 , 7)  (55.8644 , 9)  (52.0241 , 6)  (41.4245 , 4)  (39.458 , 3)  (35.6948 , 5)  
(95.2268 , 7)  (57.0753 , 6)  (55.003 , 9)  (53.9666 , 3)  (50.7498 , 8)  (48.1099 , 4)  (47.2021 , 5)  (45.1851 , 2)  (41.7932 , 1)  
(72.581 , 5)  (69.335 , 8)  (61.486 , 9)  (58.8739 , 2)  (55.3643 , 6)  (55.0656 , 1)  (54.1447 , 3)  (48.0461 , 7)  (34.3243 , 4)  
(98.324 , 6)  (60.1113 , 4)  (55.7469 , 3)  (53.4349 , 5)  (48.4032 , 1)  (45.6323 , 8)  (44.7346 , 7)  (42.104 , 9)  (41.3151 , 2)  
(107.634 , 2)  (59.0847 , 9)  (54.1314 , 4)  (51.7318 , 5)  (51.6215 , 7)  (50.3057 , 3)  (46.5656 , 6)  (45.0769 , 1)  (44.3462 , 8)  
