 -------------------434------------
(98.6802 , 5)  (62.1528 , 8)  (58.0219 , 3)  (54.1675 , 7)  (52.5894 , 1)  (49.8878 , 4)  (47.3817 , 2)  (46.6176 , 9)  (46.5605 , 6)  
(91.9996 , 2)  (76.43 , 7)  (54.4618 , 1)  (54.0406 , 6)  (51.892 , 9)  (48.1157 , 8)  (47.1861 , 4)  (46.4951 , 5)  (39.7083 , 3)  
(105.18 , 7)  (57.3519 , 6)  (54.0114 , 9)  (50.52 , 5)  (48.4232 , 1)  (46.9958 , 3)  (46.7244 , 8)  (45.554 , 4)  (43.7325 , 2)  
(85.389 , 3)  (76.2088 , 7)  (60.7534 , 5)  (56.0973 , 1)  (55.6654 , 6)  (50.9892 , 2)  (47.4758 , 4)  (35.1068 , 9)  (33.1869 , 8)  
(102.663 , 1)  (57.226 , 6)  (54.4802 , 5)  (51.7688 , 7)  (51.647 , 3)  (50.8355 , 2)  (50.3418 , 4)  (44.5888 , 8)  (42.6676 , 9)  
(107.052 , 8)  (62.3225 , 6)  (54.7065 , 3)  (52.0953 , 1)  (50.8142 , 7)  (47.8971 , 4)  (45.9983 , 9)  (40.9695 , 2)  (36.4653 , 5)  
(96.2746 , 6)  (58.1861 , 8)  (56.5588 , 2)  (55.6451 , 5)  (52.9754 , 4)  (51.5983 , 1)  (50.5838 , 9)  (45.2052 , 7)  (43.3304 , 3)  
(97.5134 , 9)  (57.0335 , 8)  (56.9921 , 7)  (56.6451 , 6)  (53.1927 , 1)  (50.0371 , 2)  (48.7439 , 4)  (47.3921 , 3)  (44.27 , 5)  
(107.62 , 4)  (59.9774 , 2)  (54.6283 , 8)  (50.8444 , 5)  (50.0658 , 7)  (48.1195 , 1)  (43.8689 , 9)  (41.5958 , 6)  (37.4788 , 3)  
