 -------------------42------------
(97.6188 , 6)  (69.4431 , 8)  (56.5412 , 3)  (55.9307 , 5)  (55.4931 , 2)  (54.4427 , 7)  (48.4927 , 4)  (47.7372 , 1)  (33.3464 , 9)  
(99.1026 , 8)  (60.0503 , 9)  (57.0772 , 6)  (54.506 , 2)  (53.9177 , 1)  (52.3357 , 3)  (50.6861 , 7)  (48.055 , 4)  (38.2175 , 5)  
(87.712 , 9)  (63.51 , 6)  (60.7128 , 2)  (56.8301 , 8)  (51.4456 , 7)  (50.4091 , 5)  (47.9257 , 1)  (47.5774 , 4)  (38.8791 , 3)  
(94.5616 , 3)  (71.0909 , 7)  (55.0139 , 8)  (54.2854 , 2)  (50.7164 , 9)  (50.3958 , 6)  (50.3436 , 1)  (46.9905 , 5)  (44.0136 , 4)  
(106.492 , 7)  (52.2863 , 2)  (52.2672 , 8)  (51.9507 , 5)  (51.6783 , 6)  (49.5498 , 1)  (47.8891 , 4)  (45.2675 , 9)  (43.4224 , 3)  
(106.03 , 1)  (56.3628 , 7)  (51.3329 , 3)  (48.2238 , 6)  (47.5108 , 8)  (47.3072 , 9)  (46.3401 , 4)  (46.1698 , 5)  (41.6574 , 2)  
(103.378 , 5)  (65.6753 , 3)  (57.8859 , 1)  (57.3943 , 6)  (50.1455 , 7)  (44.048 , 2)  (43.6558 , 4)  (42.7512 , 9)  (40.9605 , 8)  
(106.002 , 2)  (54.8783 , 7)  (53.747 , 9)  (50.5865 , 6)  (50.4876 , 8)  (48.3444 , 3)  (48.0872 , 1)  (47.2012 , 4)  (47.0029 , 5)  
(99.9486 , 4)  (61.5385 , 9)  (59.2508 , 1)  (57.0041 , 7)  (53.0442 , 6)  (49.0781 , 5)  (45.4375 , 2)  (44.7011 , 8)  (44.5925 , 3)  
