 -------------------285------------
(101.185 , 5)  (74.2277 , 9)  (57.9616 , 4)  (49.1538 , 6)  (48.1016 , 1)  (46.6871 , 2)  (44.2192 , 7)  (42.5253 , 8)  (38.5507 , 3)  
(107.37 , 6)  (52.6446 , 3)  (51.2582 , 4)  (50.687 , 2)  (49.8541 , 8)  (48.6124 , 7)  (47.7935 , 9)  (46.184 , 5)  (44.1797 , 1)  
(100.747 , 2)  (56.4456 , 9)  (54.8669 , 3)  (52.6076 , 7)  (50.8 , 8)  (50.7192 , 1)  (47.8807 , 5)  (46.8154 , 4)  (45.9238 , 6)  
(95.8463 , 9)  (60.5396 , 4)  (60.1991 , 7)  (53.5012 , 1)  (51.8 , 6)  (50.996 , 8)  (44.4872 , 3)  (43.0867 , 2)  (35.1049 , 5)  
(101.271 , 3)  (62.3598 , 8)  (61.3415 , 7)  (56.6147 , 6)  (55.069 , 4)  (52.0083 , 2)  (44.1788 , 1)  (42.0926 , 9)  (38.4344 , 5)  
(94.432 , 8)  (68.5793 , 7)  (62.9432 , 9)  (59.5052 , 6)  (59.4925 , 3)  (49.7276 , 1)  (47.293 , 2)  (40.0271 , 5)  (39.9894 , 4)  
(105.706 , 4)  (59.6742 , 6)  (57.8524 , 2)  (50.6846 , 1)  (49.0888 , 3)  (47.8916 , 8)  (46.5152 , 9)  (45.3837 , 7)  (36.8611 , 5)  
(102.546 , 1)  (59.5817 , 6)  (56.9547 , 7)  (50.289 , 2)  (49.1185 , 8)  (48.5474 , 5)  (48.3524 , 4)  (46.6908 , 9)  (46.6544 , 3)  
(107.665 , 7)  (59.8699 , 5)  (59.7491 , 3)  (55.5502 , 6)  (51.23 , 8)  (49.7534 , 1)  (45.9408 , 4)  (34.2142 , 9)  (29.9568 , 2)  
