 -------------------807------------
(100.839 , 8)  (57.8832 , 1)  (57.6386 , 6)  (56.4546 , 7)  (52.2046 , 9)  (48.9585 , 3)  (47.2618 , 2)  (42.0821 , 4)  (37.6753 , 5)  
(102.175 , 1)  (63.3996 , 7)  (55.1013 , 2)  (53.0273 , 6)  (52.3973 , 5)  (49.2809 , 9)  (46.4395 , 3)  (43.4012 , 4)  (42.6538 , 8)  
(94.4478 , 9)  (71.2536 , 7)  (65.6752 , 6)  (53.3801 , 1)  (53.0003 , 3)  (46.9235 , 8)  (45.5631 , 2)  (41.8246 , 5)  (39.7258 , 4)  
(100.233 , 4)  (61.6638 , 7)  (53.439 , 9)  (53.3698 , 3)  (53.2047 , 1)  (52.7137 , 6)  (52.5201 , 2)  (48.0496 , 5)  (35.7302 , 8)  
(89.241 , 3)  (67.2077 , 9)  (63.4969 , 7)  (63.0436 , 1)  (56.6096 , 6)  (52.2078 , 2)  (45.8326 , 4)  (44.4801 , 5)  (36.1518 , 8)  
(80.234 , 7)  (78.4927 , 1)  (64.5572 , 9)  (55.5618 , 5)  (54.962 , 2)  (51.3609 , 4)  (51.0468 , 6)  (44.683 , 3)  (41.2683 , 8)  
(80.0435 , 2)  (72.3937 , 8)  (62.3154 , 1)  (61.9565 , 3)  (50.247 , 6)  (47.43 , 9)  (46.5525 , 5)  (45.6707 , 7)  (40.8687 , 4)  
(96.5744 , 5)  (77.8652 , 3)  (59.4491 , 7)  (55.5107 , 6)  (54.7476 , 2)  (52.0669 , 4)  (45.1956 , 9)  (42.8449 , 1)  (33.2657 , 8)  
(98.7235 , 6)  (72.1413 , 5)  (59.494 , 8)  (54.0803 , 4)  (50.7481 , 3)  (50.3372 , 7)  (48.0841 , 1)  (45.952 , 2)  (38.7444 , 9)  
