 -------------------454------------
(88.1208 , 8)  (63.6738 , 2)  (60.2939 , 9)  (54.1988 , 6)  (53.1868 , 7)  (49.0995 , 1)  (48.2161 , 4)  (47.5128 , 5)  (45.5786 , 3)  
(99.6873 , 7)  (63.2237 , 2)  (56.3481 , 6)  (55.9504 , 1)  (55.1156 , 3)  (49.0191 , 5)  (47.866 , 8)  (47.2269 , 4)  (45.8485 , 9)  
(106.96 , 4)  (61.0405 , 2)  (50.7542 , 8)  (50.6595 , 1)  (47.9543 , 7)  (47.8868 , 6)  (47.2405 , 5)  (46.7031 , 9)  (44.0474 , 3)  
(108.281 , 2)  (54.5464 , 5)  (53.9046 , 7)  (53.7186 , 6)  (50.3133 , 8)  (49.3934 , 1)  (48.1533 , 9)  (45.2781 , 4)  (40.8424 , 3)  
(105.009 , 1)  (57.0179 , 7)  (56.3959 , 6)  (55.9012 , 4)  (54.48 , 2)  (51.8443 , 5)  (46.5027 , 9)  (44.0898 , 3)  (37.6692 , 8)  
(99.0608 , 9)  (56.4763 , 3)  (54.1087 , 5)  (52.9131 , 7)  (51.9538 , 1)  (49.9963 , 4)  (49.9909 , 8)  (49.9878 , 6)  (45.3044 , 2)  
(95.5725 , 3)  (58.6775 , 1)  (57.5639 , 9)  (56.2468 , 8)  (56.1663 , 6)  (56.1654 , 7)  (55.971 , 2)  (51.3038 , 5)  (37.6153 , 4)  
(95.1643 , 5)  (61.2394 , 6)  (58.2627 , 7)  (52.2551 , 9)  (51.5915 , 1)  (51.2028 , 3)  (47.3616 , 8)  (44.6626 , 2)  (40.6094 , 4)  
(100.733 , 6)  (58.639 , 8)  (54.2985 , 9)  (54.1407 , 4)  (53.5839 , 3)  (50.679 , 2)  (49.609 , 7)  (48.7112 , 1)  (44.8794 , 5)  
