 -------------------47------------
(97.374 , 6)  (68.812 , 8)  (57.253 , 3)  (56.3888 , 5)  (54.6212 , 2)  (54.2339 , 7)  (48.4414 , 4)  (47.7726 , 1)  (33.5184 , 9)  
(98.9028 , 8)  (60.4456 , 9)  (56.5846 , 6)  (54.9678 , 2)  (54.0113 , 1)  (52.5841 , 3)  (50.89 , 7)  (47.9679 , 4)  (38.105 , 5)  
(87.4824 , 9)  (62.8431 , 6)  (59.0769 , 2)  (55.972 , 8)  (51.1477 , 7)  (51.0205 , 4)  (50.6408 , 5)  (48.0897 , 1)  (37.4465 , 3)  
(94.9775 , 3)  (71.779 , 7)  (57.5424 , 8)  (53.5091 , 2)  (51.1424 , 6)  (50.9032 , 9)  (47.9749 , 1)  (45.3928 , 4)  (44.9814 , 5)  
(106.492 , 7)  (52.2863 , 2)  (52.2672 , 8)  (51.9507 , 5)  (51.6783 , 6)  (49.5498 , 1)  (47.8891 , 4)  (45.2675 , 9)  (43.4224 , 3)  
(105.668 , 1)  (56.1005 , 7)  (52.6036 , 3)  (50.7186 , 6)  (48.1287 , 4)  (46.9326 , 9)  (46.4193 , 5)  (45.434 , 8)  (42.4855 , 2)  
(103.682 , 5)  (68.1723 , 3)  (59.6473 , 1)  (56.3719 , 6)  (48.2422 , 7)  (42.9559 , 8)  (42.8969 , 4)  (42.0167 , 9)  (41.9579 , 2)  
(106.206 , 2)  (57.9673 , 9)  (53.5449 , 1)  (51.2388 , 7)  (49.8712 , 5)  (48.8324 , 3)  (47.5745 , 6)  (46.4739 , 4)  (45.726 , 8)  
(99.7245 , 4)  (61.956 , 9)  (61.3873 , 1)  (54.8731 , 7)  (52.3154 , 6)  (49.127 , 5)  (47.2431 , 2)  (43.947 , 8)  (43.2853 , 3)  
