 -------------------187------------
(101.965 , 3)  (62.3125 , 5)  (61.5613 , 6)  (57.903 , 2)  (53.0331 , 7)  (52.7339 , 1)  (49.4131 , 9)  (48.1067 , 4)  (46.251 , 8)  
(102.755 , 8)  (57.6138 , 3)  (55.4473 , 9)  (52.5691 , 4)  (49.4603 , 1)  (47.261 , 6)  (46.5615 , 2)  (45.7909 , 5)  (42.6867 , 7)  
(89.8615 , 1)  (63.6732 , 2)  (56.9143 , 4)  (53.073 , 7)  (52.4066 , 9)  (52.3472 , 5)  (50.1096 , 6)  (48.5671 , 8)  (47.3909 , 3)  
(99.3003 , 4)  (74.3796 , 6)  (59.7847 , 7)  (57.2753 , 9)  (50.8186 , 1)  (47.0598 , 3)  (44.458 , 2)  (44.1358 , 8)  (42.1918 , 5)  
(108.115 , 7)  (59.4753 , 6)  (58.3197 , 9)  (53.8649 , 2)  (49.1737 , 1)  (44.2087 , 4)  (43.9418 , 5)  (42.375 , 8)  (38.9148 , 3)  
(99.2777 , 9)  (56.4443 , 2)  (55.1397 , 7)  (54.5012 , 4)  (51.42 , 3)  (50.3017 , 1)  (49.7206 , 5)  (45.9708 , 6)  (41.899 , 8)  
(103.09 , 6)  (57.0333 , 4)  (54.2431 , 1)  (52.4766 , 5)  (49.1814 , 7)  (48.261 , 9)  (47.8635 , 2)  (46.8148 , 3)  (43.1525 , 8)  
(107.977 , 2)  (60.9911 , 1)  (58.438 , 9)  (54.1237 , 6)  (49.9272 , 7)  (47.333 , 3)  (45.121 , 8)  (43.2212 , 5)  (34.3595 , 4)  
(98.4427 , 5)  (61.8153 , 9)  (61.1701 , 3)  (59.4 , 6)  (54.0281 , 1)  (50.8571 , 7)  (41.8075 , 2)  (38.4765 , 8)  (36.3637 , 4)  
