 -------------------472------------
(100.332 , 6)  (56.0367 , 2)  (53.8478 , 1)  (53.1744 , 4)  (53.0452 , 8)  (51.9887 , 7)  (51.0132 , 3)  (48.3086 , 5)  (47.3084 , 9)  
(93.9255 , 9)  (56.5615 , 8)  (54.2448 , 4)  (53.5647 , 6)  (52.8725 , 1)  (50.9483 , 7)  (49.3286 , 5)  (47.9817 , 3)  (45.3291 , 2)  
(107.782 , 4)  (55.9436 , 7)  (51.3335 , 2)  (47.4385 , 6)  (47.4057 , 8)  (47.393 , 3)  (45.7533 , 9)  (45.6276 , 1)  (44.6309 , 5)  
(101.646 , 7)  (63.6406 , 6)  (56.2489 , 4)  (55.2001 , 1)  (49.8944 , 3)  (48.5439 , 5)  (47.112 , 8)  (46.6115 , 9)  (44.14 , 2)  
(102.183 , 1)  (56.4901 , 2)  (54.9561 , 6)  (51.8707 , 3)  (47.6312 , 8)  (46.6183 , 7)  (46.2981 , 5)  (44.988 , 4)  (44.4129 , 9)  
(107.744 , 5)  (55.7894 , 8)  (54.3819 , 2)  (51.8466 , 7)  (51.3766 , 9)  (50.3273 , 4)  (45.1313 , 1)  (44.4436 , 6)  (37.194 , 3)  
(95.6319 , 8)  (62.8136 , 1)  (57.4834 , 6)  (55.7207 , 7)  (55.2562 , 2)  (48.938 , 9)  (47.8076 , 5)  (42.5245 , 3)  (37.6145 , 4)  
(93.8574 , 3)  (58.9315 , 7)  (57.6829 , 1)  (55.2306 , 9)  (54.648 , 5)  (53.3609 , 2)  (53.1894 , 6)  (39.7728 , 8)  (36.0249 , 4)  
(97.7591 , 2)  (61.4208 , 8)  (61.2001 , 3)  (52.9892 , 1)  (51.2813 , 5)  (49.6307 , 7)  (48.5566 , 9)  (46.913 , 6)  (44.3894 , 4)  
