 -------------------741------------
(96.1244 , 8)  (67.6633 , 7)  (64.3392 , 1)  (57.7016 , 6)  (54.0327 , 3)  (48.1793 , 4)  (47.2214 , 2)  (44.4266 , 9)  (37.4547 , 5)  
(90.2473 , 6)  (63.3775 , 1)  (63.2998 , 3)  (57.8375 , 4)  (49.3241 , 5)  (45.6516 , 7)  (44.188 , 8)  (43.4978 , 9)  (39.6772 , 2)  
(108.134 , 7)  (53.1557 , 5)  (51.7741 , 6)  (51.1633 , 2)  (50.194 , 1)  (48.6992 , 9)  (47.186 , 8)  (46.9882 , 4)  (46.759 , 3)  
(93.2549 , 3)  (66.5381 , 2)  (63.1536 , 9)  (56.4817 , 1)  (55.433 , 5)  (54.6908 , 7)  (50.6578 , 4)  (43.563 , 6)  (33.066 , 8)  
(88.7937 , 4)  (77.8072 , 6)  (58.5953 , 1)  (52.5972 , 2)  (52.5341 , 7)  (50.5105 , 5)  (48.2005 , 9)  (43.7447 , 8)  (38.6572 , 3)  
(95.3769 , 9)  (68.3922 , 7)  (60.5185 , 6)  (52.2514 , 2)  (50.3959 , 1)  (49.9772 , 3)  (47.8731 , 4)  (45.3866 , 8)  (43.9812 , 5)  
(80.4243 , 2)  (72.2696 , 1)  (65.9758 , 8)  (58.3811 , 3)  (51.0771 , 5)  (50.6103 , 6)  (49.6602 , 9)  (44.2327 , 7)  (39.3081 , 4)  
(100.834 , 1)  (66.7394 , 7)  (59.4486 , 4)  (50.0851 , 2)  (48.0814 , 3)  (46.4495 , 6)  (45.0433 , 5)  (42.7902 , 8)  (42.751 , 9)  
(103.097 , 5)  (67.8829 , 8)  (54.4784 , 4)  (54.036 , 6)  (49.8176 , 1)  (47.3685 , 7)  (46.54 , 2)  (45.3123 , 3)  (40.8272 , 9)  
