 -------------------671------------
(96.2535 , 1)  (59.3987 , 8)  (58.3566 , 3)  (56.8444 , 7)  (51.3425 , 9)  (51.0818 , 6)  (48.8725 , 2)  (44.0644 , 5)  (42.7773 , 4)  
(88.1383 , 8)  (58.2235 , 7)  (57.2404 , 5)  (53.9425 , 3)  (51.4695 , 6)  (50.6275 , 4)  (49.5564 , 2)  (49.5449 , 9)  (47.9949 , 1)  
(85.3263 , 5)  (68.055 , 8)  (62.4904 , 4)  (61.5217 , 3)  (56.0782 , 7)  (53.0491 , 1)  (47.1385 , 6)  (40.0392 , 9)  (36.4887 , 2)  
(104.621 , 2)  (61.4434 , 3)  (56.5833 , 1)  (55.5156 , 9)  (51.259 , 5)  (47.8144 , 8)  (46.0576 , 4)  (43.9174 , 6)  (35.3902 , 7)  
(99.5818 , 3)  (61.3195 , 1)  (55.6889 , 9)  (53.6256 , 7)  (52.3042 , 2)  (51.2312 , 6)  (46.3656 , 4)  (42.0075 , 8)  (41.3559 , 5)  
(97.0506 , 9)  (61.5816 , 6)  (56.4886 , 4)  (51.3713 , 3)  (48.7288 , 7)  (48.6471 , 8)  (47.6531 , 2)  (44.0353 , 5)  (42.2532 , 1)  
(95.1619 , 7)  (62.8015 , 9)  (55.0117 , 3)  (54.7016 , 1)  (53.4499 , 6)  (50.1705 , 2)  (48.6076 , 5)  (44.4859 , 4)  (37.6829 , 8)  
(100.188 , 4)  (62.7056 , 6)  (61.7822 , 1)  (60.8473 , 9)  (49.4322 , 7)  (49.079 , 2)  (49.0748 , 5)  (41.405 , 8)  (37.0048 , 3)  
(102.872 , 6)  (58.5369 , 3)  (56.2312 , 2)  (54.5964 , 4)  (53.1963 , 9)  (52.3937 , 1)  (45.0531 , 7)  (43.5993 , 5)  (42.6054 , 8)  
