 -------------------211------------
(103.507 , 3)  (61.1694 , 5)  (58.6276 , 4)  (53.5483 , 1)  (51.4746 , 2)  (47.781 , 6)  (46.1043 , 7)  (45.9927 , 9)  (44.3765 , 8)  
(101.94 , 8)  (56.8516 , 3)  (56.1347 , 9)  (52.3407 , 4)  (48.7323 , 6)  (48.0143 , 2)  (46.6091 , 1)  (45.9872 , 5)  (44.6141 , 7)  
(89.5061 , 1)  (60.7178 , 4)  (57.2686 , 2)  (56.3556 , 7)  (53.1973 , 3)  (50.7144 , 5)  (50.1221 , 9)  (48.582 , 8)  (46.1875 , 6)  
(98.9686 , 4)  (75.0384 , 6)  (61.9037 , 9)  (59.3964 , 7)  (53.5212 , 1)  (46.5371 , 3)  (45.8546 , 2)  (42.0895 , 5)  (41.3737 , 8)  
(107.071 , 7)  (53.5532 , 1)  (52.798 , 9)  (52.3317 , 6)  (50.2283 , 3)  (49.7321 , 2)  (49.0017 , 4)  (44.5524 , 5)  (42.2025 , 8)  
(99.3647 , 9)  (57.3035 , 7)  (53.9278 , 4)  (52.7113 , 2)  (50.5822 , 3)  (49.6473 , 1)  (49.2181 , 5)  (48.3886 , 6)  (41.2033 , 8)  
(103.626 , 6)  (56.4578 , 4)  (55.1282 , 5)  (52.4723 , 1)  (49.3865 , 9)  (49.2005 , 2)  (48.5965 , 7)  (44.9238 , 3)  (43.0095 , 8)  
(109.116 , 2)  (61.5268 , 1)  (53.0175 , 9)  (50.7027 , 6)  (46.4142 , 5)  (45.8338 , 3)  (44.6383 , 7)  (43.2342 , 4)  (42.4785 , 8)  
(99.3237 , 5)  (60.9753 , 3)  (58.3292 , 9)  (57.5712 , 6)  (55.6913 , 1)  (50.9592 , 7)  (43.4549 , 2)  (41.0546 , 8)  (38.2047 , 4)  
