 -------------------329------------
(97.2326 , 2)  (61.0029 , 3)  (59.3342 , 1)  (50.6527 , 5)  (50.4887 , 9)  (48.9869 , 4)  (47.8442 , 8)  (46.4455 , 7)  (39.9459 , 6)  
(108.101 , 7)  (54.0258 , 8)  (50.2807 , 9)  (49.3529 , 4)  (47.9006 , 6)  (47.6134 , 1)  (47.1011 , 3)  (46.67 , 2)  (45.1058 , 5)  
(98.9262 , 1)  (76.3035 , 7)  (55.9089 , 4)  (50.3333 , 9)  (50.3302 , 6)  (48.368 , 5)  (47.8657 , 2)  (43.6379 , 3)  (40.4661 , 8)  
(91.1912 , 4)  (72.063 , 6)  (57.9743 , 7)  (54.34 , 8)  (51.1904 , 1)  (51.0909 , 3)  (47.364 , 9)  (46.7746 , 2)  (43.8371 , 5)  
(100.391 , 5)  (57.8408 , 6)  (55.7282 , 9)  (53.9338 , 7)  (51.7535 , 8)  (50.9084 , 1)  (49.7641 , 4)  (49.4302 , 2)  (47.9628 , 3)  
(106.908 , 6)  (56.5293 , 3)  (49.836 , 8)  (48.9599 , 9)  (48.566 , 2)  (48.4254 , 5)  (48.3153 , 1)  (47.9923 , 7)  (47.8382 , 4)  
(101.575 , 8)  (55.2562 , 7)  (54.7945 , 6)  (52.5176 , 3)  (51.8151 , 1)  (50.5378 , 9)  (50.044 , 4)  (46.0927 , 2)  (43.7913 , 5)  
(98.8142 , 9)  (55.1128 , 4)  (53.6819 , 7)  (50.5454 , 2)  (50.4831 , 1)  (50.1522 , 6)  (47.024 , 5)  (46.7912 , 3)  (46.3967 , 8)  
(79.7748 , 3)  (63.6712 , 8)  (60.2356 , 2)  (60.0111 , 5)  (57.7073 , 7)  (53.9281 , 4)  (49.9824 , 6)  (48.345 , 1)  (47.4105 , 9)  
