 -------------------866------------
(101.487 , 2)  (66.0514 , 3)  (57.3033 , 1)  (48.9742 , 9)  (48.2044 , 7)  (46.865 , 4)  (46.0967 , 6)  (44.8327 , 8)  (44.5386 , 5)  
(90.1585 , 4)  (56.7525 , 6)  (56.2746 , 7)  (53.6553 , 2)  (53.1397 , 1)  (49.267 , 3)  (48.4018 , 8)  (42.9335 , 5)  (36.2452 , 9)  
(102.353 , 5)  (64.2765 , 2)  (53.3849 , 9)  (49.5145 , 7)  (49.2573 , 4)  (48.5463 , 8)  (45.7536 , 6)  (44.1143 , 1)  (40.2976 , 3)  
(98.647 , 6)  (52.8383 , 2)  (52.4517 , 8)  (48.9596 , 9)  (48.6896 , 5)  (47.6437 , 4)  (47.585 , 7)  (47.0997 , 1)  (42.2867 , 3)  
(103.527 , 1)  (63.1934 , 7)  (53.1076 , 6)  (51.1923 , 5)  (50.197 , 2)  (48.5329 , 9)  (47.5397 , 3)  (44.4869 , 4)  (41.7475 , 8)  
(88.635 , 9)  (63.8545 , 6)  (59.9445 , 3)  (51.0202 , 5)  (50.671 , 7)  (50.3182 , 4)  (50.008 , 2)  (47.4819 , 1)  (39.8549 , 8)  
(93.4263 , 8)  (65.6937 , 2)  (62.4543 , 4)  (54.5918 , 9)  (53.7894 , 1)  (49.5607 , 7)  (49.3933 , 6)  (46.3169 , 5)  (46.173 , 3)  
(96.7441 , 7)  (72.714 , 1)  (57.2524 , 2)  (54.4763 , 4)  (54.1829 , 3)  (48.0643 , 8)  (47.0503 , 9)  (45.2794 , 6)  (43.2087 , 5)  
(99.0523 , 3)  (61.5129 , 8)  (55.8923 , 7)  (53.3004 , 2)  (52.2868 , 4)  (52.2695 , 1)  (50.4549 , 5)  (49.474 , 6)  (40.3722 , 9)  
