 -------------------785------------
(102.763 , 1)  (62.511 , 7)  (57.3291 , 6)  (56.7195 , 4)  (51.0468 , 3)  (48.4356 , 2)  (46.506 , 9)  (45.1186 , 5)  (39.3371 , 8)  
(85.5644 , 3)  (82.5922 , 7)  (57.8303 , 5)  (57.7362 , 6)  (56.1254 , 1)  (49.3123 , 2)  (47.0164 , 4)  (34.4918 , 8)  (34.3376 , 9)  
(78.2132 , 4)  (68.46 , 2)  (63.0294 , 1)  (61.1231 , 6)  (53.8372 , 5)  (49.8877 , 8)  (49.1505 , 7)  (47.813 , 9)  (38.1521 , 3)  
(93.8958 , 8)  (61.0981 , 3)  (60.7067 , 9)  (59.9503 , 6)  (55.5089 , 2)  (53.1344 , 7)  (45.0794 , 4)  (44.7256 , 5)  (43.112 , 1)  
(97.6743 , 6)  (60.9561 , 4)  (56.8545 , 3)  (54.6455 , 1)  (52.3704 , 2)  (52.2708 , 7)  (50.7037 , 5)  (44.6942 , 9)  (38.2987 , 8)  
(102.284 , 2)  (68.0817 , 3)  (57.8872 , 5)  (56.5367 , 1)  (49.8859 , 9)  (49.4793 , 4)  (48.8414 , 7)  (37.7539 , 6)  (33.786 , 8)  
(103.654 , 5)  (62.5502 , 3)  (53.981 , 7)  (52.1391 , 2)  (51.1186 , 6)  (49.3634 , 9)  (46.8169 , 1)  (42.0464 , 8)  (39.7843 , 4)  
(98.6169 , 7)  (62.1644 , 1)  (59.9478 , 9)  (59.6252 , 2)  (55.9902 , 6)  (54.0446 , 3)  (43.4693 , 8)  (40.171 , 4)  (37.4508 , 5)  
(77.2513 , 5)  (72.2147 , 9)  (59.5148 , 4)  (57.3196 , 2)  (52.3908 , 6)  (51.5824 , 7)  (49.6333 , 1)  (46.7158 , 3)  (42.7828 , 8)  
