 -------------------209------------
(97.3216 , 2)  (58.0094 , 1)  (56.6433 , 8)  (51.9655 , 7)  (51.4107 , 9)  (50.6052 , 5)  (49.1771 , 4)  (48.752 , 3)  (44.5192 , 6)  
(90.3886 , 4)  (65.4152 , 6)  (59.8591 , 2)  (59.5664 , 5)  (53.1191 , 1)  (51.1594 , 7)  (48.0334 , 8)  (39.4189 , 3)  (34.9348 , 9)  
(95.9754 , 8)  (64.9823 , 1)  (59.1571 , 2)  (57.0752 , 7)  (52.8546 , 9)  (51.6831 , 6)  (47.5424 , 4)  (46.5297 , 3)  (39.3574 , 5)  
(88.6717 , 7)  (64.3089 , 3)  (53.8511 , 6)  (53.098 , 2)  (52.3034 , 5)  (49.4207 , 4)  (48.9834 , 1)  (39.4513 , 9)  (39.2987 , 8)  
(92.0238 , 5)  (62.4634 , 7)  (60.7799 , 3)  (59.0698 , 9)  (55.6869 , 1)  (52.6735 , 8)  (48.2896 , 6)  (47.526 , 4)  (46.6441 , 2)  
(98.1982 , 9)  (63.0591 , 6)  (57.9851 , 3)  (57.8087 , 7)  (55.8023 , 2)  (49.9668 , 4)  (43.8998 , 1)  (38.6936 , 5)  (35.3598 , 8)  
(93.4413 , 1)  (64.5498 , 7)  (57.3074 , 2)  (56.8758 , 4)  (53.9559 , 6)  (49.1322 , 3)  (46.6898 , 5)  (45.353 , 8)  (40.4234 , 9)  
(103.311 , 6)  (56.1187 , 3)  (53.5537 , 4)  (50.8308 , 5)  (48.3162 , 7)  (48.1423 , 1)  (48.037 , 8)  (44.5052 , 9)  (42.3693 , 2)  
(95.7978 , 3)  (58.4815 , 2)  (57.0123 , 4)  (56.8355 , 7)  (56.5399 , 9)  (49.8607 , 8)  (49.248 , 1)  (47.4466 , 5)  (47.2949 , 6)  
