 -------------------700------------
(105.062 , 4)  (62.7764 , 6)  (59.9361 , 2)  (55.9214 , 1)  (54.3967 , 9)  (53.3078 , 5)  (45.3713 , 7)  (40.4211 , 3)  (38.496 , 8)  
(93.3117 , 8)  (65.4116 , 1)  (59.3477 , 3)  (52.9127 , 5)  (52.4479 , 6)  (48.0272 , 4)  (47.8304 , 2)  (47.7725 , 7)  (47.1294 , 9)  
(97.3045 , 2)  (61.9968 , 1)  (57.5447 , 3)  (53.4047 , 9)  (51.2872 , 5)  (50.029 , 6)  (49.5199 , 7)  (48.4918 , 8)  (48.0801 , 4)  
(103.609 , 3)  (57.0601 , 9)  (53.1817 , 8)  (52.3396 , 7)  (51.5572 , 6)  (50.5853 , 1)  (48.8108 , 4)  (48.5828 , 2)  (47.9782 , 5)  
(107.63 , 7)  (54.154 , 2)  (50.5059 , 1)  (49.3146 , 3)  (48.5557 , 6)  (48.0749 , 8)  (47.0702 , 9)  (45.5246 , 4)  (45.2874 , 5)  
(100.846 , 1)  (55.9404 , 7)  (51.6915 , 9)  (50.0421 , 2)  (49.8978 , 6)  (49.8513 , 5)  (48.4304 , 3)  (45.4942 , 4)  (43.9951 , 8)  
(99.8588 , 5)  (67.3459 , 4)  (66.793 , 6)  (59.7848 , 2)  (54.1688 , 3)  (47.4589 , 1)  (46.556 , 9)  (45.9757 , 7)  (38.6599 , 8)  
(88.7737 , 9)  (62.6245 , 7)  (61.4526 , 6)  (52.1275 , 1)  (51.8029 , 8)  (51.2707 , 2)  (51.0137 , 3)  (50.303 , 4)  (47.2071 , 5)  
(105.288 , 6)  (54.1887 , 7)  (53.4963 , 3)  (52.4828 , 8)  (50.4674 , 1)  (50.4125 , 9)  (49.7661 , 2)  (49.488 , 5)  (45.7753 , 4)  
