 -------------------359------------
(94.621 , 9)  (62.2855 , 7)  (58.4429 , 4)  (52.0817 , 5)  (51.4118 , 8)  (50.7388 , 6)  (50.449 , 2)  (48.2205 , 1)  (43.9688 , 3)  
(104.349 , 8)  (54.6255 , 9)  (54.3985 , 4)  (53.8195 , 5)  (51.868 , 3)  (50.6229 , 6)  (49.6297 , 1)  (44.7499 , 7)  (43.0624 , 2)  
(98.8827 , 3)  (62.6301 , 6)  (59.9941 , 8)  (54.6866 , 9)  (52 , 1)  (51.9192 , 2)  (51.4415 , 4)  (49.9859 , 7)  (43.1831 , 5)  
(88.1287 , 4)  (60.8867 , 9)  (57.1607 , 1)  (56.4523 , 7)  (55.3258 , 3)  (53.7001 , 6)  (49.5848 , 2)  (47.7963 , 5)  (41.3223 , 8)  
(106.917 , 6)  (66.1649 , 4)  (56.3644 , 7)  (54.4886 , 2)  (52.1335 , 5)  (50.7377 , 9)  (47.8342 , 1)  (47.1441 , 3)  (42.9225 , 8)  
(92.0181 , 1)  (60.6125 , 6)  (58.1336 , 7)  (55.9161 , 8)  (55.6804 , 2)  (52.1551 , 5)  (49.1202 , 3)  (42.379 , 4)  (41.8275 , 9)  
(92.6412 , 7)  (60.1623 , 2)  (60.0812 , 8)  (55.1597 , 4)  (50.5337 , 6)  (47.7336 , 5)  (45.0237 , 9)  (44.4593 , 3)  (42.4479 , 1)  
(76.3021 , 5)  (72.619 , 9)  (62.2869 , 3)  (58.3098 , 7)  (50.0075 , 2)  (48.9391 , 6)  (48.367 , 1)  (46.7456 , 4)  (39.9154 , 8)  
(96.1579 , 2)  (67.3943 , 3)  (59.6387 , 8)  (55.703 , 7)  (55.6087 , 6)  (51.0705 , 9)  (46.5507 , 4)  (45.4762 , 5)  (40.5291 , 1)  
