 -------------------345------------
(94.016 , 9)  (60.0985 , 7)  (56.1254 , 4)  (55.9758 , 8)  (52.7511 , 5)  (51.3463 , 6)  (48.8247 , 2)  (48.2247 , 1)  (45.8829 , 3)  
(104.157 , 8)  (56.4948 , 5)  (55.7577 , 4)  (51.1347 , 1)  (48.9445 , 9)  (48.2965 , 7)  (46.9694 , 2)  (45.6578 , 6)  (45.535 , 3)  
(97.7878 , 3)  (61.4944 , 8)  (56.1278 , 2)  (55.0723 , 9)  (53.9699 , 4)  (52.411 , 5)  (50.5724 , 1)  (48.4139 , 6)  (45.0265 , 7)  
(91.0676 , 4)  (65.9798 , 9)  (58.2968 , 6)  (57.3757 , 1)  (54.89 , 7)  (54.0367 , 2)  (52.943 , 3)  (45.4952 , 5)  (37.211 , 8)  
(107.938 , 6)  (57.2729 , 4)  (54.3786 , 5)  (53.5873 , 7)  (51.5517 , 1)  (50.8263 , 3)  (49.3456 , 9)  (45.6349 , 2)  (42.9461 , 8)  
(100.454 , 1)  (58.413 , 7)  (55.6158 , 3)  (54.3123 , 6)  (52.2629 , 9)  (52.2045 , 8)  (49.9122 , 5)  (46.0461 , 2)  (44.9737 , 4)  
(103.597 , 7)  (60.864 , 6)  (58.4318 , 2)  (51.8854 , 1)  (51.8025 , 9)  (47.9894 , 5)  (45.3473 , 3)  (41.7333 , 4)  (38.883 , 8)  
(104.804 , 5)  (61.5789 , 7)  (53.4263 , 2)  (49.6432 , 3)  (48.3821 , 1)  (48.3062 , 6)  (44.2942 , 9)  (43.3284 , 8)  (42.2342 , 4)  
(105.905 , 2)  (56.9092 , 3)  (53.4165 , 8)  (52.7601 , 1)  (51.7436 , 9)  (50.9662 , 4)  (46.3732 , 6)  (46.0388 , 7)  (44.587 , 5)  
