 -------------------58------------
(96.1081 , 2)  (64.4485 , 1)  (57.4803 , 8)  (56.917 , 3)  (56.9119 , 6)  (45.8738 , 9)  (41.4811 , 7)  (39.1055 , 4)  (35.4099 , 5)  
(96.644 , 6)  (57.0722 , 3)  (54.2205 , 4)  (51.4928 , 1)  (47.9633 , 7)  (46.7779 , 8)  (45.7954 , 5)  (42.0515 , 9)  (36.9406 , 2)  
(106.047 , 7)  (61.4824 , 6)  (59.2729 , 4)  (49.555 , 5)  (47.7845 , 2)  (47.1635 , 1)  (46.9505 , 9)  (45.2287 , 3)  (39.0196 , 8)  
(101.523 , 5)  (65.4574 , 6)  (62.7252 , 2)  (55.4545 , 4)  (49.6764 , 3)  (48.5023 , 7)  (47.5862 , 1)  (45.9188 , 9)  (42.743 , 8)  
(91.9284 , 8)  (62.7296 , 2)  (58.9685 , 9)  (53.4002 , 1)  (53.3003 , 4)  (50.7019 , 6)  (50.0442 , 7)  (49.1336 , 3)  (39.8872 , 5)  
(73.9424 , 4)  (64.0065 , 1)  (57.0995 , 6)  (54.4673 , 5)  (53.5416 , 9)  (48.5218 , 7)  (48.0712 , 2)  (47.9835 , 8)  (45.5291 , 3)  
(88.0943 , 3)  (66.7058 , 7)  (63.6699 , 9)  (56.1681 , 2)  (55.7802 , 4)  (52.9189 , 8)  (51.5831 , 5)  (48.9195 , 1)  (47.5797 , 6)  
(102.467 , 1)  (60.1315 , 7)  (53.2385 , 4)  (52.015 , 6)  (51.8188 , 3)  (48.2291 , 8)  (47.7627 , 2)  (46.2941 , 5)  (45.8873 , 9)  
(96.7196 , 9)  (57.1719 , 4)  (56.2851 , 6)  (54.8676 , 7)  (52.6316 , 3)  (50.8571 , 8)  (49.0119 , 2)  (46.1508 , 5)  (44.6378 , 1)  
