 -------------------171------------
(93.0661 , 8)  (65.437 , 2)  (65.2565 , 3)  (61.6179 , 9)  (54.5722 , 7)  (53.7049 , 6)  (50.6991 , 4)  (45.7431 , 1)  (37.1294 , 5)  
(93.5567 , 3)  (72.4861 , 9)  (62.062 , 2)  (56.6452 , 7)  (53.5798 , 1)  (50.4075 , 4)  (49.4319 , 6)  (48.3634 , 8)  (37.3377 , 5)  
(93.7875 , 9)  (66.0499 , 6)  (61.3756 , 5)  (58.1601 , 7)  (50.523 , 1)  (50.3343 , 8)  (49.6223 , 4)  (45.0845 , 2)  (41.1106 , 3)  
(87.1992 , 5)  (82.3204 , 8)  (73.2847 , 6)  (59.1626 , 3)  (44.9873 , 9)  (44.462 , 1)  (42.5525 , 2)  (41.9439 , 4)  (41.6474 , 7)  
(76.1043 , 4)  (61.6148 , 9)  (57.1556 , 6)  (55.5067 , 7)  (53.5628 , 1)  (52.8762 , 5)  (52.1617 , 2)  (50.8865 , 8)  (46.6571 , 3)  
(92.9952 , 6)  (63.1849 , 3)  (57.4227 , 5)  (54.6654 , 7)  (49.6313 , 1)  (48.5482 , 8)  (44.0146 , 4)  (43.1775 , 9)  (39.9386 , 2)  
(106.005 , 7)  (55.1784 , 9)  (54.6267 , 6)  (49.6022 , 1)  (48.2922 , 5)  (48.2255 , 3)  (46.0135 , 2)  (45.8085 , 4)  (45.7144 , 8)  
(101.098 , 1)  (60.848 , 7)  (57.0073 , 4)  (49.951 , 2)  (49.8628 , 6)  (48.7021 , 5)  (47.9088 , 3)  (46.3248 , 9)  (44.9125 , 8)  
(105.29 , 2)  (71.4599 , 1)  (55.3493 , 9)  (52.8131 , 5)  (48.2157 , 6)  (48.0526 , 4)  (47.039 , 8)  (43.4377 , 7)  (43.3735 , 3)  
