 -------------------611------------
(86.2839 , 2)  (67.7959 , 7)  (63.4382 , 3)  (54.6514 , 4)  (53.8973 , 6)  (53.8841 , 1)  (52.4973 , 5)  (45.5175 , 8)  (40.1335 , 9)  
(75.4288 , 6)  (64.4698 , 1)  (61.7979 , 2)  (61.4 , 5)  (59.5755 , 7)  (56.7291 , 3)  (55.9992 , 4)  (40.1563 , 8)  (22.5336 , 9)  
(95.3897 , 4)  (68.0758 , 6)  (60.052 , 1)  (59.7153 , 9)  (58.4875 , 2)  (58.3748 , 7)  (47.2638 , 5)  (39.7332 , 8)  (39.1356 , 3)  
(98.5643 , 3)  (58.0475 , 2)  (57.3228 , 1)  (54.7957 , 8)  (53.9454 , 9)  (53.7106 , 4)  (50.9574 , 5)  (50.694 , 6)  (44.2315 , 7)  
(96.3161 , 8)  (72.6314 , 6)  (57.3619 , 9)  (54.4687 , 2)  (50.9638 , 3)  (50.343 , 7)  (48.8644 , 1)  (45.5264 , 5)  (35.4336 , 4)  
(101.13 , 7)  (63.2531 , 3)  (52.365 , 5)  (52.2175 , 6)  (49.6721 , 4)  (48.9492 , 1)  (46.7788 , 2)  (46.3094 , 8)  (40.2783 , 9)  
(89.8036 , 5)  (64.6721 , 3)  (56.9902 , 9)  (55.0552 , 8)  (53.2875 , 4)  (52.018 , 6)  (50.5059 , 1)  (47.2046 , 2)  (46.8822 , 7)  
(104.335 , 1)  (54.5921 , 3)  (53.223 , 7)  (52.6271 , 4)  (52.6123 , 6)  (50.5359 , 9)  (49.2827 , 8)  (46.4592 , 5)  (44.7431 , 2)  
(98.5087 , 9)  (59.4398 , 7)  (58.2605 , 6)  (51.873 , 3)  (50.3285 , 1)  (49.0994 , 8)  (48.7952 , 4)  (45.4341 , 2)  (41.7954 , 5)  
