 -------------------148------------
(96.2889 , 9)  (59.2141 , 7)  (56.2371 , 6)  (55.2698 , 4)  (52.6294 , 1)  (51.7221 , 8)  (50.316 , 2)  (50.3028 , 3)  (35.5626 , 5)  
(104.582 , 7)  (55.7551 , 3)  (53.5361 , 6)  (50.616 , 1)  (50.1932 , 4)  (49.7498 , 5)  (49.1358 , 8)  (44.8817 , 2)  (43.5901 , 9)  
(104.839 , 2)  (58.1834 , 9)  (53.817 , 8)  (52.8845 , 1)  (52.5306 , 5)  (51.3578 , 4)  (50.5796 , 3)  (49.9893 , 6)  (38.1563 , 7)  
(94.2916 , 8)  (75.8561 , 5)  (55.5115 , 6)  (53.195 , 9)  (51.6139 , 3)  (50.9538 , 4)  (49.6018 , 2)  (49.5729 , 1)  (41.7298 , 7)  
(96.5938 , 3)  (67.7223 , 2)  (60.0672 , 9)  (58.9852 , 7)  (50.9515 , 6)  (50.5733 , 4)  (49.6754 , 1)  (46.6824 , 5)  (39.4895 , 8)  
(90.12 , 6)  (65.3691 , 5)  (64.9738 , 8)  (54.1318 , 3)  (52.8982 , 1)  (52.6088 , 7)  (49.9025 , 2)  (43.6874 , 9)  (41.5859 , 4)  
(101.595 , 1)  (63.9727 , 7)  (56.9418 , 4)  (49.4742 , 3)  (48.2573 , 6)  (48.126 , 2)  (47.0418 , 9)  (46.3418 , 8)  (44.7371 , 5)  
(99.062 , 4)  (68.783 , 2)  (59.7383 , 6)  (56.1258 , 1)  (54.2073 , 8)  (50.6091 , 7)  (48.0035 , 5)  (40.5874 , 9)  (40.5095 , 3)  
(88.8907 , 5)  (57.9233 , 6)  (56.3799 , 9)  (55.978 , 3)  (55.7076 , 7)  (54.7091 , 1)  (46.1391 , 2)  (43.1311 , 8)  (39.7431 , 4)  
