 -------------------405------------
(104.015 , 3)  (56.5282 , 7)  (51.8387 , 8)  (51.3158 , 4)  (51.0698 , 6)  (50.4592 , 5)  (49.7422 , 2)  (41.6205 , 9)  (39.956 , 1)  
(81.5285 , 6)  (71.2284 , 9)  (61.1951 , 8)  (55.6013 , 4)  (53.7102 , 7)  (50.892 , 2)  (45.7267 , 1)  (44.8743 , 3)  (43.1575 , 5)  
(98.3603 , 1)  (70.7722 , 2)  (52.7415 , 4)  (52.3965 , 9)  (48.811 , 8)  (46.266 , 5)  (45.8603 , 7)  (45.5586 , 3)  (37.1509 , 6)  
(95.2388 , 8)  (58.6097 , 6)  (57.3537 , 7)  (56.1963 , 2)  (52.6866 , 4)  (51.6601 , 5)  (50.6399 , 9)  (45.2627 , 1)  (44.4929 , 3)  
(105.193 , 4)  (63.9702 , 7)  (63.4881 , 2)  (53.3033 , 9)  (52.2656 , 6)  (48.6436 , 5)  (41.4155 , 3)  (40.3897 , 1)  (36.7875 , 8)  
(100.85 , 5)  (62.1442 , 8)  (55.4511 , 9)  (51.793 , 3)  (50.4484 , 4)  (47.6947 , 1)  (45.977 , 6)  (45.3436 , 7)  (41.0669 , 2)  
(99.5485 , 7)  (65.0379 , 2)  (58.9819 , 6)  (53.7482 , 1)  (52.5075 , 8)  (48.5739 , 3)  (46.5238 , 5)  (42.0588 , 9)  (39.9967 , 4)  
(77.0566 , 9)  (75.1664 , 7)  (69.2638 , 1)  (57.7771 , 8)  (53.909 , 2)  (51.3386 , 6)  (45.8545 , 5)  (41.7126 , 3)  (37.1456 , 4)  
(102.486 , 2)  (62.0247 , 3)  (57.8812 , 6)  (56.8954 , 9)  (53.4046 , 1)  (47.908 , 8)  (42.1907 , 4)  (41.6547 , 7)  (41.4674 , 5)  
