 -------------------800------------
(97.7689 , 1)  (79.6701 , 7)  (58.0392 , 6)  (56.8183 , 9)  (47.0226 , 2)  (46.817 , 5)  (45.5903 , 3)  (42.9614 , 4)  (42.7661 , 8)  
(108.079 , 7)  (52.6268 , 6)  (50.4506 , 8)  (49.9542 , 2)  (49.0455 , 1)  (48.115 , 3)  (46.4748 , 5)  (46.4499 , 4)  (45.1281 , 9)  
(92.8338 , 4)  (72.6071 , 6)  (62.9214 , 7)  (54.9759 , 1)  (48.3972 , 2)  (48.3092 , 3)  (47.3148 , 9)  (45.9502 , 5)  (42.2603 , 8)  
(99.4636 , 8)  (59.6633 , 9)  (56.9223 , 4)  (53.208 , 5)  (51.0661 , 1)  (49.9341 , 2)  (49.3202 , 6)  (48.6696 , 3)  (42.5646 , 7)  
(103.127 , 6)  (64.6738 , 4)  (56.1523 , 2)  (54.918 , 3)  (53.0804 , 5)  (53.0029 , 8)  (50.5257 , 7)  (47.3044 , 1)  (36.7123 , 9)  
(98.4675 , 2)  (67.2442 , 7)  (65.0888 , 6)  (60.5404 , 8)  (57.0818 , 3)  (52.0523 , 1)  (49.037 , 5)  (43.262 , 9)  (37.4175 , 4)  
(100.192 , 3)  (58.3848 , 1)  (52.6777 , 5)  (52.5668 , 9)  (51.2509 , 8)  (48.2979 , 6)  (47.5942 , 7)  (47.2824 , 4)  (46.1891 , 2)  
(99.0182 , 9)  (64.7265 , 4)  (57.5548 , 6)  (53.9561 , 2)  (52.5906 , 5)  (49.357 , 1)  (48.1758 , 8)  (46.9567 , 7)  (41.5936 , 3)  
(85.2467 , 5)  (71.0461 , 9)  (69.9322 , 6)  (56.8328 , 3)  (53.2212 , 7)  (49.7296 , 4)  (46.7607 , 8)  (45.4133 , 1)  (42.1398 , 2)  
