 -------------------494------------
(99.9836 , 6)  (56.846 , 4)  (55.9214 , 7)  (55.6709 , 2)  (52.572 , 3)  (52.0186 , 1)  (50.9244 , 8)  (49.1395 , 9)  (44.3493 , 5)  
(96.4033 , 9)  (54.9745 , 1)  (53.7258 , 4)  (52.6202 , 3)  (51.9501 , 8)  (51.0405 , 6)  (49.9791 , 5)  (48.9187 , 7)  (45.0404 , 2)  
(106.939 , 4)  (55.2563 , 7)  (51.5771 , 2)  (50.9228 , 6)  (47.3654 , 3)  (46.8867 , 9)  (45.8112 , 8)  (45.5654 , 5)  (44.407 , 1)  
(102.898 , 7)  (65.5697 , 6)  (53.9666 , 4)  (51.5876 , 1)  (51.4994 , 3)  (49.5135 , 9)  (47.1395 , 5)  (45.6587 , 8)  (41.8627 , 2)  
(101.318 , 1)  (63.3109 , 2)  (54.5601 , 6)  (50.5012 , 7)  (49.8277 , 5)  (45.4024 , 4)  (44.6287 , 8)  (44.3057 , 9)  (42.9638 , 3)  
(107.799 , 5)  (57.7102 , 8)  (56.4362 , 2)  (51.7684 , 9)  (50.4892 , 4)  (48.7019 , 7)  (46.1092 , 1)  (41.7958 , 6)  (37.622 , 3)  
(89.9675 , 8)  (62.4208 , 6)  (60.4627 , 7)  (60.3298 , 1)  (58.2638 , 2)  (54.2057 , 9)  (46.6845 , 5)  (42.6225 , 3)  (29.507 , 4)  
(95.4995 , 3)  (59.5255 , 7)  (57.2854 , 1)  (55.0431 , 9)  (54.9548 , 2)  (54.8068 , 5)  (52.1927 , 6)  (38.8175 , 8)  (35.4966 , 4)  
(100.509 , 2)  (59.425 , 6)  (59.3204 , 8)  (57.0211 , 1)  (53.5825 , 9)  (50.8434 , 7)  (49.6141 , 3)  (48.6762 , 5)  (36.058 , 4)  
