 -------------------362------------
(104.165 , 3)  (57.0285 , 7)  (51.5286 , 4)  (51.0882 , 6)  (50.5047 , 5)  (49.844 , 8)  (49.3068 , 2)  (42.02 , 9)  (41.9508 , 1)  
(80.2161 , 6)  (66.3061 , 9)  (59.2384 , 4)  (57.3469 , 8)  (54.9533 , 2)  (49.8067 , 7)  (46.7584 , 3)  (46.5058 , 1)  (44.6826 , 5)  
(99.546 , 1)  (67.9184 , 2)  (62.9872 , 4)  (49.8203 , 8)  (48.923 , 9)  (47.943 , 3)  (46.6055 , 7)  (39.7044 , 5)  (36.9317 , 6)  
(94.9416 , 8)  (61.4287 , 6)  (59.717 , 7)  (56.5738 , 2)  (53.7566 , 9)  (53.688 , 5)  (48.3036 , 4)  (43.4333 , 1)  (43.1593 , 3)  
(86.5586 , 4)  (61.2503 , 3)  (60.3161 , 8)  (59.9917 , 2)  (55.2518 , 7)  (54.772 , 6)  (50.162 , 9)  (46.4228 , 1)  (45.0168 , 5)  
(101.401 , 5)  (60.7655 , 8)  (56.377 , 9)  (51.7111 , 3)  (51.6059 , 4)  (46.9456 , 1)  (45.9695 , 6)  (43.4874 , 7)  (42.1688 , 2)  
(95.7641 , 7)  (65.3264 , 2)  (60.9486 , 1)  (58.925 , 6)  (50.6313 , 9)  (48.6322 , 5)  (47.7564 , 8)  (44.6048 , 3)  (38.4978 , 4)  
(78.007 , 7)  (74.4645 , 9)  (68.2144 , 1)  (59.9477 , 8)  (52.6159 , 6)  (49.9755 , 2)  (43.8302 , 3)  (43.6377 , 5)  (38.8006 , 4)  
(101.279 , 2)  (65.1466 , 3)  (58.6135 , 6)  (56.1354 , 9)  (54.4684 , 1)  (45.5185 , 8)  (42.8086 , 7)  (41.8429 , 4)  (41.7249 , 5)  
