 -------------------135------------
(107.6 , 6)  (54.9225 , 3)  (53.2564 , 2)  (52.5067 , 8)  (52.1279 , 7)  (46.8686 , 4)  (45.8864 , 1)  (42.354 , 9)  (40.5496 , 5)  
(94.7789 , 9)  (58.0887 , 7)  (55.3631 , 4)  (53.2536 , 6)  (52.1863 , 8)  (51.5283 , 1)  (50.2627 , 3)  (49.4799 , 5)  (47.5393 , 2)  
(97.5207 , 1)  (58.5763 , 7)  (57.4451 , 3)  (52.2857 , 4)  (51.6945 , 9)  (51.1264 , 8)  (50.3758 , 6)  (47.3075 , 2)  (47.2583 , 5)  
(101.238 , 3)  (57.4629 , 7)  (57.3508 , 1)  (50.4618 , 5)  (50.2151 , 6)  (48.5585 , 8)  (47.1108 , 2)  (43.7579 , 9)  (42.4329 , 4)  
(94.0644 , 5)  (55.6159 , 3)  (54.9177 , 1)  (54.0604 , 4)  (53.0575 , 7)  (50.8985 , 8)  (49.1409 , 9)  (48.9007 , 2)  (40.541 , 6)  
(72.6493 , 7)  (70.3709 , 9)  (57.6427 , 4)  (53.8348 , 6)  (52.9696 , 1)  (52.1178 , 3)  (52.0099 , 5)  (49.0941 , 2)  (44.8409 , 8)  
(87.3383 , 8)  (67.276 , 2)  (61.7304 , 6)  (61.1571 , 7)  (56.4019 , 3)  (50.5038 , 4)  (49.5431 , 1)  (38.0757 , 5)  (37.0167 , 9)  
(89.9415 , 2)  (76.1319 , 7)  (65.6252 , 6)  (56.5519 , 8)  (47.4088 , 9)  (46.6258 , 5)  (45.2672 , 3)  (41.3271 , 1)  (39.1953 , 4)  
(93.1058 , 4)  (62.4113 , 2)  (59.731 , 9)  (58.886 , 1)  (58.1991 , 5)  (55.7912 , 7)  (52.7447 , 8)  (50.28 , 6)  (37.2908 , 3)  
