 -------------------437------------
(99.1843 , 5)  (61.7902 , 8)  (58.1131 , 3)  (52.9961 , 1)  (52.4382 , 7)  (50.257 , 4)  (48.6018 , 9)  (48.4602 , 2)  (45.4314 , 6)  
(92.1628 , 2)  (74.9928 , 7)  (54.8183 , 6)  (52.8193 , 1)  (52.0836 , 9)  (49.4561 , 8)  (46.9263 , 4)  (46.6541 , 5)  (40.6051 , 3)  
(105.161 , 7)  (57.2881 , 6)  (54.077 , 9)  (50.7531 , 5)  (48.4075 , 1)  (46.7317 , 3)  (46.4634 , 8)  (45.8188 , 4)  (43.6086 , 2)  
(86.3575 , 3)  (77.3074 , 7)  (60.5484 , 5)  (55.9135 , 1)  (55.5892 , 6)  (50.5467 , 2)  (48.5983 , 4)  (35.2027 , 9)  (32.6935 , 8)  
(102.1 , 1)  (56.1824 , 6)  (55.6202 , 5)  (52.2664 , 2)  (51.339 , 3)  (49.9733 , 7)  (49.2193 , 4)  (46.3475 , 9)  (45.2345 , 8)  
(106.736 , 8)  (62.2524 , 6)  (53.4329 , 3)  (51.8571 , 1)  (51.6261 , 7)  (48.3414 , 9)  (45.7753 , 4)  (42.2593 , 2)  (37.4778 , 5)  
(95.5187 , 6)  (58.1334 , 2)  (57.3334 , 8)  (56.7076 , 5)  (52.7373 , 4)  (51.8032 , 9)  (51.7469 , 1)  (45.3386 , 7)  (42.741 , 3)  
(98.2818 , 9)  (56.3164 , 7)  (55.99 , 6)  (55.2754 , 8)  (52.7738 , 1)  (50.5583 , 4)  (50.0784 , 2)  (46.55 , 3)  (44.9225 , 5)  
(107.041 , 4)  (61.7157 , 2)  (55.706 , 1)  (55.3675 , 7)  (50.8443 , 8)  (48.007 , 5)  (42.2181 , 3)  (40.3835 , 6)  (38.6327 , 9)  
