 -------------------634------------
(86.883 , 8)  (70.1574 , 3)  (69.7226 , 2)  (63.2536 , 6)  (58.4754 , 5)  (57.7139 , 1)  (56.8266 , 7)  (41.3638 , 9)  (34.0779 , 4)  
(103.117 , 3)  (60.653 , 9)  (57.8292 , 7)  (52.201 , 6)  (51.5011 , 8)  (50.8461 , 2)  (50.558 , 1)  (48.4315 , 4)  (41.2711 , 5)  
(108.365 , 2)  (52.5198 , 5)  (51.8655 , 7)  (51.8381 , 9)  (50.2928 , 1)  (49.4036 , 3)  (48.4342 , 8)  (47.4641 , 4)  (43.8154 , 6)  
(91.7904 , 4)  (69.7319 , 9)  (55.1418 , 7)  (51.2957 , 5)  (51.1823 , 6)  (49.4898 , 1)  (49.4003 , 8)  (47.8058 , 3)  (44.1044 , 2)  
(104.098 , 7)  (57.1919 , 5)  (56.2689 , 6)  (52.4022 , 9)  (47.9474 , 1)  (45.6836 , 3)  (45.3602 , 8)  (45.2968 , 4)  (43.6422 , 2)  
(97.0418 , 6)  (55.4779 , 5)  (50.7156 , 4)  (50.4404 , 7)  (49.8316 , 8)  (49.473 , 1)  (47.4313 , 9)  (45.4413 , 2)  (42.4609 , 3)  
(103.673 , 1)  (58.9999 , 3)  (54.0519 , 9)  (52.4591 , 7)  (51.0176 , 6)  (49.5306 , 4)  (49.4545 , 5)  (46.2466 , 2)  (44.4061 , 8)  
(105.414 , 5)  (59.7858 , 3)  (57.9643 , 4)  (52.3257 , 6)  (51.6878 , 1)  (50.6351 , 2)  (48.3846 , 7)  (47.5176 , 8)  (36.6991 , 9)  
(96.8794 , 9)  (63.3123 , 6)  (55.0041 , 4)  (52.1601 , 7)  (51.9769 , 8)  (50.8337 , 2)  (50.4483 , 5)  (49.7695 , 1)  (44.3301 , 3)  
