 -------------------169------------
(101.762 , 3)  (64.4257 , 5)  (54.3208 , 1)  (53.3261 , 2)  (52.0555 , 6)  (51.9115 , 4)  (48.4328 , 9)  (46.7669 , 7)  (44.2653 , 8)  
(101.303 , 8)  (57.6259 , 9)  (55.3723 , 3)  (53.1115 , 4)  (48.7892 , 6)  (48.0844 , 1)  (47.53 , 5)  (47.1384 , 2)  (44.0923 , 7)  
(90.9019 , 1)  (59.8532 , 2)  (58.6446 , 4)  (54.7253 , 7)  (52.7881 , 3)  (49.8307 , 9)  (49.6544 , 5)  (49.4311 , 8)  (46.8202 , 6)  
(100.994 , 4)  (69.652 , 6)  (62.117 , 7)  (54.5957 , 9)  (50.8361 , 1)  (47.4372 , 3)  (45.5385 , 8)  (44.2505 , 2)  (44.0887 , 5)  
(107.241 , 7)  (55.2552 , 6)  (54.6994 , 1)  (52.4797 , 9)  (51.3759 , 3)  (49.4168 , 4)  (46.6888 , 2)  (43.6446 , 5)  (41.9864 , 8)  
(99.6429 , 9)  (55.4156 , 7)  (53.879 , 4)  (53.42 , 2)  (51.0518 , 3)  (48.83 , 1)  (48.2776 , 6)  (47.0674 , 5)  (42.6984 , 8)  
(103.558 , 6)  (57.3215 , 4)  (54.6351 , 1)  (51.9927 , 9)  (50.8134 , 5)  (48.2876 , 7)  (47.419 , 3)  (45.8391 , 2)  (40.4456 , 8)  
(109.414 , 2)  (61.0738 , 1)  (52.2598 , 9)  (48.7822 , 6)  (47.2278 , 5)  (45.6531 , 7)  (45.3574 , 3)  (44.8013 , 4)  (40.8735 , 8)  
(97.4587 , 5)  (63.9153 , 9)  (61.4729 , 3)  (57.1246 , 6)  (54.2178 , 1)  (49.0628 , 7)  (43.3561 , 2)  (40.0429 , 8)  (37.6991 , 4)  
