 -------------------125------------
(107.107 , 6)  (60.2219 , 3)  (53.8114 , 8)  (51.4131 , 2)  (48.3002 , 1)  (47.1221 , 4)  (46.9636 , 9)  (45.9413 , 7)  (39.9441 , 5)  
(96.2367 , 9)  (55.1978 , 7)  (54.1515 , 4)  (53.6693 , 6)  (52.8913 , 8)  (51.9215 , 1)  (50.0012 , 5)  (46.9127 , 3)  (45.3776 , 2)  
(98.3807 , 1)  (54.5177 , 9)  (54.0119 , 7)  (52.7634 , 8)  (51.1711 , 3)  (50.7952 , 6)  (49.1709 , 5)  (48.1867 , 4)  (47.3128 , 2)  
(97.8682 , 3)  (63.0597 , 7)  (58.1997 , 1)  (51.4281 , 2)  (49.0554 , 6)  (48.6736 , 9)  (47.9494 , 8)  (46.8295 , 5)  (41.5428 , 4)  
(95.2072 , 5)  (56.9902 , 4)  (56.2192 , 3)  (50.8302 , 2)  (50.2243 , 7)  (49.8236 , 1)  (48.7815 , 9)  (48.6876 , 8)  (42.8667 , 6)  
(70.4709 , 7)  (70.1181 , 9)  (62.2526 , 4)  (56.3987 , 3)  (54.078 , 1)  (52.6135 , 6)  (50.7076 , 5)  (48.0745 , 2)  (44.6902 , 8)  
(90.1948 , 8)  (64.9938 , 2)  (64.217 , 7)  (62.2647 , 6)  (52.3543 , 3)  (51.3234 , 1)  (46.5957 , 4)  (40.6124 , 9)  (39.3293 , 5)  
(90.1293 , 2)  (71.6215 , 7)  (63.8371 , 6)  (58.467 , 8)  (47.5453 , 3)  (46.0415 , 9)  (45.6666 , 5)  (42.0043 , 1)  (41.5095 , 4)  
(93.8462 , 4)  (63.7306 , 2)  (62.3176 , 9)  (55.0059 , 1)  (53.2638 , 5)  (50.7393 , 8)  (50.6815 , 7)  (49.8769 , 6)  (41.3788 , 3)  
