 -------------------422------------
(93.7438 , 4)  (81.2 , 6)  (68.753 , 2)  (53.6272 , 1)  (49.8153 , 9)  (47.869 , 5)  (42.9325 , 3)  (42.2349 , 7)  (40.0611 , 8)  
(101.327 , 7)  (56.0516 , 6)  (52.9983 , 1)  (52.7282 , 9)  (52.2611 , 3)  (52.1473 , 5)  (51.1078 , 2)  (45.6647 , 4)  (42.5805 , 8)  
(101.576 , 3)  (61.6273 , 9)  (57.4167 , 6)  (55.7808 , 1)  (47.9038 , 5)  (47.7093 , 2)  (46.375 , 8)  (45.7983 , 7)  (44.3754 , 4)  
(100.162 , 1)  (64.0621 , 7)  (62.9688 , 4)  (55.1325 , 3)  (53.385 , 6)  (51.6702 , 2)  (44.4372 , 8)  (41.9146 , 5)  (40.3508 , 9)  
(103.819 , 6)  (57.9888 , 2)  (54.6399 , 9)  (52.9753 , 1)  (51.2122 , 8)  (49.8794 , 5)  (46.2544 , 7)  (43.538 , 4)  (41.7662 , 3)  
(91.5215 , 8)  (63.5207 , 3)  (57.0412 , 4)  (55.0618 , 9)  (53.5144 , 6)  (50.5284 , 5)  (48.6121 , 2)  (44.3556 , 1)  (43.0525 , 7)  
(86.6779 , 9)  (61.8633 , 8)  (58.2915 , 2)  (57.074 , 4)  (55.1632 , 6)  (48.2933 , 5)  (47.886 , 1)  (45.4798 , 7)  (40.8912 , 3)  
(107.753 , 2)  (66.0177 , 5)  (56.4331 , 6)  (53.1383 , 9)  (50.5202 , 1)  (47.2113 , 8)  (45.6016 , 3)  (44.2947 , 7)  (43.99 , 4)  
(96.5359 , 5)  (60.1953 , 6)  (55.921 , 8)  (54.2743 , 1)  (52.9032 , 2)  (52.5708 , 3)  (46.0597 , 7)  (44.8029 , 9)  (43.483 , 4)  
