 -------------------816------------
(100.256 , 8)  (59.1482 , 1)  (58.2452 , 6)  (57.1587 , 7)  (51.891 , 9)  (48.2586 , 3)  (47.2104 , 2)  (40.9767 , 4)  (38.8352 , 5)  
(102.197 , 1)  (63.3665 , 7)  (55.0843 , 2)  (53.0342 , 6)  (52.3825 , 5)  (49.2883 , 9)  (46.4692 , 3)  (43.4018 , 4)  (42.6644 , 8)  
(94.4453 , 9)  (71.2603 , 7)  (65.6534 , 6)  (53.3713 , 1)  (53.0067 , 3)  (46.9441 , 8)  (45.574 , 2)  (41.8161 , 5)  (39.7444 , 4)  
(100.307 , 4)  (60.9813 , 7)  (53.2982 , 1)  (53.0869 , 3)  (52.7823 , 2)  (52.6287 , 9)  (52.3974 , 6)  (48.2198 , 5)  (36.4639 , 8)  
(89.3409 , 3)  (68.7417 , 9)  (62.6957 , 7)  (61.1193 , 1)  (55.1692 , 6)  (54.0307 , 2)  (46.0029 , 5)  (44.5433 , 4)  (36.6216 , 8)  
(80.0634 , 7)  (79.9849 , 1)  (62.0754 , 9)  (57.4033 , 5)  (55.276 , 2)  (52.5095 , 6)  (52.1111 , 4)  (44.8791 , 3)  (39.9231 , 8)  
(80.1032 , 2)  (71.8527 , 8)  (63.2288 , 1)  (61.7951 , 3)  (50.5663 , 6)  (47.5723 , 5)  (47.5283 , 9)  (44.257 , 7)  (41.5392 , 4)  
(96.8178 , 5)  (78.2879 , 3)  (59.8138 , 7)  (56.1807 , 6)  (53.6597 , 2)  (51.5854 , 4)  (44.6922 , 9)  (43.2605 , 1)  (33.2936 , 8)  
(98.2315 , 6)  (72.6684 , 5)  (60.4065 , 8)  (53.268 , 4)  (51.2336 , 3)  (51.1892 , 7)  (47.8039 , 1)  (45.8081 , 2)  (38.3587 , 9)  
