 -------------------859------------
(86.7845 , 8)  (84.1738 , 9)  (61.3314 , 2)  (58.7333 , 7)  (58.0582 , 6)  (48.9405 , 4)  (48.3285 , 3)  (40.1157 , 5)  (35.1643 , 1)  
(71.6601 , 4)  (69.4485 , 6)  (57.1272 , 8)  (56.6536 , 7)  (52.82 , 1)  (51.6184 , 2)  (49.8194 , 9)  (49.0475 , 5)  (42.9388 , 3)  
(75.1365 , 3)  (66.7147 , 7)  (63.1154 , 2)  (62.1272 , 9)  (62.1124 , 8)  (52.5796 , 4)  (51.5377 , 5)  (48.291 , 1)  (44.6554 , 6)  
(104.116 , 7)  (55.5379 , 6)  (55.1277 , 9)  (54.0927 , 1)  (50.6412 , 2)  (48.371 , 3)  (48.2 , 5)  (45.7013 , 8)  (43.2065 , 4)  
(89.369 , 2)  (74.9386 , 1)  (53.1217 , 4)  (51.3201 , 3)  (50.3449 , 7)  (48.4327 , 6)  (47.8166 , 9)  (46.7899 , 8)  (46.5882 , 5)  
(88.2223 , 5)  (62.4905 , 3)  (60.6861 , 8)  (53.4872 , 6)  (51.2991 , 9)  (48.4396 , 7)  (47.5009 , 1)  (46.1296 , 4)  (44.3895 , 2)  
(97.3117 , 1)  (59.7198 , 7)  (56.2136 , 6)  (54.9856 , 5)  (52.1355 , 2)  (49.7049 , 3)  (47.8397 , 9)  (45.0412 , 4)  (42.3706 , 8)  
(90.6462 , 9)  (74.3482 , 3)  (58.4305 , 5)  (53.8621 , 4)  (51.5678 , 1)  (51.3669 , 8)  (50.2761 , 2)  (48.9023 , 6)  (37.6001 , 7)  
(93.9383 , 6)  (64.9835 , 5)  (57.9625 , 8)  (56.4306 , 7)  (51.6254 , 9)  (48.6265 , 1)  (45.0372 , 4)  (43.7151 , 2)  (42.9173 , 3)  
