 -------------------881------------
(87.9013 , 6)  (67.1772 , 1)  (66.5741 , 8)  (63.5782 , 2)  (59.4837 , 4)  (49.2373 , 5)  (48.1676 , 3)  (47.9266 , 7)  (35.6705 , 9)  
(95.3349 , 7)  (73.4936 , 2)  (54.1939 , 6)  (51.7208 , 1)  (49.6573 , 4)  (49.6411 , 8)  (48.6467 , 3)  (45.5815 , 5)  (40.8365 , 9)  
(85.0628 , 4)  (82.4215 , 6)  (62.1841 , 9)  (60.0462 , 7)  (55.7433 , 1)  (50.8038 , 5)  (48.9211 , 2)  (45.5004 , 8)  (39.846 , 3)  
(99.1841 , 2)  (61.119 , 1)  (55.8944 , 9)  (55.1783 , 3)  (54.4213 , 6)  (47.7687 , 5)  (44.0595 , 8)  (42.3995 , 7)  (37.5838 , 4)  
(100.9 , 9)  (62.0721 , 7)  (56.8007 , 6)  (55.0236 , 1)  (53.6561 , 2)  (51.0199 , 3)  (45.4284 , 8)  (39.215 , 5)  (37.5404 , 4)  
(102.819 , 8)  (57.4068 , 1)  (56.8455 , 9)  (55.9154 , 3)  (53.4894 , 2)  (51.5505 , 6)  (51.2883 , 7)  (48.2052 , 4)  (34.7662 , 5)  
(104.946 , 3)  (55.3504 , 5)  (54.8281 , 6)  (54.4782 , 9)  (52.6005 , 1)  (48.8081 , 7)  (45.2836 , 2)  (43.1183 , 8)  (42.3394 , 4)  
(94.2432 , 5)  (64.7931 , 4)  (60.5173 , 3)  (57.0898 , 6)  (53.7159 , 8)  (48.9402 , 2)  (45.8682 , 1)  (45.8534 , 7)  (38.2 , 9)  
(105.443 , 1)  (54.158 , 6)  (52.2964 , 3)  (51.2073 , 8)  (50.6909 , 2)  (50.2542 , 7)  (50.0893 , 4)  (47.3964 , 5)  (45.7237 , 9)  
