 -------------------529------------
(84.5139 , 7)  (72.7494 , 9)  (63.1605 , 6)  (61.2624 , 1)  (60.2552 , 3)  (48.9729 , 5)  (46.4404 , 2)  (42.8654 , 8)  (42.605 , 4)  
(101.215 , 9)  (61.2077 , 6)  (55.3521 , 7)  (47.5825 , 4)  (47.0562 , 1)  (46.9649 , 2)  (46.4524 , 8)  (43.5862 , 5)  (42.9095 , 3)  
(91.8987 , 5)  (68.1463 , 6)  (58.7136 , 1)  (51.34 , 8)  (50.9614 , 7)  (48.5935 , 2)  (46.7582 , 4)  (40.1013 , 3)  (39.1452 , 9)  
(103.078 , 1)  (58.8724 , 7)  (54.6249 , 6)  (52.9656 , 4)  (52.9628 , 9)  (52.6329 , 2)  (50.8298 , 3)  (46.5254 , 5)  (37.9984 , 8)  
(104.334 , 4)  (63.4558 , 6)  (59.9905 , 9)  (55.0781 , 2)  (54.0556 , 5)  (49.4305 , 7)  (45.2339 , 8)  (43.871 , 1)  (39.763 , 3)  
(100.611 , 2)  (58.0846 , 3)  (54.7213 , 1)  (54.4179 , 5)  (50.6657 , 7)  (50.0776 , 9)  (49.5901 , 6)  (48.4574 , 4)  (45.7572 , 8)  
(101.545 , 3)  (60.4069 , 6)  (56.1094 , 2)  (51.1706 , 9)  (48.8445 , 1)  (48.4699 , 5)  (47.6045 , 7)  (46.6541 , 8)  (44.9321 , 4)  
(100.389 , 6)  (56.3906 , 4)  (55.9299 , 5)  (55.9267 , 1)  (54.7682 , 2)  (53.716 , 3)  (50.0757 , 7)  (44.0974 , 8)  (40.48 , 9)  
(88.5556 , 8)  (71.8772 , 9)  (61.1721 , 6)  (55.4291 , 2)  (53.6911 , 5)  (50.8034 , 3)  (48.6925 , 7)  (46.3578 , 1)  (33.8186 , 4)  
