 -------------------939------------
(83.2467 , 3)  (74.2314 , 5)  (68.629 , 9)  (56.3491 , 6)  (52.3782 , 8)  (50.5278 , 1)  (50.394 , 7)  (49.0243 , 4)  (44.9699 , 2)  
(107.041 , 7)  (52.6838 , 9)  (52.1579 , 6)  (52.0427 , 2)  (51.1241 , 5)  (49.0824 , 8)  (48.0451 , 1)  (47.3839 , 4)  (44.3021 , 3)  
(101.568 , 2)  (72.2733 , 7)  (56.5618 , 9)  (56.0301 , 3)  (53.8921 , 6)  (47.27 , 5)  (46.9888 , 4)  (45.3171 , 1)  (40.6493 , 8)  
(96.947 , 4)  (66.8494 , 6)  (60.436 , 5)  (56.7299 , 9)  (52.7362 , 2)  (49.8544 , 7)  (46.8197 , 1)  (43.9522 , 3)  (34.7987 , 8)  
(93.5691 , 8)  (71.2962 , 5)  (61.9634 , 6)  (61.2844 , 1)  (50.8664 , 9)  (47.844 , 2)  (46.2511 , 7)  (44.6587 , 3)  (37.7038 , 4)  
(99.811 , 9)  (62.3385 , 6)  (59.0644 , 4)  (53.0929 , 2)  (52.1276 , 5)  (50.7346 , 1)  (45.3429 , 8)  (43.6776 , 7)  (39.8957 , 3)  
(92.2414 , 5)  (58.1558 , 6)  (58.117 , 9)  (58.0543 , 2)  (51.991 , 7)  (49.8631 , 8)  (45.235 , 1)  (39.8467 , 4)  (34.5469 , 3)  
(97.6121 , 1)  (57.0014 , 2)  (53.7384 , 4)  (53.4509 , 3)  (52.9131 , 6)  (52.9059 , 8)  (49.8619 , 7)  (43.6867 , 5)  (43.2751 , 9)  
(91.2356 , 6)  (60.0554 , 9)  (59.0883 , 8)  (55.6753 , 5)  (53.0973 , 2)  (50.1008 , 4)  (46.8181 , 7)  (46.6024 , 3)  (45.5642 , 1)  
