 -------------------156------------
(95.4019 , 9)  (59.1886 , 6)  (59.0932 , 7)  (54.3903 , 4)  (52.5876 , 1)  (50.887 , 8)  (50.5374 , 3)  (50.5263 , 2)  (37.7895 , 5)  
(104.513 , 7)  (55.7541 , 3)  (53.718 , 6)  (50.6265 , 1)  (50.1031 , 4)  (49.861 , 5)  (49.0947 , 8)  (44.9224 , 2)  (43.5791 , 9)  
(104.438 , 2)  (58.5419 , 9)  (53.9494 , 8)  (53.6987 , 5)  (52.6035 , 3)  (51.66 , 1)  (51.3377 , 4)  (48.8635 , 6)  (38.5749 , 7)  
(94.4157 , 8)  (77.2555 , 5)  (53.6667 , 6)  (53.462 , 9)  (52.0398 , 4)  (51.5481 , 3)  (50.5703 , 1)  (49.5767 , 2)  (41.046 , 7)  
(97.1489 , 3)  (66.5205 , 2)  (59.4967 , 9)  (58.4812 , 7)  (51.4123 , 6)  (50.3724 , 4)  (50.3679 , 1)  (46.9478 , 5)  (40.1309 , 8)  
(90.8444 , 6)  (65.8015 , 8)  (64.4458 , 5)  (53.4045 , 3)  (52.9647 , 1)  (52.3981 , 7)  (50.2767 , 2)  (44.99 , 9)  (41.0353 , 4)  
(101.229 , 1)  (65.1896 , 7)  (51.8487 , 4)  (50.5369 , 6)  (49.94 , 9)  (48.9196 , 2)  (47.0831 , 3)  (46.8369 , 5)  (44.3617 , 8)  
(98.6423 , 4)  (69.4772 , 2)  (58.9183 , 6)  (55.9911 , 1)  (54.2884 , 8)  (51.0424 , 7)  (49.3438 , 5)  (40.4923 , 3)  (39.3188 , 9)  
(88.8907 , 5)  (57.9233 , 6)  (56.3799 , 9)  (55.978 , 3)  (55.7076 , 7)  (54.7091 , 1)  (46.1391 , 2)  (43.1311 , 8)  (39.7431 , 4)  
