 -------------------238------------
(95.9864 , 8)  (73.6688 , 3)  (54.891 , 4)  (53.7965 , 9)  (53.6151 , 7)  (48.291 , 5)  (48.2168 , 1)  (47.1944 , 2)  (42.6405 , 6)  
(97.2608 , 4)  (65.7861 , 6)  (55.2758 , 1)  (53.7859 , 7)  (52.5628 , 5)  (49.7216 , 3)  (49.3115 , 8)  (49.1814 , 2)  (32.0526 , 9)  
(105.707 , 6)  (56.6319 , 1)  (53.1546 , 3)  (50.584 , 2)  (49.963 , 5)  (49.3117 , 4)  (47.2026 , 7)  (44.5445 , 9)  (44.0707 , 8)  
(89.3906 , 9)  (72.7366 , 7)  (53.4285 , 6)  (52.0358 , 4)  (50.104 , 5)  (49.598 , 1)  (49.5859 , 2)  (48.3302 , 3)  (39.8159 , 8)  
(103.548 , 1)  (57.3801 , 2)  (50.139 , 5)  (49.4729 , 6)  (49.2603 , 3)  (48.8925 , 9)  (46.5084 , 7)  (43.6661 , 8)  (40.1565 , 4)  
(87.818 , 3)  (63.535 , 7)  (61.6352 , 5)  (61.4333 , 9)  (54.9558 , 2)  (53.9488 , 1)  (51.0984 , 6)  (45.7031 , 8)  (44.0145 , 4)  
(107.752 , 7)  (56.7978 , 6)  (50.7611 , 5)  (49.3334 , 1)  (49.2025 , 2)  (48.0511 , 9)  (45.4392 , 4)  (42.0662 , 8)  (41.625 , 3)  
(78.3415 , 5)  (65.2727 , 3)  (60.5117 , 6)  (58.8015 , 9)  (52.9408 , 2)  (51.8937 , 4)  (49.2432 , 8)  (49.1176 , 1)  (44.8866 , 7)  
(80.4836 , 2)  (65.8708 , 8)  (62.0159 , 6)  (60.9733 , 7)  (56.2166 , 3)  (51.2805 , 9)  (51.0615 , 1)  (48.7512 , 4)  (45.5233 , 5)  
