 -------------------476------------
(97.8553 , 6)  (55.712 , 2)  (54.7063 , 7)  (52.9072 , 5)  (52.8898 , 1)  (52.2591 , 8)  (50.4478 , 4)  (49.9674 , 3)  (46.4787 , 9)  
(95.6132 , 9)  (53.7227 , 7)  (52.8848 , 8)  (52.6071 , 3)  (52.2991 , 4)  (51.9041 , 1)  (51.2249 , 5)  (50.4503 , 6)  (43.5178 , 2)  
(107.323 , 4)  (58.6969 , 7)  (48.8152 , 8)  (48.8056 , 5)  (48.4091 , 6)  (48.2864 , 2)  (48.147 , 9)  (44.727 , 3)  (43.1118 , 1)  
(102.663 , 7)  (66.9404 , 6)  (54.3709 , 4)  (53.5324 , 9)  (50.4155 , 5)  (49.2005 , 1)  (49.1518 , 3)  (43.0916 , 2)  (41.0304 , 8)  
(99.4915 , 1)  (57.5708 , 2)  (56.0712 , 6)  (49.8266 , 7)  (48.9134 , 8)  (48.5051 , 3)  (47.2668 , 9)  (46.8419 , 5)  (41.7419 , 4)  
(107.839 , 5)  (58.5316 , 8)  (57.7496 , 2)  (54.8999 , 7)  (51.649 , 4)  (48.918 , 9)  (45.9997 , 1)  (39.1959 , 6)  (33.557 , 3)  
(96.7374 , 8)  (62.3856 , 6)  (57.7479 , 7)  (57.4085 , 1)  (52.7865 , 2)  (50.728 , 5)  (47.4018 , 3)  (47.2234 , 9)  (34.3101 , 4)  
(95.2114 , 3)  (62.9922 , 7)  (56.5162 , 6)  (55.633 , 1)  (53.5101 , 5)  (53.3088 , 9)  (51.2616 , 2)  (39.985 , 8)  (36.424 , 4)  
(100.376 , 2)  (58.0588 , 8)  (55.1224 , 1)  (54.1959 , 6)  (53.0548 , 3)  (52.9816 , 9)  (49.5322 , 5)  (48.0126 , 7)  (40.8232 , 4)  
