 -------------------328------------
(96.9899 , 2)  (60.1578 , 1)  (59.2074 , 3)  (52.0477 , 5)  (50.8749 , 9)  (48.6428 , 4)  (46.9288 , 8)  (46.2502 , 7)  (42.5389 , 6)  
(108.027 , 7)  (54.2737 , 8)  (50.1843 , 4)  (49.6959 , 9)  (47.7723 , 6)  (47.6568 , 1)  (47.1268 , 3)  (46.3516 , 2)  (45.7001 , 5)  
(98.4096 , 1)  (75.5936 , 7)  (58.1225 , 4)  (48.5152 , 6)  (47.7796 , 9)  (47.534 , 5)  (46.3873 , 2)  (45.933 , 3)  (42.6004 , 8)  
(92.3324 , 4)  (73.7694 , 6)  (57.7979 , 7)  (56.5358 , 8)  (50.6807 , 3)  (50.4615 , 1)  (46.4268 , 9)  (44.8962 , 2)  (41.8604 , 5)  
(100.325 , 5)  (58.002 , 6)  (55.6936 , 9)  (54.0678 , 7)  (51.3932 , 8)  (51.0762 , 1)  (49.9472 , 4)  (49.2442 , 2)  (48.2378 , 3)  
(106.98 , 6)  (56.8487 , 3)  (50.2065 , 8)  (48.803 , 2)  (48.4628 , 9)  (48.2831 , 7)  (48.1468 , 4)  (48.0395 , 1)  (47.5516 , 5)  
(100.588 , 8)  (55.0817 , 9)  (54.8899 , 6)  (54.2712 , 1)  (53.4284 , 7)  (50.8408 , 4)  (49.6694 , 3)  (49.3331 , 2)  (44.0455 , 5)  
(97.8159 , 9)  (55.4241 , 7)  (54.2751 , 4)  (51.4337 , 1)  (50.4608 , 6)  (49.7716 , 2)  (47.8352 , 5)  (47.1353 , 8)  (45.2772 , 3)  
(78.741 , 3)  (63.5319 , 8)  (61.5315 , 2)  (59.3402 , 5)  (58.4509 , 7)  (54.8889 , 4)  (50.491 , 6)  (47.6514 , 1)  (46.7979 , 9)  
