 -------------------268------------
(106.808 , 7)  (56.9377 , 6)  (53.2657 , 9)  (50.9013 , 3)  (49.1728 , 2)  (48.9579 , 1)  (47.7441 , 5)  (46.8905 , 4)  (44.0582 , 8)  
(93.683 , 3)  (67.8134 , 2)  (63.0728 , 1)  (57.6411 , 4)  (56.8674 , 9)  (55.5751 , 8)  (54.0864 , 6)  (42.0293 , 7)  (40.7713 , 5)  
(100.509 , 8)  (63.9131 , 5)  (57.9032 , 6)  (54.4911 , 7)  (52.4239 , 3)  (48.9264 , 4)  (48.6435 , 9)  (48.4378 , 2)  (48.218 , 1)  
(93.0024 , 1)  (74.2853 , 7)  (61.9425 , 4)  (55.3053 , 6)  (51.3794 , 2)  (51.0728 , 3)  (47.5387 , 5)  (44.4523 , 9)  (41.603 , 8)  
(99.3623 , 9)  (62.6686 , 7)  (55.2976 , 6)  (53.3848 , 2)  (53.3033 , 8)  (52.8313 , 1)  (48.261 , 3)  (45.7168 , 4)  (39.1389 , 5)  
(88.5201 , 5)  (71.6902 , 3)  (64.6283 , 6)  (62.1996 , 1)  (49.6455 , 7)  (49.5225 , 8)  (48.2315 , 9)  (43.6548 , 4)  (39.0029 , 2)  
(101.589 , 6)  (60.642 , 8)  (59.1759 , 4)  (53.9774 , 3)  (53.4279 , 7)  (48.5233 , 1)  (43.2822 , 5)  (39.4669 , 9)  (36.9909 , 2)  
(87.0398 , 4)  (74.4937 , 6)  (59.0005 , 7)  (50.6681 , 9)  (49.7744 , 1)  (49.4892 , 3)  (49.1295 , 5)  (48.6942 , 8)  (48.6005 , 2)  
(101.921 , 2)  (60.4612 , 3)  (58.8883 , 6)  (57.8007 , 8)  (56.4938 , 9)  (55.5255 , 1)  (46.0597 , 4)  (41.3793 , 5)  (40.0516 , 7)  
