 -------------------366------------
(102.38 , 3)  (57.4226 , 7)  (55.0993 , 5)  (52.3993 , 4)  (52.2495 , 2)  (50.5879 , 8)  (48.648 , 6)  (44.0404 , 9)  (40.3836 , 1)  
(79.1813 , 6)  (65.5376 , 9)  (60.651 , 2)  (60.282 , 4)  (56.1247 , 8)  (50.5969 , 7)  (46.187 , 5)  (44.7562 , 1)  (43.1002 , 3)  
(99.0623 , 1)  (64.52 , 2)  (62.4373 , 4)  (52.1299 , 9)  (51.778 , 8)  (49.8851 , 3)  (44.4538 , 7)  (40.713 , 5)  (36.8969 , 6)  
(97.6409 , 8)  (56.7754 , 6)  (55.6322 , 2)  (54.7295 , 5)  (53.7627 , 7)  (49.6096 , 1)  (49.0827 , 4)  (48.3477 , 9)  (42.8994 , 3)  
(105.541 , 4)  (62.9193 , 2)  (58.9761 , 7)  (53.1849 , 6)  (52.7392 , 9)  (47.6864 , 5)  (46.3303 , 3)  (41.8359 , 1)  (35.6489 , 8)  
(101.51 , 5)  (60.2236 , 8)  (58.0818 , 9)  (49.4744 , 4)  (48.8337 , 3)  (48.5091 , 1)  (46.0455 , 6)  (44.3941 , 2)  (43.3442 , 7)  
(98.9553 , 7)  (64.0511 , 2)  (60.1448 , 6)  (58.4281 , 1)  (49.8601 , 3)  (49.6452 , 8)  (47.3094 , 5)  (44.2999 , 9)  (39.0997 , 4)  
(79.7588 , 7)  (74.6016 , 9)  (69.9968 , 1)  (56.3094 , 8)  (52.0909 , 2)  (51.4801 , 6)  (44.9039 , 5)  (42.6666 , 3)  (37.3287 , 4)  
(101.851 , 2)  (59.5542 , 6)  (59.5388 , 3)  (58.6594 , 9)  (54.5411 , 1)  (47.2203 , 8)  (43.4914 , 5)  (40.7618 , 7)  (40.0532 , 4)  
