 -------------------826------------
(68.3211 , 5)  (67.1863 , 3)  (65.186 , 7)  (61.0055 , 2)  (59.9363 , 6)  (59.0365 , 8)  (50.4124 , 9)  (48.5272 , 1)  (38.3292 , 4)  
(100.331 , 8)  (59.5247 , 1)  (55.3006 , 6)  (55.0096 , 7)  (54.2979 , 9)  (53.2346 , 3)  (48.0855 , 2)  (45.7434 , 5)  (43.032 , 4)  
(108.064 , 7)  (56.9048 , 9)  (53.8844 , 6)  (49.3859 , 2)  (48.822 , 5)  (48.7263 , 1)  (45.1969 , 3)  (44.5431 , 4)  (40.1167 , 8)  
(99.4143 , 4)  (69.0098 , 6)  (64.6315 , 2)  (57.8938 , 5)  (49.077 , 9)  (47.307 , 7)  (44.0396 , 1)  (36.658 , 3)  (32.9002 , 8)  
(96.9312 , 2)  (59.4182 , 7)  (58.4657 , 9)  (56.2123 , 3)  (51.2041 , 8)  (48.5685 , 5)  (46.5671 , 1)  (45.9771 , 4)  (45.7694 , 6)  
(97.9871 , 3)  (67.6959 , 8)  (55.5238 , 5)  (55.4394 , 9)  (52.7567 , 4)  (52.6131 , 7)  (49.8409 , 2)  (48.0576 , 1)  (47.4996 , 6)  
(95.6952 , 6)  (78.658 , 8)  (56.7804 , 1)  (55.7208 , 5)  (51.9148 , 7)  (50.1163 , 4)  (49.0417 , 3)  (40.9393 , 9)  (36.5557 , 2)  
(81.2303 , 9)  (70.6899 , 4)  (58.637 , 2)  (58.3287 , 7)  (54.0918 , 6)  (52.1346 , 1)  (51.3347 , 5)  (43.7028 , 8)  (39.2705 , 3)  
(104.266 , 1)  (53.6059 , 7)  (52.3196 , 2)  (50.6404 , 4)  (50.5655 , 8)  (50.06 , 9)  (48.869 , 3)  (47.6978 , 5)  (40.7014 , 6)  
