 -------------------1002------------
(90.6242 , 2)  (61.8284 , 3)  (60.2404 , 6)  (55.5258 , 1)  (52.7709 , 8)  (48.8972 , 7)  (48.5331 , 4)  (47.0511 , 5)  (43.6137 , 9)  
(107.284 , 3)  (53.3552 , 2)  (52.277 , 6)  (47.8722 , 9)  (47.1837 , 1)  (46.8184 , 4)  (46.7208 , 5)  (45.8226 , 7)  (40.6137 , 8)  
(90.513 , 4)  (69.0988 , 6)  (60.3413 , 5)  (54.4298 , 2)  (53.1011 , 9)  (51.3326 , 7)  (45.6682 , 1)  (41.9117 , 8)  (41.1978 , 3)  
(101.58 , 1)  (59.1711 , 7)  (54.1821 , 6)  (53.219 , 4)  (52.8956 , 3)  (52.5689 , 9)  (50.1431 , 5)  (46.7712 , 2)  (43.0504 , 8)  
(85.2857 , 5)  (66.8423 , 6)  (60.8575 , 8)  (58.3295 , 1)  (58.1196 , 3)  (48.0899 , 4)  (45.7065 , 7)  (45.5205 , 9)  (40.1702 , 2)  
(93.6504 , 9)  (63.9124 , 5)  (63.7501 , 6)  (59.1954 , 7)  (50.4806 , 4)  (49.0595 , 1)  (47.5958 , 2)  (46.3114 , 8)  (43.9275 , 3)  
(107.306 , 8)  (59.9076 , 6)  (55.4409 , 1)  (52.0184 , 3)  (51.5335 , 7)  (49.4265 , 4)  (46.1557 , 5)  (41.905 , 2)  (36.6897 , 9)  
(100.649 , 6)  (67.4387 , 8)  (56.7887 , 4)  (55.4709 , 1)  (54.3022 , 5)  (48.7206 , 7)  (46.9676 , 3)  (44.5432 , 2)  (40.7936 , 9)  
(90.6562 , 7)  (62.858 , 9)  (59.2293 , 8)  (58.0556 , 2)  (51.481 , 6)  (50.8061 , 1)  (47.519 , 5)  (45.3587 , 3)  (41.1469 , 4)  
