 -------------------247------------
(90.4279 , 8)  (72.2986 , 3)  (53.9119 , 7)  (52.9089 , 4)  (52.7869 , 9)  (52.5857 , 5)  (49.6485 , 1)  (47.9715 , 6)  (47.4298 , 2)  
(95.7245 , 4)  (69.2779 , 6)  (55.7717 , 7)  (54.6835 , 1)  (52.2843 , 2)  (51.8813 , 8)  (49.3675 , 3)  (46.9417 , 5)  (31.6571 , 9)  
(105.351 , 6)  (56.8138 , 1)  (53.9521 , 3)  (51.5343 , 2)  (51.4486 , 5)  (50.0263 , 4)  (46.5668 , 7)  (44.9297 , 8)  (44.6046 , 9)  
(94.7393 , 9)  (67.8539 , 7)  (59.1735 , 6)  (53.2313 , 1)  (51.1236 , 2)  (49.0617 , 5)  (45.1231 , 4)  (43.7396 , 3)  (42.1853 , 8)  
(104.908 , 1)  (61.9989 , 7)  (50.028 , 8)  (48.6481 , 2)  (48.2031 , 5)  (48.1457 , 9)  (47.5074 , 6)  (45.1997 , 3)  (40.2854 , 4)  
(89.6257 , 3)  (66.0493 , 7)  (61.5302 , 5)  (55.5966 , 9)  (54.0386 , 1)  (52.2732 , 2)  (51.5555 , 6)  (46.9935 , 4)  (45.5929 , 8)  
(107.682 , 7)  (57.594 , 6)  (50.7131 , 9)  (49.4331 , 5)  (48.0589 , 1)  (47.53 , 2)  (42.8684 , 4)  (42.7009 , 8)  (40.6069 , 3)  
(83.2652 , 5)  (63.1034 , 6)  (61.2757 , 3)  (55.2618 , 9)  (52.2908 , 2)  (51.0587 , 1)  (48.6582 , 4)  (45.9982 , 7)  (45.462 , 8)  
(77.6243 , 2)  (65.3922 , 8)  (63.0174 , 3)  (60.3315 , 6)  (60.0845 , 7)  (51.486 , 4)  (50.8686 , 1)  (45.5943 , 5)  (45.02 , 9)  
