 -------------------742------------
(95.9545 , 8)  (67.7962 , 7)  (64.376 , 1)  (57.8723 , 6)  (53.6713 , 3)  (47.9322 , 4)  (47.1387 , 2)  (44.7773 , 9)  (37.5764 , 5)  
(89.98 , 6)  (63.5131 , 1)  (63.4486 , 3)  (58.0515 , 4)  (49.5638 , 5)  (45.8511 , 7)  (44.272 , 8)  (43.2147 , 9)  (39.3706 , 2)  
(107.838 , 7)  (53.2132 , 5)  (52.7966 , 2)  (52.6569 , 8)  (49.6208 , 4)  (49.5671 , 3)  (48.1652 , 1)  (45.6173 , 6)  (45.2322 , 9)  
(94.1632 , 3)  (70.1892 , 2)  (60.788 , 9)  (55.2437 , 1)  (54.2374 , 4)  (53.7053 , 7)  (52.6212 , 5)  (41.9816 , 6)  (38.2609 , 8)  
(88.8417 , 4)  (77.5738 , 6)  (58.555 , 1)  (53.2445 , 7)  (52.4564 , 2)  (50.7312 , 5)  (46.9171 , 9)  (43.4334 , 8)  (38.9292 , 3)  
(94.927 , 9)  (68.6176 , 7)  (59.4943 , 6)  (52.5638 , 2)  (50.7406 , 1)  (49.1811 , 3)  (48.6403 , 4)  (45.4647 , 8)  (43.9951 , 5)  
(80.5563 , 2)  (72.2355 , 1)  (66.5337 , 8)  (58.249 , 3)  (50.815 , 5)  (50.7075 , 6)  (49.2643 , 9)  (44.1752 , 7)  (39.2141 , 4)  
(100.888 , 1)  (66.8449 , 7)  (59.4101 , 4)  (50.097 , 2)  (47.8224 , 3)  (46.5709 , 6)  (44.8523 , 5)  (42.9384 , 9)  (42.7103 , 8)  
(103.418 , 5)  (69.4489 , 8)  (53.7947 , 6)  (53.4304 , 4)  (49.6529 , 1)  (45.267 , 2)  (44.3248 , 9)  (42.3758 , 3)  (41.7831 , 7)  
