 -------------------659------------
(93.6271 , 7)  (65.4142 , 9)  (56.7372 , 6)  (56.6043 , 1)  (55.5092 , 2)  (53.5113 , 3)  (47.8628 , 5)  (46.8658 , 8)  (45.0035 , 4)  
(102.968 , 8)  (72.484 , 9)  (61.3709 , 7)  (55.0685 , 6)  (52.8369 , 1)  (47.4165 , 2)  (46.844 , 4)  (39.1432 , 3)  (31.3658 , 5)  
(105.545 , 6)  (55.7159 , 8)  (53.1974 , 3)  (51.7374 , 7)  (46.2298 , 4)  (44.4265 , 9)  (44.4236 , 5)  (44.2639 , 1)  (38.7089 , 2)  
(93.2461 , 5)  (69.2975 , 3)  (60.0222 , 9)  (55.4107 , 1)  (53.6411 , 6)  (51.5564 , 8)  (46.6864 , 2)  (37.8848 , 7)  (36.9716 , 4)  
(79.4642 , 4)  (69.0082 , 7)  (64.9774 , 6)  (60.6283 , 9)  (51.6657 , 1)  (51.4005 , 2)  (47.196 , 5)  (45.4787 , 3)  (36.0838 , 8)  
(101.94 , 2)  (65.3129 , 8)  (63.1209 , 6)  (58.1032 , 7)  (52.7617 , 9)  (50.66 , 3)  (45.6774 , 4)  (39.4102 , 5)  (37.68 , 1)  
(91.0088 , 3)  (59.6748 , 5)  (54.232 , 8)  (54.1232 , 7)  (50.4542 , 2)  (50.0955 , 4)  (50.0914 , 9)  (49.9748 , 6)  (44.2185 , 1)  
(86.6899 , 9)  (66.0422 , 4)  (59.8623 , 7)  (56.4837 , 3)  (49.7495 , 6)  (49.5721 , 5)  (48.1535 , 2)  (42.6564 , 8)  (41.0186 , 1)  
(103.876 , 1)  (55.6598 , 7)  (52.0825 , 8)  (50.5359 , 3)  (50.362 , 2)  (48.9713 , 4)  (48.3451 , 5)  (46.1296 , 6)  (43.0493 , 9)  
