 -------------------74------------
(96.2618 , 2)  (64.3721 , 1)  (56.5144 , 8)  (56.3924 , 3)  (54.4088 , 6)  (50.2835 , 9)  (40.0628 , 7)  (39.4623 , 4)  (37.1302 , 5)  
(96.0011 , 6)  (59.5342 , 3)  (55.3191 , 4)  (52.2434 , 1)  (46.8239 , 7)  (45.9469 , 5)  (44.9566 , 8)  (40.6042 , 9)  (37.2164 , 2)  
(107.238 , 7)  (56.0528 , 6)  (54.1197 , 4)  (49.5141 , 9)  (48.8151 , 2)  (48.7041 , 1)  (45.4395 , 3)  (45.356 , 8)  (45.264 , 5)  
(101.436 , 5)  (65.6072 , 6)  (63.1169 , 2)  (56.0071 , 4)  (49.9275 , 3)  (48.2209 , 7)  (47.1403 , 1)  (45.6604 , 9)  (43.2678 , 8)  
(91.7522 , 8)  (61.8459 , 2)  (59.5264 , 9)  (54.0514 , 1)  (52.2706 , 7)  (52.2173 , 6)  (49.6702 , 4)  (47.7176 , 3)  (38.9629 , 5)  
(73.6625 , 4)  (64.2463 , 1)  (57.1227 , 6)  (54.6933 , 5)  (54.5963 , 9)  (48.5747 , 8)  (48.2424 , 2)  (48.1479 , 7)  (44.0638 , 3)  
(88.3584 , 3)  (67.2146 , 7)  (63.1134 , 9)  (57.7626 , 4)  (54.8864 , 8)  (53.0801 , 2)  (50.7199 , 5)  (49.3767 , 1)  (45.3778 , 6)  
(102.12 , 1)  (60.4995 , 7)  (52.4861 , 4)  (52.3665 , 6)  (52.2778 , 3)  (49.2003 , 8)  (47.4957 , 2)  (46.6166 , 5)  (46.0388 , 9)  
(96.6245 , 9)  (58.6457 , 4)  (55.4941 , 3)  (55.4008 , 6)  (51.5688 , 7)  (49.2472 , 2)  (49.194 , 8)  (44.8074 , 1)  (44.7657 , 5)  
