 -------------------258------------
(106.88 , 7)  (56.2263 , 6)  (53.0038 , 9)  (51.3328 , 3)  (48.7356 , 2)  (48.3461 , 1)  (47.8976 , 4)  (47.4277 , 5)  (43.7777 , 8)  
(93.722 , 3)  (67.8167 , 2)  (62.9862 , 1)  (57.6935 , 4)  (56.8423 , 9)  (55.5786 , 8)  (54.1167 , 6)  (41.9463 , 7)  (40.8631 , 5)  
(101.385 , 8)  (64.1062 , 5)  (58.1965 , 6)  (55.0589 , 7)  (50.8298 , 3)  (50.0156 , 4)  (48.6089 , 1)  (48.036 , 2)  (46.0854 , 9)  
(97.1216 , 1)  (74.6897 , 7)  (56.5848 , 6)  (56.1553 , 4)  (51.012 , 2)  (48.0444 , 5)  (47.6331 , 3)  (46.2662 , 9)  (41.7933 , 8)  
(99.3236 , 9)  (65.0967 , 7)  (55.321 , 6)  (53.4344 , 2)  (52.594 , 8)  (51.825 , 1)  (47.5029 , 3)  (44.9016 , 4)  (39.6907 , 5)  
(88.8806 , 5)  (72.345 , 3)  (64.5309 , 6)  (61.8876 , 1)  (49.9178 , 7)  (49.6414 , 8)  (47.5522 , 9)  (43.1528 , 4)  (38.3439 , 2)  
(101.749 , 6)  (60.0324 , 8)  (59.1003 , 4)  (53.6234 , 3)  (53.2457 , 7)  (48.4534 , 1)  (43.645 , 5)  (39.7744 , 9)  (36.6707 , 2)  
(86.9157 , 4)  (75.5332 , 6)  (58.5713 , 7)  (51.7907 , 8)  (51.5448 , 1)  (49.1117 , 2)  (48.8512 , 5)  (48.6233 , 9)  (46.0216 , 3)  
(101.934 , 2)  (60.2391 , 3)  (58.7191 , 6)  (57.9763 , 8)  (56.7815 , 9)  (55.5095 , 1)  (46.2264 , 4)  (41.3779 , 5)  (39.7997 , 7)  
