 -------------------580------------
(93.5417 , 4)  (74.6019 , 6)  (66.446 , 9)  (58.8644 , 3)  (54.3246 , 1)  (51.1802 , 7)  (45.9598 , 2)  (45.6471 , 5)  (40.1593 , 8)  
(102.309 , 5)  (57.8306 , 8)  (56.7779 , 4)  (53.0719 , 1)  (47.3071 , 7)  (45.4122 , 6)  (44.7501 , 9)  (43.5165 , 3)  (41.0664 , 2)  
(88.6551 , 9)  (64.5351 , 4)  (58.2776 , 5)  (57.5158 , 2)  (53.8156 , 7)  (48.4099 , 6)  (45.0174 , 3)  (40.4095 , 1)  (35.9654 , 8)  
(104.268 , 1)  (58.4986 , 7)  (51.1937 , 2)  (50.7302 , 8)  (49.3497 , 4)  (48.662 , 6)  (46.9161 , 3)  (43.7902 , 9)  (42.3023 , 5)  
(91.3517 , 6)  (72.5451 , 5)  (62.4011 , 1)  (54.8975 , 2)  (53.023 , 8)  (51.002 , 9)  (50.8078 , 7)  (39.1202 , 4)  (36.64 , 3)  
(101.725 , 8)  (57.6499 , 2)  (52.6908 , 4)  (52.0297 , 1)  (49.1644 , 3)  (49.0675 , 7)  (48.8784 , 5)  (48.3611 , 9)  (47.0455 , 6)  
(94.2921 , 2)  (82.1254 , 7)  (58.9514 , 3)  (54.0705 , 6)  (46.072 , 5)  (45.9139 , 4)  (44.6438 , 1)  (44.0712 , 8)  (42.5514 , 9)  
(78.7265 , 7)  (67.4025 , 9)  (67.31 , 3)  (62.3115 , 2)  (58.9022 , 1)  (55.2164 , 6)  (52.0236 , 8)  (48.5811 , 4)  (37.6893 , 5)  
(106.642 , 3)  (57.5164 , 4)  (55.7105 , 7)  (55.251 , 2)  (49.443 , 1)  (48.0429 , 9)  (45.8652 , 5)  (45.3404 , 6)  (42.7217 , 8)  
