 -------------------506------------
(97.8879 , 9)  (57.0701 , 6)  (55.8233 , 4)  (52.4834 , 2)  (51.7313 , 7)  (51.1927 , 8)  (50.5325 , 1)  (45.1568 , 5)  (44.0553 , 3)  
(98.1656 , 6)  (72.6804 , 8)  (60.3348 , 5)  (57.5758 , 4)  (55.9136 , 7)  (55.1564 , 2)  (51.7786 , 1)  (47.8336 , 3)  (24.9456 , 9)  
(96.5072 , 8)  (58.6755 , 9)  (57.7285 , 2)  (56.3331 , 1)  (56.187 , 4)  (55.8692 , 6)  (52.6973 , 7)  (50.0539 , 3)  (32.8939 , 5)  
(107.836 , 7)  (59.8535 , 1)  (53.8316 , 9)  (53.2398 , 6)  (51.3252 , 3)  (46.8349 , 2)  (41.8688 , 8)  (40.5002 , 4)  (39.7925 , 5)  
(101.341 , 1)  (59.6569 , 7)  (56.3575 , 2)  (54.0598 , 5)  (50.4959 , 8)  (50.2048 , 3)  (47.5108 , 6)  (45.3238 , 9)  (44.9673 , 4)  
(91.4195 , 3)  (65.4763 , 9)  (58.3381 , 2)  (57.1687 , 8)  (53.0903 , 7)  (51.5065 , 4)  (47.2881 , 6)  (47.1707 , 1)  (45.5291 , 5)  
(84.2574 , 5)  (66.7741 , 6)  (64.5011 , 9)  (55.84 , 3)  (50.5831 , 8)  (49.3487 , 2)  (49.1866 , 4)  (46.6767 , 1)  (43.5685 , 7)  
(103.736 , 4)  (63.8833 , 6)  (57.0521 , 7)  (54.8713 , 2)  (52.2318 , 5)  (49.8103 , 8)  (48.0027 , 3)  (43.621 , 1)  (36.0441 , 9)  
(95.6842 , 2)  (64.1504 , 1)  (62.4719 , 9)  (54.8991 , 3)  (48.6652 , 8)  (46.7818 , 5)  (44.675 , 7)  (43.5668 , 6)  (41.2552 , 4)  
