 -------------------193------------
(98.3363 , 5)  (68.4729 , 3)  (63.2389 , 4)  (59.405 , 6)  (57.8946 , 1)  (57.1856 , 8)  (43.0249 , 2)  (39.9149 , 9)  (37.838 , 7)  
(95.7415 , 6)  (57.344 , 1)  (55.4896 , 8)  (54.5295 , 4)  (49.4389 , 2)  (48.9266 , 3)  (48.753 , 9)  (45.2316 , 5)  (45.0326 , 7)  
(100.618 , 8)  (61.3944 , 7)  (56.0603 , 1)  (52.0575 , 6)  (51.2265 , 2)  (50.2052 , 5)  (49.3263 , 4)  (46.6851 , 3)  (46.3072 , 9)  
(104.066 , 3)  (63.2556 , 2)  (52.0249 , 9)  (48.7327 , 6)  (48.5469 , 8)  (46.7827 , 1)  (46.3062 , 4)  (42.7829 , 5)  (41.0663 , 7)  
(101.404 , 4)  (71.0992 , 6)  (59.5307 , 2)  (55.5635 , 7)  (48.9478 , 3)  (46.575 , 5)  (46.4447 , 1)  (46.007 , 8)  (41.5331 , 9)  
(102.525 , 1)  (57.0696 , 7)  (54.5927 , 4)  (53.04 , 3)  (49.8522 , 5)  (49.7276 , 6)  (48.2932 , 8)  (47.9538 , 2)  (47.455 , 9)  
(101.027 , 9)  (57.8001 , 7)  (56.7933 , 8)  (53.1491 , 2)  (52.6825 , 6)  (50.7091 , 1)  (49.9019 , 3)  (46.7104 , 4)  (40.1244 , 5)  
(87.7494 , 7)  (78.7785 , 1)  (65.4494 , 3)  (54.2277 , 2)  (50.6755 , 4)  (50.0655 , 9)  (47.6047 , 6)  (46.5763 , 8)  (43.6775 , 5)  
(92.1639 , 2)  (63.9871 , 5)  (63.2364 , 1)  (58.8505 , 9)  (57.4436 , 6)  (54.2482 , 8)  (50.2802 , 3)  (47.9352 , 7)  (36.802 , 4)  
