 -------------------63------------
(96.3645 , 2)  (64.7694 , 1)  (56.2671 , 3)  (56.17 , 8)  (54.9577 , 6)  (49.6467 , 9)  (40.4418 , 7)  (39.3305 , 4)  (37.1021 , 5)  
(96.0161 , 6)  (59.4848 , 3)  (55.1815 , 4)  (52.577 , 1)  (46.4051 , 7)  (45.8862 , 5)  (44.3161 , 8)  (41.3997 , 9)  (37.3483 , 2)  
(106.298 , 7)  (63.1427 , 6)  (57.1514 , 4)  (51.1319 , 5)  (48.3922 , 9)  (47.7238 , 1)  (47.6069 , 2)  (43.8761 , 3)  (36.9404 , 8)  
(101.436 , 5)  (65.6072 , 6)  (63.1169 , 2)  (56.0071 , 4)  (49.9275 , 3)  (48.2209 , 7)  (47.1403 , 1)  (45.6604 , 9)  (43.2678 , 8)  
(93.9131 , 8)  (63.9357 , 2)  (59.0476 , 4)  (53.5422 , 9)  (52.5726 , 7)  (52.329 , 1)  (49.0907 , 6)  (46.7307 , 3)  (40.171 , 5)  
(73.6391 , 4)  (64.0021 , 1)  (56.7592 , 6)  (55.1574 , 5)  (54.1352 , 9)  (48.7973 , 2)  (48.3308 , 7)  (47.7766 , 8)  (44.2983 , 3)  
(86.6401 , 3)  (66.2162 , 7)  (62.7361 , 9)  (58.4453 , 4)  (56.3916 , 2)  (53.7957 , 8)  (53.1631 , 5)  (48.7898 , 1)  (45.5086 , 6)  
(102.94 , 1)  (60.7376 , 7)  (54.2174 , 6)  (52.5994 , 3)  (51.6132 , 4)  (48.5081 , 8)  (47.6994 , 2)  (45.5506 , 5)  (44.0763 , 9)  
(95.6816 , 9)  (62.8419 , 4)  (55.2118 , 3)  (54.2988 , 8)  (53.015 , 6)  (50.8908 , 7)  (48.6908 , 2)  (45.8037 , 1)  (44.337 , 5)  
