 -------------------697------------
(92.4417 , 8)  (60.5886 , 1)  (59.4308 , 2)  (58.8136 , 4)  (56.0344 , 6)  (54.2397 , 9)  (49.5524 , 7)  (44.9241 , 3)  (40.7519 , 5)  
(90.2638 , 3)  (66.7536 , 2)  (65.2631 , 9)  (58.7576 , 5)  (58.1548 , 1)  (55.2326 , 7)  (50.3896 , 4)  (45.2448 , 6)  (31.4417 , 8)  
(98.3866 , 7)  (62.7216 , 4)  (61.8534 , 6)  (54.6281 , 5)  (53.7486 , 1)  (47.0176 , 8)  (45.5182 , 9)  (45.0998 , 3)  (40.7073 , 2)  
(99.6478 , 2)  (65.173 , 1)  (56.9088 , 8)  (56.41 , 5)  (50.4053 , 7)  (45.1147 , 4)  (45.0016 , 3)  (44.2097 , 9)  (41.0315 , 6)  
(103.422 , 1)  (63.3565 , 7)  (51.446 , 4)  (50.4538 , 6)  (49.9128 , 9)  (49.8932 , 5)  (45.5534 , 3)  (45.4792 , 2)  (42.3134 , 8)  
(104.372 , 4)  (55.4339 , 7)  (54.6024 , 9)  (50.6143 , 1)  (48.6395 , 6)  (47.3267 , 3)  (47.1374 , 5)  (45.825 , 2)  (41.9348 , 8)  
(81.0221 , 9)  (66.9191 , 4)  (58.4529 , 7)  (53.551 , 6)  (53.0597 , 3)  (52.7106 , 5)  (51.8359 , 2)  (44.9488 , 1)  (43.2386 , 8)  
(104.676 , 6)  (54.1207 , 2)  (53.443 , 5)  (52.0529 , 4)  (51.7087 , 3)  (48.6804 , 1)  (48.2933 , 9)  (47.3148 , 8)  (43.7831 , 7)  
(103.105 , 5)  (53.0745 , 2)  (52.3232 , 4)  (51.6606 , 6)  (50.9625 , 3)  (50.6096 , 7)  (46.4973 , 9)  (46.4794 , 1)  (44.7132 , 8)  
