 -------------------409------------
(96.9759 , 8)  (59.7566 , 2)  (55.7676 , 6)  (55.0325 , 9)  (52.3371 , 7)  (48.5121 , 4)  (47.5008 , 1)  (43.5574 , 5)  (43.4713 , 3)  
(99.0172 , 7)  (65.7185 , 2)  (56.664 , 1)  (56.0197 , 3)  (54.4863 , 6)  (52.3264 , 8)  (51.0648 , 4)  (46.4703 , 5)  (44.0504 , 9)  
(107.229 , 4)  (54.5031 , 2)  (52.6603 , 8)  (50.0195 , 9)  (48.9962 , 1)  (47.6852 , 6)  (46.4664 , 3)  (44.4088 , 7)  (44.3661 , 5)  
(107.771 , 2)  (55.5393 , 5)  (55.3435 , 6)  (55.2102 , 7)  (53.087 , 8)  (51.0989 , 1)  (48.1359 , 9)  (44.0941 , 4)  (41.8592 , 3)  
(103.971 , 1)  (58.107 , 6)  (58.0969 , 2)  (57.0192 , 7)  (54.4094 , 4)  (51.809 , 5)  (47.6574 , 9)  (43.5221 , 3)  (34.7932 , 8)  
(99.9077 , 9)  (55.2192 , 5)  (54.2989 , 7)  (51.7744 , 3)  (50.9056 , 2)  (50.5608 , 6)  (49.7911 , 1)  (49.7088 , 4)  (44.5081 , 8)  
(90.7038 , 3)  (63.689 , 2)  (60.8679 , 9)  (60.4333 , 1)  (58.0093 , 6)  (54.5006 , 8)  (53.7119 , 7)  (48.9987 , 5)  (41.3109 , 4)  
(92.9204 , 5)  (63.7404 , 6)  (62.1531 , 3)  (56.7973 , 9)  (56.3208 , 7)  (51.5553 , 1)  (47.4524 , 2)  (45.1034 , 8)  (29.1174 , 4)  
(101.896 , 6)  (59.1938 , 4)  (56.0761 , 9)  (55.2984 , 2)  (52.2263 , 3)  (51.8793 , 8)  (50.3822 , 1)  (46.0736 , 7)  (44.0251 , 5)  
