 -------------------1084------------
(102.699 , 3)  (61.8777 , 7)  (58.4865 , 6)  (56.9298 , 1)  (56.5513 , 9)  (56.0445 , 2)  (44.9964 , 8)  (40.586 , 5)  (39.0625 , 4)  
(103.349 , 7)  (57.0326 , 3)  (54.4443 , 6)  (53.7606 , 9)  (53.5747 , 1)  (48.1843 , 2)  (46.4696 , 5)  (44.1181 , 4)  (39.373 , 8)  
(96.0785 , 2)  (60.1334 , 3)  (56.0419 , 1)  (55.156 , 8)  (54.593 , 9)  (54.3014 , 6)  (49.7323 , 7)  (41.0967 , 5)  (38.9915 , 4)  
(86.0613 , 9)  (71.4233 , 7)  (63.4244 , 6)  (56.9669 , 5)  (52.0423 , 2)  (50.0864 , 3)  (48.4486 , 1)  (47.4807 , 4)  (43.3429 , 8)  
(96.1161 , 4)  (70.4216 , 6)  (61.4881 , 7)  (52.4987 , 1)  (50.1483 , 3)  (46.8191 , 9)  (45.931 , 2)  (45.1681 , 5)  (43.1818 , 8)  
(105.278 , 1)  (60.6798 , 7)  (50.5161 , 4)  (49.9514 , 6)  (49.4369 , 9)  (48.9843 , 5)  (47.5908 , 3)  (47.2969 , 2)  (43.8152 , 8)  
(102.812 , 6)  (63.7713 , 8)  (53.0711 , 5)  (52.0971 , 4)  (51.6343 , 1)  (51.203 , 7)  (46.1859 , 3)  (39.8962 , 2)  (38.7257 , 9)  
(93.071 , 8)  (56.0362 , 5)  (55.9218 , 3)  (55.8487 , 7)  (54.3041 , 4)  (53.1058 , 9)  (52.4944 , 1)  (51.0359 , 6)  (46.8652 , 2)  
(90.8924 , 5)  (58.2629 , 1)  (54.3855 , 6)  (53.7483 , 3)  (50.6539 , 7)  (50.5908 , 9)  (46.7893 , 2)  (44.6827 , 4)  (44.4216 , 8)  
