 -------------------788------------
(102.721 , 1)  (62.7664 , 7)  (57.0637 , 6)  (56.7483 , 4)  (51.2035 , 3)  (48.4638 , 2)  (45.9459 , 9)  (44.8514 , 5)  (39.7045 , 8)  
(86.1949 , 3)  (83.0172 , 7)  (58.4049 , 6)  (57.6778 , 5)  (56.2042 , 1)  (49.3981 , 2)  (46.5823 , 4)  (33.8595 , 9)  (33.8304 , 8)  
(77.2975 , 4)  (70.1651 , 2)  (64.0065 , 1)  (60.6188 , 6)  (54.9879 , 5)  (49.7129 , 8)  (48.726 , 7)  (45.448 , 9)  (39.2973 , 3)  
(93.9003 , 8)  (62.6602 , 3)  (61.6429 , 9)  (60.6625 , 6)  (55.0065 , 2)  (53.6243 , 7)  (43.7086 , 5)  (42.9306 , 4)  (42.6976 , 1)  
(97.9426 , 6)  (60.8196 , 4)  (55.8142 , 3)  (54.4763 , 1)  (51.8986 , 7)  (51.3154 , 5)  (50.837 , 2)  (46.5678 , 9)  (37.5363 , 8)  
(102.444 , 2)  (67.9452 , 3)  (57.5959 , 5)  (55.9913 , 1)  (51.6151 , 9)  (49.1979 , 4)  (48.2716 , 7)  (38.119 , 6)  (34.2637 , 8)  
(103.228 , 5)  (61.9494 , 3)  (54.3598 , 7)  (51.6835 , 2)  (51.4056 , 6)  (51.0831 , 9)  (46.8801 , 1)  (42.3334 , 8)  (39.8174 , 4)  
(98.64 , 7)  (62.2354 , 1)  (59.9628 , 2)  (59.5044 , 9)  (55.7534 , 6)  (54.2714 , 3)  (43.6005 , 8)  (40.4439 , 4)  (37.6155 , 5)  
(79.1046 , 5)  (73.2222 , 9)  (61.4124 , 2)  (58.1068 , 4)  (55.308 , 7)  (51.0467 , 1)  (49.1453 , 6)  (44.1798 , 3)  (41.7648 , 8)  
