 -------------------990------------
(86.3762 , 4)  (80.7888 , 6)  (68.162 , 9)  (55.4629 , 7)  (54.2087 , 1)  (52.0762 , 5)  (45.7835 , 2)  (44.444 , 3)  (42.9421 , 8)  
(91.6025 , 8)  (71.7116 , 9)  (64.1415 , 2)  (59.8869 , 5)  (51.9719 , 6)  (51.6004 , 7)  (48.4998 , 4)  (41.9492 , 3)  (39.4442 , 1)  
(94.6242 , 5)  (76.3857 , 3)  (61.5122 , 6)  (54.9375 , 9)  (49.5114 , 1)  (44.8244 , 7)  (43.1452 , 2)  (42.4185 , 8)  (40.5204 , 4)  
(107.389 , 2)  (55.2095 , 8)  (55.1156 , 9)  (52.9137 , 7)  (52.7261 , 1)  (47.9682 , 3)  (47.2982 , 5)  (46.9311 , 6)  (40.0103 , 4)  
(91.4341 , 6)  (55.4282 , 4)  (54.9784 , 7)  (54.1576 , 5)  (53.0785 , 9)  (51.1317 , 1)  (47.3455 , 3)  (43.6727 , 8)  (38.6218 , 2)  
(101.22 , 9)  (63.3688 , 7)  (57.6544 , 6)  (56.7179 , 2)  (52.5559 , 4)  (47.7923 , 3)  (45.2808 , 5)  (39.9549 , 1)  (36.8113 , 8)  
(101.584 , 1)  (62.449 , 7)  (62.0906 , 4)  (51.0396 , 2)  (46.3206 , 3)  (46.2101 , 6)  (46.0181 , 8)  (45.3878 , 9)  (44.9041 , 5)  
(107.265 , 7)  (55.3851 , 1)  (51.812 , 6)  (51.1904 , 5)  (51.1707 , 4)  (49.1088 , 8)  (48.6029 , 2)  (48.4905 , 3)  (45.6454 , 9)  
(102.264 , 3)  (65.606 , 2)  (58.1373 , 5)  (51.4897 , 6)  (50.2247 , 4)  (49.9139 , 7)  (49.1569 , 9)  (45.4836 , 1)  (38.324 , 8)  
