 -------------------521------------
(107.211 , 6)  (57.0221 , 2)  (52.7108 , 4)  (52.4783 , 1)  (50.0228 , 8)  (49.8599 , 5)  (47.6641 , 9)  (46.7309 , 7)  (41.4195 , 3)  
(103.583 , 7)  (60.9335 , 3)  (56.374 , 6)  (55.7695 , 4)  (53.4455 , 8)  (48.8661 , 1)  (48.1042 , 2)  (41.683 , 5)  (34.7216 , 9)  
(102.064 , 3)  (58.4752 , 9)  (53.1364 , 6)  (52.0089 , 7)  (49.7444 , 1)  (48.7438 , 8)  (48.7376 , 4)  (45.8163 , 2)  (45.0693 , 5)  
(89.1312 , 2)  (65.7379 , 6)  (60.2713 , 7)  (58.1952 , 1)  (55.936 , 3)  (50.0158 , 8)  (48.6725 , 5)  (45.219 , 9)  (43.3611 , 4)  
(103.36 , 4)  (61.8451 , 2)  (57.9982 , 7)  (55.0671 , 1)  (52.4648 , 8)  (48.4853 , 5)  (47.8457 , 3)  (45.6825 , 6)  (37.9079 , 9)  
(94.6269 , 5)  (64.3943 , 3)  (60.1937 , 1)  (56.6503 , 8)  (48.0411 , 2)  (47.792 , 9)  (46.7312 , 4)  (46.3636 , 7)  (46.0717 , 6)  
(102.434 , 1)  (68.2059 , 7)  (52.5482 , 2)  (52.3345 , 6)  (49.7576 , 5)  (49.5906 , 8)  (47.743 , 9)  (45.3373 , 3)  (37.6473 , 4)  
(96.3699 , 8)  (74.7511 , 2)  (58.4703 , 4)  (54.2615 , 7)  (53.0009 , 9)  (52.4596 , 6)  (43.2955 , 1)  (39.2816 , 3)  (37.7639 , 5)  
(95.6722 , 9)  (64.5254 , 4)  (55.8851 , 3)  (51.4867 , 7)  (50.8791 , 2)  (50.0729 , 6)  (47.6209 , 5)  (46.0726 , 1)  (42.8004 , 8)  
