 -------------------455------------
(88.3577 , 8)  (65.8196 , 9)  (61.2035 , 2)  (55.5439 , 6)  (54.5152 , 1)  (53.0784 , 7)  (47.2895 , 3)  (46.1213 , 5)  (39.6813 , 4)  
(97.1051 , 7)  (62.5445 , 2)  (62.4754 , 3)  (58.3701 , 1)  (52.676 , 6)  (51.5921 , 4)  (48.2118 , 8)  (47.9616 , 9)  (46.7831 , 5)  
(105.957 , 4)  (57.4172 , 2)  (52.5564 , 1)  (51.5461 , 8)  (50.5835 , 9)  (48.5825 , 6)  (46.7598 , 5)  (45.5725 , 3)  (43.7018 , 7)  
(109.246 , 2)  (53.9522 , 5)  (51.763 , 6)  (50.8284 , 1)  (50.3319 , 9)  (48.7578 , 7)  (48.4038 , 8)  (45.9896 , 4)  (41.4368 , 3)  
(104.733 , 1)  (58.2483 , 4)  (56.155 , 6)  (54.5685 , 2)  (51.9796 , 5)  (51.3435 , 7)  (48.4428 , 3)  (43.4987 , 9)  (38.6897 , 8)  
(99.4886 , 9)  (54.4341 , 3)  (53.6248 , 5)  (53.1044 , 4)  (52.1351 , 7)  (51.7047 , 2)  (49.9846 , 1)  (47.4106 , 8)  (46.7759 , 6)  
(98.1841 , 3)  (58.8651 , 2)  (58.3082 , 7)  (56.423 , 6)  (55.9341 , 8)  (55.3644 , 1)  (54.4026 , 9)  (51.1119 , 5)  (37.7427 , 4)  
(93.4973 , 5)  (61.5161 , 6)  (59.8327 , 7)  (56.5764 , 3)  (55.1865 , 9)  (51.464 , 1)  (50.4803 , 2)  (46.1206 , 8)  (32.8969 , 4)  
(101.958 , 6)  (60.5712 , 9)  (53.6014 , 8)  (53.5963 , 4)  (52.5493 , 3)  (52.4502 , 2)  (49.439 , 1)  (47.8141 , 7)  (41.6161 , 5)  
