 -------------------104------------
(95.0715 , 4)  (78.7138 , 7)  (59.2358 , 5)  (55.5066 , 6)  (54.6748 , 2)  (48.7502 , 8)  (42.7739 , 3)  (42.1375 , 1)  (33.8017 , 9)  
(93.0208 , 8)  (65.1999 , 1)  (57.5576 , 5)  (54.8202 , 7)  (51.569 , 3)  (51.4418 , 4)  (49.5886 , 2)  (43.49 , 6)  (40.9098 , 9)  
(104.363 , 2)  (56.9612 , 1)  (53.0248 , 9)  (52.966 , 3)  (50.9134 , 8)  (49.7396 , 4)  (47.4898 , 6)  (46.1373 , 5)  (45.3256 , 7)  
(106.06 , 7)  (55.6533 , 6)  (53.3065 , 5)  (52.8944 , 2)  (51.6865 , 9)  (47.5044 , 3)  (46.6788 , 1)  (46.5106 , 4)  (44.211 , 8)  
(97.9621 , 3)  (60.75 , 2)  (58.2948 , 8)  (57.9656 , 9)  (57.8214 , 7)  (55.9851 , 6)  (45.7925 , 1)  (42.0709 , 5)  (41.3367 , 4)  
(105.215 , 1)  (54.9693 , 6)  (54.141 , 7)  (53.7908 , 3)  (52.4204 , 9)  (50.6353 , 4)  (47.9321 , 5)  (46.8026 , 8)  (40.919 , 2)  
(103.64 , 6)  (54.5365 , 9)  (51.417 , 7)  (50.9871 , 5)  (50.6547 , 8)  (49.5802 , 2)  (48.7845 , 1)  (43.7749 , 3)  (42.8694 , 4)  
(92.4342 , 9)  (62.2995 , 7)  (58.0549 , 6)  (52.6078 , 3)  (51.9091 , 2)  (51.2282 , 8)  (47.4348 , 5)  (46.7397 , 1)  (38.2601 , 4)  
(100.012 , 5)  (57.581 , 2)  (55.8898 , 6)  (50.7153 , 7)  (50.5088 , 9)  (47.8245 , 4)  (47.7291 , 8)  (43.0097 , 1)  (42.8874 , 3)  
