 -------------------176------------
(92.3782 , 8)  (67.0066 , 3)  (63.9372 , 2)  (63.6936 , 9)  (56.9825 , 6)  (51.2874 , 4)  (50.9401 , 7)  (44.8705 , 1)  (36.518 , 5)  
(93.6301 , 3)  (70.8797 , 9)  (61.5187 , 2)  (56.8927 , 7)  (54.2068 , 1)  (51.5593 , 4)  (49.4523 , 6)  (48.7808 , 8)  (37.2723 , 5)  
(93.8639 , 9)  (65.2706 , 6)  (61.2618 , 5)  (57.1926 , 7)  (51.1784 , 8)  (50.3448 , 1)  (50.2898 , 4)  (44.2678 , 2)  (41.1889 , 3)  
(87.1992 , 5)  (82.3204 , 8)  (73.2847 , 6)  (59.1626 , 3)  (44.9873 , 9)  (44.462 , 1)  (42.5525 , 2)  (41.9439 , 4)  (41.6474 , 7)  
(75.9348 , 4)  (61.2994 , 9)  (57.1983 , 6)  (56.0765 , 7)  (53.4953 , 1)  (53.1344 , 5)  (52.128 , 2)  (50.6484 , 8)  (46.8273 , 3)  
(92.3495 , 6)  (62.3491 , 3)  (58.2946 , 5)  (53.914 , 7)  (50.4535 , 1)  (48.926 , 8)  (44.1504 , 4)  (43.4893 , 9)  (41.2465 , 2)  
(105.977 , 7)  (57.2283 , 9)  (55.4197 , 6)  (49.7308 , 1)  (47.6268 , 2)  (47.6173 , 5)  (45.92 , 3)  (44.8412 , 8)  (42.2041 , 4)  
(101.123 , 1)  (60.4284 , 7)  (57.8564 , 4)  (49.8423 , 6)  (49.7056 , 2)  (48.2072 , 3)  (48.0366 , 5)  (46.0912 , 9)  (45.3093 , 8)  
(105.247 , 2)  (71.5394 , 1)  (56.0336 , 9)  (53.2469 , 5)  (48.3124 , 6)  (47.5864 , 4)  (46.7453 , 8)  (43.756 , 7)  (43.0036 , 3)  
