 -------------------212------------
(103.261 , 3)  (64.0829 , 5)  (59.2546 , 4)  (52.5461 , 1)  (50.8025 , 6)  (48.7583 , 2)  (46.4031 , 9)  (44.9919 , 8)  (44.2638 , 7)  
(102.433 , 8)  (58.4205 , 3)  (57.2306 , 9)  (52.3814 , 4)  (48.2946 , 1)  (48.1322 , 6)  (46.7349 , 5)  (45.1333 , 2)  (41.2626 , 7)  
(88.8342 , 1)  (62.2343 , 2)  (57.5903 , 4)  (55.1104 , 7)  (52.4423 , 9)  (50.7008 , 3)  (50.5966 , 6)  (50.4248 , 5)  (45.9632 , 8)  
(99.1286 , 4)  (74.3965 , 6)  (64.2089 , 9)  (59.9874 , 7)  (52.6461 , 1)  (48.4411 , 3)  (44.6204 , 2)  (41.3077 , 8)  (39.7066 , 5)  
(107.631 , 7)  (61.7538 , 6)  (59.7832 , 9)  (51.8328 , 2)  (49.4206 , 1)  (43.8422 , 3)  (43.1344 , 4)  (42.6438 , 5)  (40.1276 , 8)  
(99.7357 , 9)  (59.4268 , 7)  (54.9084 , 2)  (52.1052 , 4)  (51.9022 , 1)  (51.4963 , 3)  (48.5411 , 5)  (46.8223 , 6)  (40.0691 , 8)  
(102.908 , 6)  (60.1822 , 4)  (56.7416 , 1)  (50.2727 , 5)  (47.5975 , 7)  (47.4964 , 3)  (47.2849 , 2)  (45.7405 , 8)  (45.72 , 9)  
(108.904 , 2)  (57.8703 , 1)  (53.5379 , 9)  (50.6011 , 3)  (48.991 , 6)  (45.5675 , 8)  (44.9005 , 7)  (43.7621 , 4)  (41.6433 , 5)  
(94.8751 , 5)  (65.3849 , 9)  (61.9455 , 3)  (58.8577 , 6)  (56.7284 , 1)  (48.9517 , 7)  (43.4867 , 2)  (41.4089 , 8)  (35.5474 , 4)  
