 -------------------688------------
(97.826 , 1)  (65.8676 , 7)  (56.8835 , 3)  (53.0341 , 8)  (49.804 , 6)  (48.7457 , 4)  (45.9769 , 2)  (45.6384 , 9)  (44.971 , 5)  
(83.2149 , 8)  (61.3773 , 7)  (56.0197 , 2)  (55.0371 , 6)  (53.8569 , 5)  (50.7228 , 3)  (49.536 , 1)  (49.131 , 4)  (48.2426 , 9)  
(80.8259 , 5)  (65.6663 , 8)  (63.4412 , 4)  (58.6704 , 1)  (58.0791 , 3)  (57.9257 , 6)  (53.8864 , 7)  (40.6249 , 9)  (32.5758 , 2)  
(104.195 , 2)  (57.4483 , 9)  (57.1315 , 3)  (54.9107 , 1)  (49.8002 , 5)  (48.9958 , 8)  (46.2127 , 4)  (44.165 , 6)  (38.3249 , 7)  
(98.6642 , 3)  (63.4112 , 1)  (58.4135 , 9)  (56.4392 , 7)  (52.3415 , 2)  (52.0008 , 6)  (43.7517 , 4)  (40.3993 , 5)  (39.2432 , 8)  
(98.0631 , 9)  (58.7307 , 6)  (56.2184 , 3)  (52.2821 , 7)  (50.4304 , 4)  (49.2863 , 2)  (45.3223 , 1)  (43.8169 , 8)  (43.8012 , 5)  
(92.3663 , 7)  (61.3431 , 9)  (57.8725 , 1)  (55.7857 , 6)  (55.4519 , 3)  (51.9471 , 5)  (51.9393 , 2)  (43.9666 , 4)  (35.3037 , 8)  
(98.6321 , 4)  (65.1818 , 9)  (63.2432 , 6)  (57.5387 , 1)  (50.2549 , 7)  (49.1126 , 5)  (47.7489 , 2)  (42.7109 , 8)  (36.8745 , 3)  
(103.523 , 6)  (56.7181 , 3)  (55.325 , 4)  (53.0426 , 9)  (52.7531 , 2)  (50.0354 , 1)  (48.8169 , 5)  (48.3675 , 7)  (44.6071 , 8)  
