 -------------------200------------
(98.0153 , 5)  (68.6591 , 3)  (62.8458 , 4)  (59.7786 , 6)  (58.0362 , 1)  (57.3119 , 8)  (43.0525 , 2)  (40.2092 , 9)  (37.8856 , 7)  
(95.3158 , 6)  (56.8086 , 1)  (56.2812 , 8)  (54.8115 , 4)  (50.0961 , 2)  (49.5783 , 9)  (49.083 , 3)  (46.7552 , 5)  (44.6365 , 7)  
(100.146 , 8)  (61.7903 , 7)  (55.4081 , 1)  (53.4006 , 6)  (51.5935 , 5)  (51.0808 , 2)  (49.6792 , 4)  (46.3114 , 3)  (44.4501 , 9)  
(104.125 , 3)  (61.8912 , 2)  (51.5073 , 9)  (49.5811 , 8)  (48.6471 , 6)  (46.4249 , 1)  (46.2012 , 4)  (43.2153 , 5)  (41.1372 , 7)  
(101.396 , 4)  (71.0809 , 6)  (59.4662 , 2)  (55.5458 , 7)  (48.9908 , 3)  (46.6048 , 5)  (46.3381 , 1)  (46.054 , 8)  (41.4635 , 9)  
(102.525 , 1)  (57.0696 , 7)  (54.5927 , 4)  (53.04 , 3)  (49.8522 , 5)  (49.7276 , 6)  (48.2932 , 8)  (47.9538 , 2)  (47.455 , 9)  
(101.441 , 9)  (57.7212 , 7)  (55.8456 , 6)  (54.1027 , 8)  (52.936 , 2)  (51.015 , 1)  (47.3722 , 3)  (43.4273 , 4)  (40.5497 , 5)  
(87.7058 , 7)  (79.1549 , 1)  (65.3461 , 3)  (54.3894 , 2)  (50.5204 , 9)  (50.2523 , 4)  (47.78 , 6)  (46.1018 , 8)  (43.8977 , 5)  
(92.5427 , 2)  (63.98 , 5)  (62.779 , 1)  (59.0391 , 9)  (56.9998 , 6)  (53.9916 , 8)  (50.6676 , 3)  (47.8837 , 7)  (37.3205 , 4)  
