 -------------------701------------
(104.184 , 4)  (63.2806 , 2)  (60.1544 , 6)  (59.9613 , 9)  (57.03 , 5)  (55.7427 , 1)  (44.371 , 7)  (34.585 , 3)  (33.7918 , 8)  
(91.4518 , 8)  (64.5156 , 1)  (59.7592 , 3)  (53.5415 , 4)  (53.2292 , 5)  (51.0144 , 2)  (49.5488 , 6)  (48.4086 , 9)  (45.7488 , 7)  
(98.69 , 2)  (60.5497 , 1)  (57.7932 , 9)  (55.505 , 3)  (52.1257 , 7)  (49.5776 , 6)  (49.3901 , 5)  (48.9454 , 4)  (45.062 , 8)  
(104.974 , 3)  (56.0046 , 8)  (52.9369 , 9)  (50.909 , 7)  (50.5532 , 4)  (49.8833 , 1)  (49.4204 , 6)  (48.9705 , 5)  (47.6512 , 2)  
(107.871 , 7)  (53.5587 , 2)  (50.0974 , 1)  (49.4288 , 6)  (49.3559 , 3)  (47.536 , 9)  (47.3462 , 8)  (44.6555 , 5)  (44.3225 , 4)  
(100.811 , 1)  (55.7228 , 7)  (51.9957 , 9)  (50.5645 , 6)  (49.8008 , 2)  (49.2069 , 5)  (48.3713 , 3)  (44.5677 , 4)  (44.4148 , 8)  
(100.325 , 5)  (66.9878 , 4)  (65.9443 , 6)  (60.1808 , 2)  (53.2204 , 3)  (47.4878 , 1)  (47.3463 , 9)  (45.4852 , 7)  (38.2651 , 8)  
(88.4902 , 9)  (62.8181 , 7)  (60.7316 , 6)  (52.3327 , 1)  (51.3431 , 8)  (51.2965 , 3)  (51.2422 , 2)  (49.7538 , 4)  (49.2426 , 5)  
(105.066 , 6)  (54.0772 , 7)  (53.6919 , 8)  (53.4071 , 3)  (50.8172 , 9)  (50.4337 , 1)  (49.5642 , 5)  (49.5262 , 2)  (45.8767 , 4)  
