 -------------------537------------
(100.492 , 4)  (60.6314 , 7)  (57.1881 , 2)  (53.7663 , 9)  (50.6001 , 1)  (50.2399 , 5)  (50.2215 , 6)  (50.0019 , 3)  (39.427 , 8)  
(104.439 , 7)  (64.5811 , 6)  (53.4588 , 3)  (50.6344 , 5)  (50.4515 , 1)  (50.2725 , 9)  (45.4262 , 4)  (41.0625 , 2)  (40.3057 , 8)  
(94.473 , 3)  (71.8107 , 9)  (60.1705 , 2)  (57.1233 , 1)  (55.3219 , 7)  (51.6302 , 6)  (49.2476 , 4)  (46.0017 , 8)  (37.1882 , 5)  
(79.0338 , 9)  (65.0923 , 6)  (58.0898 , 7)  (55.4292 , 3)  (54.996 , 5)  (54.8306 , 1)  (53.9848 , 4)  (39.8721 , 2)  (37.2052 , 8)  
(99.3682 , 1)  (57.4064 , 7)  (54.9899 , 9)  (52.7887 , 6)  (49.46 , 3)  (49.1452 , 2)  (47.78 , 5)  (44.9611 , 8)  (40.7164 , 4)  
(108.024 , 2)  (65.6459 , 9)  (59.2484 , 1)  (50.303 , 6)  (49.7675 , 5)  (47.1046 , 4)  (45.2392 , 3)  (43.3704 , 8)  (34.8743 , 7)  
(95.0851 , 8)  (71.405 , 5)  (69.265 , 1)  (55.8236 , 6)  (51.307 , 2)  (44.0473 , 4)  (43.7369 , 7)  (43.1379 , 9)  (36.2977 , 3)  
(77.3772 , 6)  (66.1344 , 2)  (64.0654 , 1)  (63.9134 , 5)  (61.4445 , 4)  (59.0212 , 3)  (56.3384 , 7)  (36.0591 , 8)  (28.6911 , 9)  
(97.0415 , 5)  (58.9474 , 7)  (58.9355 , 3)  (55.5301 , 9)  (51.7344 , 1)  (51.3637 , 4)  (47.6969 , 8)  (47.5056 , 2)  (47.1961 , 6)  
