 -------------------46------------
(98.1764 , 6)  (71.5899 , 8)  (57.3114 , 3)  (54.4031 , 2)  (52.645 , 7)  (52.3208 , 4)  (52.0068 , 5)  (49.6747 , 1)  (33.1595 , 9)  
(97.14 , 8)  (60.0963 , 9)  (57.3013 , 6)  (54.3086 , 1)  (53.5803 , 2)  (52.6193 , 3)  (51.7705 , 7)  (45.8442 , 4)  (38.7663 , 5)  
(87.4517 , 9)  (62.6017 , 6)  (58.8882 , 2)  (56.3667 , 8)  (51.9151 , 4)  (50.7875 , 7)  (50.5451 , 5)  (48.2137 , 1)  (37.8471 , 3)  
(94.6518 , 3)  (71.2005 , 7)  (55.6808 , 8)  (54.327 , 2)  (50.7065 , 9)  (50.3743 , 6)  (49.1003 , 1)  (46.6714 , 5)  (45.2927 , 4)  
(106.454 , 7)  (52.757 , 8)  (52.5069 , 2)  (51.5674 , 6)  (50.8248 , 5)  (49.6363 , 1)  (47.4136 , 4)  (46.4002 , 9)  (43.4488 , 3)  
(106.081 , 1)  (57.7825 , 7)  (50.6754 , 3)  (47.9209 , 8)  (47.8126 , 6)  (47.071 , 9)  (46.2984 , 4)  (46.0087 , 5)  (42.0385 , 2)  
(103.271 , 5)  (66.3986 , 3)  (59.0438 , 1)  (56.584 , 6)  (50.3574 , 7)  (43.8044 , 2)  (43.4415 , 4)  (42.0815 , 9)  (41.2743 , 8)  
(105.905 , 2)  (54.7964 , 7)  (54.406 , 9)  (50.3922 , 6)  (50.0131 , 8)  (48.6369 , 1)  (48.3165 , 3)  (47.2531 , 5)  (46.6502 , 4)  
(102.486 , 4)  (61.493 , 9)  (57.3283 , 1)  (55.3379 , 7)  (53.506 , 6)  (47.1287 , 5)  (46.2741 , 2)  (44.1584 , 8)  (44.1276 , 3)  
