 -------------------60------------
(95.4793 , 2)  (64.6629 , 1)  (58.0622 , 8)  (57.0325 , 3)  (56.7411 , 6)  (45.6264 , 9)  (41.2 , 7)  (39.5972 , 4)  (35.804 , 5)  
(96.5422 , 6)  (58.4998 , 3)  (54.7739 , 4)  (51.2562 , 1)  (47.6664 , 7)  (46.7662 , 8)  (45.5712 , 5)  (41.7882 , 9)  (37.3248 , 2)  
(105.945 , 7)  (62.1683 , 6)  (58.5475 , 4)  (49.9746 , 5)  (47.9733 , 9)  (47.8307 , 2)  (46.8289 , 1)  (44.9509 , 3)  (38.8771 , 8)  
(101.523 , 5)  (65.4574 , 6)  (62.7252 , 2)  (55.4545 , 4)  (49.6764 , 3)  (48.5023 , 7)  (47.5862 , 1)  (45.9188 , 9)  (42.743 , 8)  
(92.6425 , 8)  (62.4898 , 2)  (58.3237 , 9)  (53.2164 , 4)  (53.1463 , 1)  (50.7669 , 7)  (49.7803 , 6)  (48.9944 , 3)  (39.7961 , 5)  
(74.9544 , 4)  (66.3954 , 1)  (56.715 , 5)  (55.0188 , 6)  (53.9562 , 9)  (51.8867 , 2)  (47.2622 , 7)  (45.6915 , 8)  (43.8634 , 3)  
(88.1441 , 3)  (66.8152 , 7)  (62.2631 , 9)  (57.0178 , 4)  (55.9049 , 2)  (53.0125 , 8)  (52.0867 , 5)  (49.1952 , 1)  (46.1948 , 6)  
(102.469 , 1)  (60.1764 , 7)  (53.3339 , 4)  (51.8868 , 3)  (51.8604 , 6)  (48.3931 , 8)  (47.8054 , 2)  (46.1958 , 5)  (45.8885 , 9)  
(97.1513 , 9)  (57.1277 , 4)  (55.9449 , 6)  (54.2045 , 7)  (52.7638 , 3)  (50.4579 , 8)  (49.3157 , 2)  (45.8877 , 5)  (44.9301 , 1)  
