 -------------------450------------
(84.9658 , 9)  (79.8928 , 7)  (57.9936 , 6)  (52.5207 , 4)  (50.6959 , 3)  (49.1082 , 1)  (47.2808 , 2)  (46.0473 , 8)  (45.3041 , 5)  
(98.9507 , 4)  (61.3103 , 9)  (60.4388 , 6)  (53.0311 , 1)  (51.1397 , 7)  (49.6117 , 3)  (48.8479 , 5)  (47.8695 , 8)  (46.6115 , 2)  
(80.7261 , 3)  (66.3199 , 2)  (64.2658 , 9)  (62.9132 , 7)  (52.0926 , 8)  (48.3969 , 4)  (47.9462 , 6)  (46.1155 , 5)  (42.9926 , 1)  
(80.1063 , 8)  (77.0234 , 2)  (65.4431 , 5)  (58.5772 , 6)  (57.4209 , 9)  (54.489 , 7)  (47.0943 , 4)  (44.4096 , 1)  (37.0091 , 3)  
(98.7065 , 1)  (74.8255 , 7)  (56.0287 , 6)  (53.8198 , 4)  (50.3733 , 2)  (47.7306 , 5)  (47.2261 , 3)  (44.7767 , 9)  (40.6446 , 8)  
(105.522 , 6)  (52.6846 , 8)  (49.9159 , 3)  (49.168 , 9)  (47.4964 , 7)  (46.9767 , 5)  (45.5683 , 4)  (44.7457 , 2)  (44.3806 , 1)  
(96.4337 , 2)  (67.219 , 7)  (58.1711 , 9)  (56.2837 , 6)  (55.4412 , 3)  (54.7606 , 8)  (45.3276 , 1)  (44.5839 , 4)  (37.3714 , 5)  
(104.447 , 7)  (56.8229 , 9)  (54.3123 , 2)  (51.794 , 8)  (49.8758 , 1)  (49.2905 , 4)  (49.0272 , 3)  (48.8903 , 6)  (39.5551 , 5)  
(103.233 , 5)  (70.8196 , 2)  (58.3019 , 8)  (50.1956 , 1)  (47.5741 , 3)  (44.6857 , 7)  (41.6984 , 6)  (41.4048 , 4)  (41.3199 , 9)  
