 -------------------288------------
(98.919 , 5)  (73.7956 , 9)  (64.5289 , 6)  (59.2517 , 4)  (45.6596 , 7)  (45.0893 , 3)  (43.3546 , 1)  (42.8565 , 2)  (38.313 , 8)  
(105.503 , 6)  (54.9685 , 3)  (54.948 , 4)  (52.3458 , 2)  (48.5316 , 9)  (47.0846 , 8)  (46.7425 , 1)  (46.4933 , 7)  (42.4907 , 5)  
(94.2646 , 2)  (58.4264 , 7)  (57.197 , 9)  (54.1722 , 3)  (52.1255 , 5)  (48.4537 , 1)  (47.8042 , 6)  (45.7975 , 8)  (41.6981 , 4)  
(96.6666 , 9)  (61.6724 , 4)  (54.8248 , 7)  (53.1595 , 8)  (52.807 , 1)  (48.6775 , 6)  (45.5208 , 3)  (41.9279 , 2)  (39.4587 , 5)  
(99.9935 , 3)  (63.7215 , 8)  (60.766 , 7)  (57.7362 , 6)  (55.3899 , 2)  (51.5375 , 4)  (45.4798 , 1)  (38.7222 , 9)  (38.3331 , 5)  
(96.9713 , 8)  (67.4758 , 9)  (64.9494 , 7)  (57.3476 , 6)  (56.8031 , 3)  (49.8412 , 1)  (47.8283 , 2)  (42.7444 , 4)  (37.0968 , 5)  
(105.027 , 4)  (57.4041 , 6)  (52.7233 , 2)  (51.6957 , 3)  (49.9483 , 8)  (49.8651 , 1)  (49.202 , 7)  (45.1651 , 9)  (39.0959 , 5)  
(100.497 , 1)  (62.9461 , 6)  (58.7699 , 7)  (51.6397 , 8)  (51.0657 , 4)  (49.747 , 5)  (49.4195 , 2)  (48.2531 , 9)  (43.0299 , 3)  
(107.003 , 7)  (59.1606 , 3)  (58.4852 , 5)  (53.1958 , 6)  (52.1298 , 8)  (51.0646 , 1)  (45.6584 , 4)  (32.9754 , 2)  (32.8952 , 9)  
