 -------------------80------------
(95.4561 , 4)  (75.8921 , 7)  (67.141 , 5)  (60.3311 , 2)  (45.5739 , 3)  (45.4898 , 6)  (42.1046 , 9)  (38.0276 , 8)  (36.3913 , 1)  
(94.9606 , 8)  (65.7131 , 1)  (56.3907 , 5)  (50.6678 , 4)  (50.3277 , 2)  (50.081 , 3)  (49.8555 , 7)  (43.9468 , 9)  (43.4968 , 6)  
(103.31 , 2)  (56.5802 , 1)  (53.0261 , 8)  (52.9825 , 9)  (50.5538 , 7)  (50.3516 , 3)  (49.4063 , 6)  (47.8518 , 5)  (46.4647 , 4)  
(106.998 , 7)  (55.9396 , 6)  (52.3836 , 5)  (50.7839 , 9)  (49.4626 , 3)  (48.6937 , 1)  (47.843 , 2)  (46.6881 , 4)  (43.659 , 8)  
(104.385 , 3)  (59.0334 , 2)  (55.5553 , 7)  (54.0401 , 8)  (52.8452 , 9)  (51.2911 , 6)  (48.4341 , 1)  (38.8304 , 5)  (38.1421 , 4)  
(105.134 , 1)  (53.4198 , 7)  (51.5084 , 8)  (50.4561 , 6)  (50.1387 , 9)  (49.8278 , 3)  (48.3285 , 5)  (46.4136 , 2)  (41.3497 , 4)  
(104.375 , 6)  (55.6475 , 9)  (52.6425 , 7)  (51.2087 , 2)  (49.4078 , 1)  (48.4494 , 5)  (46.933 , 8)  (46.4117 , 3)  (42.4814 , 4)  
(92.7531 , 9)  (61.929 , 7)  (58.0732 , 6)  (53.8955 , 3)  (52.1575 , 8)  (51.1975 , 2)  (46.8555 , 5)  (45.828 , 1)  (39.282 , 4)  
(99.9487 , 5)  (56.7082 , 2)  (55.3085 , 6)  (51.124 , 9)  (48.5437 , 7)  (46.7397 , 8)  (46.3213 , 4)  (44.8019 , 1)  (43.374 , 3)  
