 -------------------202------------
(100.958 , 3)  (64.5198 , 5)  (60.4162 , 6)  (57.631 , 2)  (52.7123 , 7)  (52.6767 , 1)  (52.1097 , 4)  (49.2728 , 9)  (46.9339 , 8)  
(100.245 , 8)  (56.523 , 3)  (55.7497 , 9)  (53.2727 , 4)  (49.4316 , 6)  (47.7004 , 1)  (46.9515 , 2)  (46.9312 , 5)  (45.6514 , 7)  
(89.1704 , 1)  (58.7996 , 2)  (57.9128 , 4)  (57.231 , 7)  (52.1058 , 3)  (50.9987 , 9)  (50.6352 , 5)  (47.9628 , 8)  (47.6511 , 6)  
(100.878 , 4)  (70.1822 , 6)  (61.3502 , 7)  (58.7067 , 9)  (53.5718 , 1)  (49.7302 , 3)  (44.5553 , 8)  (41.944 , 5)  (40.6512 , 2)  
(107.815 , 7)  (59.7289 , 6)  (55.5654 , 9)  (52.1597 , 2)  (49.4654 , 4)  (48.5799 , 1)  (43.684 , 5)  (41.3879 , 3)  (40.3689 , 8)  
(100.224 , 9)  (55.0095 , 2)  (54.594 , 7)  (53.2705 , 3)  (50.7312 , 6)  (50.2811 , 1)  (50.2223 , 4)  (45.9038 , 5)  (42.3098 , 8)  
(103.962 , 6)  (55.8198 , 4)  (53.5029 , 1)  (51.0258 , 5)  (50.588 , 9)  (50.3227 , 3)  (48.41 , 7)  (45.9999 , 2)  (43.1857 , 8)  
(108.415 , 2)  (63.3784 , 1)  (59.2604 , 9)  (51.3635 , 6)  (46.8116 , 7)  (46.2238 , 8)  (45.4513 , 3)  (42.577 , 5)  (35.5105 , 4)  
(99.5362 , 5)  (66.1378 , 3)  (57.1916 , 9)  (55.755 , 6)  (54.7285 , 1)  (50.6271 , 7)  (42.3459 , 2)  (41.1555 , 4)  (40.4422 , 8)  
