 -------------------728------------
(94.9614 , 2)  (77.8985 , 4)  (63.3104 , 7)  (57.7988 , 9)  (53.3804 , 3)  (52.1177 , 5)  (44.1986 , 6)  (43.6692 , 1)  (42.9586 , 8)  
(95.5145 , 7)  (64.5516 , 1)  (62.8451 , 2)  (58.9595 , 3)  (50.8822 , 6)  (50.0185 , 9)  (48.2646 , 8)  (48.0456 , 4)  (44.0222 , 5)  
(80.8415 , 3)  (67.5074 , 7)  (64.1043 , 9)  (56.0728 , 4)  (54.1501 , 1)  (53.6746 , 6)  (46.154 , 2)  (45.9335 , 5)  (39.2719 , 8)  
(97.937 , 4)  (64.2521 , 1)  (60.383 , 7)  (59.866 , 6)  (50.6936 , 9)  (50.5045 , 2)  (48.7936 , 8)  (47.4378 , 5)  (44.3463 , 3)  
(98.5071 , 8)  (60.1435 , 2)  (57.6316 , 9)  (55.3876 , 5)  (54.6266 , 6)  (54.0724 , 1)  (46.9514 , 4)  (44.7923 , 7)  (43.8058 , 3)  
(98.8724 , 9)  (56.4306 , 7)  (56.1645 , 2)  (52.1843 , 6)  (51.3643 , 8)  (50.8977 , 1)  (50.5977 , 3)  (44.7548 , 4)  (41.9799 , 5)  
(102.611 , 1)  (58.7411 , 6)  (58.5959 , 2)  (56.4231 , 7)  (54.1047 , 5)  (44.7243 , 8)  (44.177 , 9)  (43.4562 , 3)  (42.0914 , 4)  
(103.606 , 6)  (54.6939 , 4)  (52.4939 , 2)  (52.4414 , 9)  (50.9631 , 8)  (50.1872 , 1)  (48.7822 , 7)  (47.6539 , 5)  (43.5225 , 3)  
(91.5427 , 5)  (66.4154 , 9)  (62.455 , 6)  (57.913 , 3)  (55.889 , 8)  (53.479 , 2)  (49.0886 , 7)  (46.9749 , 1)  (38.5233 , 4)  
