 -------------------705------------
(100.688 , 4)  (69.5502 , 6)  (61.4846 , 9)  (57.8123 , 2)  (56.1121 , 1)  (50.7336 , 5)  (49.6792 , 7)  (40.0112 , 3)  (34.3155 , 8)  
(94.7579 , 8)  (64.2486 , 1)  (58.3156 , 3)  (54.3108 , 5)  (52.7343 , 4)  (52.2922 , 2)  (47.735 , 7)  (47.4957 , 6)  (45.4189 , 9)  
(98.6767 , 2)  (59.6268 , 1)  (57.9646 , 9)  (54.475 , 3)  (52.7023 , 7)  (51.7109 , 6)  (50.5003 , 5)  (48.3351 , 4)  (44.747 , 8)  
(104.91 , 3)  (55.9285 , 8)  (52.8559 , 9)  (51.1992 , 7)  (51.0476 , 4)  (50.1123 , 5)  (49.5773 , 1)  (48.3743 , 6)  (48.1366 , 2)  
(107.815 , 7)  (53.8263 , 2)  (49.6824 , 1)  (49.3874 , 3)  (48.8966 , 6)  (47.2975 , 8)  (47.1848 , 9)  (45.074 , 4)  (44.5785 , 5)  
(100.796 , 1)  (55.5063 , 7)  (51.8872 , 9)  (50.2969 , 6)  (49.7039 , 2)  (49.1167 , 5)  (48.3954 , 3)  (45.4905 , 4)  (44.6614 , 8)  
(100.049 , 5)  (66.117 , 4)  (65.9443 , 6)  (59.6635 , 2)  (55.3016 , 3)  (49.0045 , 9)  (46.5573 , 1)  (45.8943 , 7)  (38.4013 , 8)  
(88.1454 , 9)  (62.914 , 7)  (60.2262 , 6)  (52.5863 , 1)  (51.8125 , 8)  (51.3081 , 3)  (51.1383 , 2)  (50.3577 , 4)  (49.6332 , 5)  
(105.864 , 6)  (56.619 , 8)  (54.9885 , 7)  (53.412 , 3)  (51.4865 , 5)  (48.6386 , 1)  (47.8596 , 4)  (44.9078 , 9)  (43.6128 , 2)  
