 -------------------787------------
(102.545 , 1)  (60.7083 , 7)  (56.8077 , 6)  (56.002 , 4)  (52.1954 , 3)  (47.4127 , 9)  (46.5854 , 2)  (45.4199 , 5)  (40.3707 , 8)  
(85.1861 , 3)  (82.8996 , 7)  (58.2015 , 5)  (57.7653 , 6)  (56.3215 , 1)  (49.0871 , 2)  (46.9016 , 4)  (34.9925 , 8)  (33.9324 , 9)  
(77.4998 , 4)  (62.879 , 6)  (62.1572 , 2)  (58.5904 , 1)  (54.3759 , 7)  (52.204 , 9)  (51.0278 , 8)  (50.2288 , 5)  (38.9032 , 3)  
(94.5213 , 8)  (61.2073 , 3)  (60.3915 , 9)  (60.3877 , 6)  (54.4381 , 2)  (52.7833 , 7)  (45.0052 , 5)  (44.6392 , 4)  (43.5047 , 1)  
(98.6068 , 6)  (59.5482 , 4)  (57.6961 , 3)  (55.4805 , 1)  (52.2291 , 2)  (50.1229 , 7)  (50.0376 , 5)  (47.5223 , 9)  (37.177 , 8)  
(102.134 , 2)  (68.2854 , 3)  (57.3962 , 5)  (55.7862 , 1)  (51.3909 , 9)  (48.9701 , 4)  (48.7961 , 7)  (38.2557 , 6)  (34.4513 , 8)  
(103.35 , 5)  (62.1472 , 3)  (54.125 , 7)  (51.5094 , 2)  (51.1568 , 6)  (50.9589 , 9)  (46.8791 , 1)  (42.1898 , 8)  (39.948 , 4)  
(98.5797 , 7)  (62.0224 , 1)  (59.7957 , 2)  (59.5481 , 9)  (55.9338 , 6)  (54.2104 , 3)  (43.5349 , 8)  (40.4582 , 4)  (37.4785 , 5)  
(78.4048 , 5)  (75.8443 , 9)  (58.5034 , 2)  (56.3756 , 6)  (55.1558 , 4)  (49.5614 , 7)  (46.0567 , 1)  (44.9929 , 3)  (39.6293 , 8)  
