 -------------------402------------
(103.18 , 3)  (60.6137 , 2)  (54.768 , 7)  (53.8668 , 5)  (51.3193 , 4)  (51.0476 , 6)  (49.3582 , 9)  (45.0637 , 8)  (41.18 , 1)  
(79.2195 , 6)  (71.55 , 9)  (61.9448 , 8)  (56.8128 , 4)  (53.1743 , 7)  (50.0672 , 2)  (46.5182 , 1)  (46.2215 , 3)  (41.7252 , 5)  
(98.4514 , 1)  (70.2876 , 2)  (52.8734 , 4)  (52.8604 , 9)  (48.2021 , 8)  (47.2643 , 7)  (45.7089 , 5)  (43.3759 , 3)  (38.792 , 6)  
(95.6412 , 8)  (56.9943 , 6)  (56.8284 , 2)  (54.6927 , 7)  (52.8173 , 5)  (51.0336 , 4)  (49.4538 , 9)  (47.5633 , 1)  (45.6071 , 3)  
(107.348 , 4)  (60.2298 , 7)  (57.7629 , 2)  (51.8876 , 6)  (46.9372 , 3)  (46.2441 , 8)  (44.4109 , 9)  (43.6424 , 1)  (41.7741 , 5)  
(100.992 , 5)  (58.6588 , 3)  (55.6773 , 9)  (54.3274 , 4)  (52.3328 , 8)  (50.6467 , 6)  (46.6566 , 1)  (43.561 , 2)  (40.7891 , 7)  
(98.7305 , 7)  (62.0621 , 2)  (59.704 , 6)  (57.0915 , 1)  (53.3599 , 8)  (48.5167 , 3)  (46.8329 , 5)  (45.2873 , 9)  (38.1415 , 4)  
(81.5456 , 7)  (73.5084 , 9)  (68.1427 , 1)  (56.8767 , 8)  (53.2642 , 2)  (52.0111 , 6)  (42.7164 , 5)  (42.0373 , 3)  (38.9012 , 4)  
(101.819 , 2)  (65.4481 , 3)  (58.3936 , 6)  (57.429 , 9)  (53.2204 , 1)  (47.0017 , 8)  (41.8281 , 5)  (41.7653 , 4)  (41.4624 , 7)  
