 -------------------509------------
(98.2919 , 9)  (57.5065 , 7)  (56.7015 , 6)  (51.1577 , 2)  (49.9319 , 4)  (49.1616 , 8)  (48.261 , 1)  (47.9132 , 5)  (44.1332 , 3)  
(98.3771 , 6)  (72.9976 , 8)  (59.7139 , 5)  (58.8382 , 4)  (55.2602 , 7)  (54.848 , 2)  (50.8508 , 1)  (48.0755 , 3)  (25.6015 , 9)  
(95.5468 , 8)  (57.6874 , 2)  (57.0273 , 6)  (55.836 , 4)  (55.777 , 1)  (55.0085 , 7)  (52.5836 , 9)  (51.5788 , 3)  (34.7103 , 5)  
(107.751 , 7)  (59.5958 , 1)  (53.1871 , 6)  (52.6904 , 3)  (52.6594 , 9)  (45.7736 , 2)  (43.5159 , 8)  (40.892 , 4)  (39.2474 , 5)  
(100.286 , 1)  (59.4932 , 7)  (56.798 , 2)  (56.0688 , 5)  (49.6805 , 9)  (48.5505 , 8)  (48.2932 , 6)  (46.9448 , 3)  (46.4006 , 4)  
(91.6926 , 3)  (64.3292 , 9)  (58.1642 , 2)  (57.3605 , 8)  (54.2765 , 7)  (51.38 , 4)  (47.3203 , 1)  (46.3765 , 6)  (45.3267 , 5)  
(83.249 , 5)  (72.6077 , 9)  (69.6626 , 6)  (56.5231 , 3)  (53.5084 , 8)  (44.5591 , 1)  (44.3953 , 2)  (43.2124 , 7)  (40.8374 , 4)  
(102.281 , 4)  (65.3723 , 6)  (61.5103 , 7)  (56.6487 , 2)  (54.5968 , 8)  (49.548 , 5)  (45.1315 , 3)  (43.8278 , 1)  (37.8052 , 9)  
(89.8763 , 2)  (68.2568 , 1)  (60.2398 , 9)  (57.3219 , 3)  (54.6256 , 8)  (46.1867 , 5)  (41.4021 , 4)  (41.1483 , 7)  (40.8388 , 6)  
