 -------------------265------------
(106.907 , 7)  (56.1558 , 6)  (53.224 , 9)  (51.0432 , 3)  (48.9314 , 2)  (48.3355 , 1)  (47.64 , 4)  (47.5415 , 5)  (43.6423 , 8)  
(93.5823 , 3)  (68.1165 , 2)  (63.0758 , 1)  (57.644 , 4)  (57.451 , 9)  (55.0356 , 8)  (54.0671 , 6)  (41.9151 , 7)  (40.9854 , 5)  
(100.463 , 8)  (64.1491 , 5)  (57.3399 , 6)  (55.7385 , 7)  (51.5985 , 3)  (50.5544 , 4)  (49.0513 , 2)  (48.1321 , 1)  (46.0219 , 9)  
(94.9544 , 1)  (77.3828 , 7)  (57.9333 , 4)  (55.6286 , 6)  (51.9453 , 2)  (48.5465 , 5)  (48.0877 , 3)  (44.1154 , 9)  (41.968 , 8)  
(99.7953 , 9)  (62.297 , 7)  (54.8691 , 6)  (53.2912 , 2)  (53.1521 , 8)  (52.5058 , 1)  (48.0485 , 3)  (45.5779 , 4)  (39.835 , 5)  
(88.8449 , 5)  (72.1417 , 3)  (64.0182 , 6)  (61.3059 , 1)  (50.6241 , 7)  (50.5027 , 8)  (47.4022 , 9)  (43.5055 , 4)  (37.453 , 2)  
(101.517 , 6)  (60.6339 , 8)  (59.1171 , 4)  (53.9677 , 3)  (53.3972 , 7)  (48.5458 , 1)  (43.4133 , 5)  (39.6041 , 9)  (36.975 , 2)  
(87.4089 , 4)  (74.5021 , 6)  (59.5715 , 7)  (50.0792 , 3)  (49.3001 , 1)  (49.2489 , 5)  (49.248 , 9)  (48.8692 , 8)  (48.129 , 2)  
(104.87 , 2)  (67.5601 , 8)  (59.6903 , 3)  (53.2959 , 9)  (51.4472 , 6)  (48.2517 , 1)  (47.3494 , 4)  (42.9624 , 5)  (41.2156 , 7)  
