 -------------------302------------
(94.6391 , 9)  (62.0508 , 4)  (57.704 , 2)  (53.0148 , 8)  (50.0772 , 1)  (48.3796 , 6)  (47.3524 , 5)  (44.6505 , 3)  (42.9176 , 7)  
(97.7378 , 8)  (62.465 , 9)  (60.9528 , 7)  (53.5513 , 2)  (53.3772 , 1)  (52.3432 , 6)  (46.0659 , 4)  (44.9179 , 3)  (44.6616 , 5)  
(104.225 , 7)  (56.5709 , 9)  (50.9518 , 1)  (50.689 , 2)  (49.7849 , 8)  (49.7628 , 3)  (48.9325 , 6)  (47.4322 , 4)  (39.974 , 5)  
(96.0533 , 1)  (66.5507 , 7)  (61.3877 , 6)  (49.5879 , 2)  (49.1555 , 5)  (48.2661 , 8)  (47.8039 , 4)  (45.9272 , 3)  (44.4608 , 9)  
(103.946 , 2)  (61.0119 , 9)  (53.5871 , 1)  (52.9614 , 7)  (52.1793 , 5)  (48.0824 , 3)  (48.0576 , 8)  (47.7254 , 6)  (40.9671 , 4)  
(77.6356 , 6)  (74.7357 , 1)  (65.8786 , 8)  (58.8275 , 2)  (53.0704 , 7)  (52.0542 , 3)  (50.9205 , 4)  (47.5373 , 9)  (46.1771 , 5)  
(103.2 , 3)  (53.8447 , 7)  (53.4328 , 4)  (52.8193 , 2)  (50.4916 , 1)  (49.6488 , 6)  (48.2921 , 8)  (43.203 , 5)  (42.6296 , 9)  
(91.9988 , 4)  (71.9388 , 6)  (57.5354 , 7)  (56.9863 , 8)  (55.7567 , 1)  (48.6316 , 9)  (47.4998 , 3)  (43.4786 , 2)  (42.6068 , 5)  
(91.892 , 5)  (64.6014 , 3)  (59.3926 , 9)  (57.4856 , 8)  (49.5091 , 2)  (46.8162 , 4)  (46.5335 , 1)  (45.6565 , 6)  (38.5421 , 7)  
