 -------------------675------------
(97.2107 , 1)  (58.4228 , 7)  (56.7942 , 8)  (56.4128 , 3)  (52.9911 , 9)  (50.9111 , 6)  (48.487 , 2)  (47.097 , 5)  (43.0642 , 4)  
(91.0529 , 8)  (59.8951 , 7)  (58.7606 , 6)  (54.9877 , 3)  (49.7423 , 9)  (49.3886 , 2)  (48.5829 , 5)  (48.2863 , 4)  (47.8827 , 1)  
(82.0756 , 5)  (65.1645 , 8)  (61.7305 , 4)  (57.5443 , 6)  (57.162 , 1)  (56.42 , 3)  (51.5715 , 7)  (43.313 , 9)  (33.3901 , 2)  
(102.013 , 2)  (57.2602 , 9)  (55.9855 , 3)  (55.4923 , 1)  (53.0887 , 8)  (49.0638 , 5)  (45.2541 , 6)  (43.495 , 4)  (40.9717 , 7)  
(101.032 , 3)  (60.2621 , 1)  (54.7943 , 9)  (52.4473 , 7)  (52.3231 , 2)  (51.6158 , 6)  (45.0239 , 4)  (41.3161 , 5)  (40.2767 , 8)  
(97.2975 , 9)  (58.1433 , 6)  (56.3379 , 3)  (52.6397 , 7)  (52.1161 , 4)  (48.2502 , 2)  (46.2684 , 8)  (46.0644 , 1)  (42.8278 , 5)  
(93.9185 , 7)  (60.5221 , 9)  (56.3973 , 1)  (55.3186 , 6)  (54.6909 , 3)  (53.5979 , 2)  (50.3389 , 5)  (43.5087 , 4)  (35.951 , 8)  
(98.1195 , 4)  (66.3504 , 9)  (62.1326 , 6)  (61.0816 , 1)  (50.5671 , 7)  (50.0054 , 2)  (47.6105 , 5)  (38.8525 , 8)  (36.7538 , 3)  
(103.436 , 6)  (57.2342 , 3)  (54.8187 , 2)  (52.6428 , 4)  (52.0641 , 9)  (52.014 , 1)  (49.0837 , 7)  (46.7206 , 5)  (44.1074 , 8)  
