 -------------------636------------
(86.6729 , 8)  (70.1365 , 3)  (69.2648 , 2)  (63.6675 , 6)  (58.0293 , 1)  (57.9704 , 5)  (57.6588 , 7)  (41.3941 , 9)  (33.8683 , 4)  
(103.163 , 3)  (61.6362 , 9)  (57.4895 , 7)  (51.3016 , 1)  (51.1891 , 2)  (51.1302 , 8)  (51.0515 , 6)  (48.8339 , 4)  (41.0081 , 5)  
(108.316 , 2)  (53.3572 , 9)  (52.8792 , 5)  (51.9381 , 7)  (50.6992 , 1)  (49.1769 , 3)  (47.1464 , 8)  (46.371 , 4)  (43.3207 , 6)  
(89.1189 , 4)  (77.2411 , 9)  (57.9664 , 6)  (54.616 , 7)  (49.2397 , 5)  (48.0904 , 1)  (44.9805 , 8)  (44.8026 , 3)  (41.1866 , 2)  
(104.053 , 7)  (56.6066 , 5)  (56.4027 , 6)  (52.1767 , 9)  (48.1425 , 1)  (46.0208 , 3)  (45.9179 , 8)  (45.1616 , 4)  (43.343 , 2)  
(96.4393 , 6)  (55.4447 , 5)  (50.1104 , 8)  (49.7161 , 7)  (49.2344 , 4)  (48.9332 , 1)  (48.4763 , 9)  (45.9731 , 2)  (42.0325 , 3)  
(103.6 , 1)  (59.1549 , 3)  (54.2077 , 9)  (52.3296 , 7)  (51.087 , 6)  (49.6501 , 5)  (49.4815 , 4)  (46.0598 , 2)  (44.0235 , 8)  
(105.433 , 5)  (58.8943 , 3)  (58.3075 , 4)  (51.8978 , 6)  (51.849 , 1)  (51.2117 , 2)  (48.5263 , 8)  (47.8689 , 7)  (36.2457 , 9)  
(95.8697 , 9)  (62.2889 , 6)  (57.4956 , 4)  (57.0905 , 7)  (51.559 , 5)  (50.9105 , 2)  (49.5542 , 8)  (49.517 , 1)  (44.5228 , 3)  
