 -------------------101------------
(98.0851 , 4)  (77.7987 , 7)  (60.9273 , 5)  (57.3713 , 2)  (53.7244 , 6)  (46.2448 , 8)  (43.8048 , 3)  (41.5727 , 1)  (30.454 , 9)  
(91.7865 , 8)  (64.3375 , 1)  (54.9541 , 5)  (53.2594 , 2)  (50.3123 , 9)  (50.2221 , 3)  (49.1056 , 4)  (48.8763 , 7)  (43.518 , 6)  
(104.588 , 2)  (60.9049 , 1)  (54.241 , 9)  (49.7628 , 3)  (49.2223 , 8)  (48.4692 , 6)  (47.3522 , 4)  (47.3221 , 5)  (46.0199 , 7)  
(106.492 , 7)  (55.9627 , 6)  (52.6138 , 5)  (50.5784 , 2)  (49.08 , 9)  (48.7986 , 3)  (47.6747 , 4)  (46.0508 , 1)  (44.5376 , 8)  
(102.763 , 3)  (60.2093 , 2)  (56.8446 , 7)  (56.2155 , 9)  (54.9835 , 6)  (54.2963 , 8)  (47.1966 , 1)  (39.9616 , 5)  (36.1501 , 4)  
(104.101 , 1)  (54.1512 , 9)  (53.1643 , 5)  (52.2164 , 7)  (51.5091 , 6)  (48.8313 , 2)  (48.726 , 3)  (46.3351 , 8)  (40.0601 , 4)  
(103.899 , 6)  (53.243 , 9)  (52.2468 , 7)  (50.3673 , 5)  (48.4363 , 2)  (48.4347 , 8)  (47.9975 , 1)  (45.7534 , 4)  (43.2147 , 3)  
(91.6331 , 9)  (62.5803 , 6)  (61.2864 , 7)  (57.181 , 3)  (50.91 , 2)  (48.8209 , 5)  (48.6549 , 8)  (44.6392 , 1)  (35.5946 , 4)  
(101.006 , 5)  (55.04 , 2)  (53.7933 , 8)  (51.6712 , 4)  (47.3918 , 7)  (46.8047 , 6)  (45.5675 , 3)  (45.4738 , 9)  (44.1998 , 1)  
