 -------------------332------------
(98.1957 , 2)  (58.3035 , 1)  (57.4563 , 5)  (57.4174 , 3)  (49.5551 , 9)  (48.5407 , 4)  (47.1872 , 7)  (44.8005 , 6)  (44.1362 , 8)  
(106.936 , 7)  (53.0568 , 8)  (52.3268 , 9)  (49.3565 , 4)  (49.1245 , 1)  (48.5211 , 6)  (47.6094 , 2)  (46.5063 , 3)  (45.0517 , 5)  
(98.3573 , 1)  (78.3487 , 7)  (55.5846 , 4)  (50.5086 , 5)  (49.131 , 6)  (46.9167 , 2)  (46.8959 , 9)  (43.8034 , 3)  (41.2804 , 8)  
(93.9325 , 4)  (66.5478 , 6)  (55.6834 , 7)  (54.4362 , 8)  (52.9132 , 3)  (50.5743 , 1)  (49.2249 , 2)  (49.0007 , 9)  (44.0395 , 5)  
(99.6941 , 5)  (57.6733 , 6)  (53.8424 , 7)  (53.5253 , 9)  (50.2133 , 3)  (50.0137 , 1)  (49.7261 , 4)  (48.8105 , 8)  (48.5242 , 2)  
(106.839 , 6)  (56.447 , 3)  (50.1085 , 5)  (49.2898 , 4)  (49.1444 , 9)  (48.6564 , 8)  (48.5082 , 7)  (48.0138 , 1)  (45.4661 , 2)  
(101.123 , 8)  (54.9544 , 9)  (54.7391 , 1)  (54.527 , 6)  (51.4851 , 7)  (50.7575 , 4)  (49.5492 , 3)  (48.9439 , 2)  (45.8789 , 5)  
(97.1976 , 9)  (57.7089 , 7)  (53.1033 , 4)  (51.2198 , 5)  (50.4676 , 2)  (50.4352 , 1)  (49.9389 , 6)  (46.7221 , 8)  (45.0723 , 3)  
(76.5343 , 3)  (63.0523 , 5)  (61.6159 , 8)  (60.4085 , 2)  (56.2505 , 7)  (55.4344 , 4)  (50.5828 , 6)  (48.028 , 9)  (46.9654 , 1)  
