 -------------------684------------
(92.5659 , 8)  (61.1912 , 1)  (59.1933 , 2)  (57.3688 , 6)  (57.3366 , 4)  (54.4452 , 9)  (50.7264 , 7)  (45.3471 , 3)  (40.586 , 5)  
(90.4206 , 3)  (66.7886 , 2)  (64.7285 , 9)  (58.758 , 5)  (57.8817 , 1)  (55.6041 , 7)  (50.7866 , 4)  (45.2922 , 6)  (31.1695 , 8)  
(93.0735 , 7)  (63.7641 , 4)  (63.3888 , 6)  (57.4172 , 5)  (52.2745 , 1)  (51.2457 , 9)  (47.962 , 3)  (43.5507 , 8)  (42.6273 , 2)  
(99.241 , 2)  (65.7664 , 1)  (56.1736 , 5)  (56.1706 , 8)  (50.8387 , 7)  (45.5138 , 9)  (45.2271 , 3)  (44.3727 , 4)  (41.1796 , 6)  
(103.471 , 1)  (62.9285 , 7)  (50.5868 , 6)  (50.4058 , 4)  (50.2072 , 9)  (49.8955 , 5)  (45.9881 , 2)  (44.7482 , 3)  (42.9842 , 8)  
(104.022 , 4)  (55.792 , 7)  (53.3038 , 9)  (50.199 , 1)  (49.5782 , 6)  (47.4402 , 3)  (47.3238 , 5)  (46.1906 , 2)  (42.8647 , 8)  
(80.7684 , 9)  (63.3093 , 4)  (61.8946 , 7)  (56.0556 , 6)  (55.6299 , 3)  (51.8845 , 5)  (51.4151 , 2)  (45.4666 , 1)  (40.8844 , 8)  
(104.725 , 6)  (54.0806 , 2)  (53.5124 , 5)  (52.185 , 4)  (51.2091 , 3)  (48.549 , 1)  (47.921 , 9)  (47.8631 , 8)  (43.9225 , 7)  
(103.263 , 5)  (53.402 , 2)  (51.3873 , 6)  (50.776 , 4)  (50.2871 , 3)  (49.9747 , 7)  (48.6641 , 9)  (46.6806 , 1)  (44.6563 , 8)  
