 -------------------343------------
(92.2229 , 9)  (63.3244 , 7)  (55.8146 , 4)  (54.0154 , 5)  (53.6509 , 8)  (50.6701 , 6)  (49.7717 , 1)  (48.2391 , 2)  (46.3096 , 3)  
(105.097 , 8)  (56.6972 , 5)  (54.21 , 4)  (51.7724 , 1)  (51.7126 , 3)  (47.8144 , 6)  (47.2048 , 9)  (45.9937 , 7)  (43.0231 , 2)  
(102.764 , 3)  (60.013 , 6)  (56.8297 , 4)  (54.0735 , 8)  (52.058 , 7)  (50.9691 , 2)  (47.9719 , 9)  (47.3462 , 1)  (46.8722 , 5)  
(88.644 , 4)  (60.7509 , 6)  (59.0708 , 2)  (58.6664 , 9)  (56.0249 , 1)  (54.9078 , 7)  (47.4783 , 3)  (46.986 , 5)  (42.8342 , 8)  
(107.693 , 6)  (55.7047 , 4)  (53.6865 , 5)  (53.299 , 9)  (53.1318 , 7)  (51.4196 , 1)  (50.3671 , 3)  (48.6982 , 2)  (43.5892 , 8)  
(101.355 , 1)  (54.6256 , 8)  (53.5106 , 6)  (52.5949 , 3)  (51.7289 , 5)  (51.5908 , 9)  (50.7031 , 7)  (47.4883 , 2)  (44.8451 , 4)  
(103.71 , 7)  (58.5173 , 6)  (57.4401 , 2)  (52.0014 , 1)  (49.2996 , 5)  (47.7045 , 9)  (46.204 , 3)  (43.9818 , 4)  (41.0001 , 8)  
(104.582 , 5)  (61.5829 , 7)  (52.1644 , 2)  (49.557 , 1)  (49.3288 , 6)  (47.071 , 3)  (44.0014 , 9)  (43.989 , 8)  (42.0543 , 4)  
(105.2 , 2)  (56.9334 , 8)  (52.921 , 3)  (52.8081 , 4)  (51.449 , 1)  (51.3433 , 7)  (48.7195 , 6)  (48.684 , 9)  (43.0666 , 5)  
