 -------------------725------------
(85.7386 , 5)  (78.0857 , 6)  (65.5097 , 3)  (62.5393 , 1)  (60.2186 , 8)  (51.2279 , 7)  (43.8547 , 4)  (36.8233 , 9)  (36.5619 , 2)  
(95.4208 , 4)  (59.0932 , 7)  (59.0139 , 9)  (59.004 , 2)  (54.688 , 5)  (54.6609 , 6)  (50.5546 , 1)  (50.5218 , 3)  (34.9676 , 8)  
(87.8676 , 3)  (64.01 , 2)  (61.6549 , 7)  (54.4052 , 6)  (54.3749 , 1)  (54.0734 , 4)  (50.6082 , 5)  (49.8613 , 9)  (46.6568 , 8)  
(99.3353 , 1)  (62.9885 , 7)  (59.672 , 5)  (58.76 , 6)  (52.7353 , 9)  (48.8038 , 2)  (44.2615 , 4)  (43.2911 , 8)  (42.135 , 3)  
(92.6096 , 8)  (66.7597 , 1)  (64.927 , 2)  (59.0728 , 7)  (56.8601 , 9)  (53.5037 , 6)  (43.3446 , 4)  (40.8882 , 3)  (37.945 , 5)  
(95.4024 , 7)  (56.6539 , 6)  (54.9548 , 9)  (53.7064 , 8)  (52.9847 , 3)  (47.7909 , 4)  (47.0102 , 5)  (44.5859 , 2)  (42.5307 , 1)  
(78.9195 , 5)  (69.8329 , 8)  (58.6534 , 2)  (58.6056 , 6)  (55.8487 , 1)  (55.3333 , 9)  (47.9819 , 3)  (46.2827 , 7)  (37.2262 , 4)  
(96.357 , 6)  (61.2379 , 4)  (56.8496 , 3)  (54.1857 , 5)  (49.5659 , 1)  (49.2798 , 8)  (44.7907 , 7)  (41.2949 , 2)  (39.1784 , 9)  
(107.703 , 2)  (58.4009 , 9)  (54.5829 , 4)  (54.2887 , 5)  (50.8494 , 7)  (49.6989 , 3)  (45.8373 , 6)  (45.5724 , 1)  (44.5382 , 8)  
