 -------------------950------------
(97.5729 , 7)  (71.2548 , 9)  (60.6691 , 2)  (59.8742 , 1)  (58.1682 , 6)  (52.4431 , 4)  (50.5333 , 5)  (38.657 , 3)  (26.7844 , 8)  
(90.5906 , 5)  (73.2173 , 3)  (60.4269 , 6)  (55.0808 , 1)  (54.4868 , 9)  (49.694 , 7)  (43.5481 , 4)  (42.8734 , 8)  (36.1774 , 2)  
(84.3445 , 6)  (71.643 , 5)  (71.145 , 8)  (58.8435 , 7)  (52.0288 , 1)  (50.1094 , 3)  (48.1904 , 2)  (42.4453 , 9)  (33.4644 , 4)  
(92.9908 , 1)  (68.5021 , 7)  (56.8743 , 4)  (56.6943 , 2)  (54.5547 , 6)  (47.5116 , 3)  (47.3111 , 5)  (46.3381 , 8)  (39.9586 , 9)  
(89.2758 , 9)  (64.8985 , 6)  (60.8699 , 5)  (59.2813 , 4)  (58.199 , 7)  (51.3571 , 8)  (49.9633 , 1)  (47.5321 , 3)  (41.4802 , 2)  
(99.7568 , 4)  (59.149 , 7)  (56.0047 , 9)  (55.0695 , 3)  (54.6919 , 2)  (54.1007 , 1)  (52.4884 , 6)  (50.8912 , 5)  (32.1839 , 8)  
(74.8943 , 2)  (61.7162 , 3)  (60.3708 , 7)  (56.1189 , 1)  (55.3558 , 8)  (50.3674 , 9)  (49.0982 , 6)  (48.6777 , 5)  (46.0235 , 4)  
(107.751 , 8)  (56.3203 , 4)  (53.2249 , 9)  (50.6971 , 1)  (49.5816 , 3)  (48.2203 , 2)  (47.7908 , 6)  (46.435 , 7)  (41.7405 , 5)  
(97.8528 , 3)  (56.777 , 7)  (55.5031 , 2)  (52.1395 , 9)  (51.8278 , 4)  (51.2922 , 8)  (50.5551 , 6)  (47.6463 , 1)  (44.924 , 5)  
