 -------------------324------------
(93.4526 , 9)  (64.7743 , 7)  (54.4649 , 8)  (53.8263 , 5)  (52.3639 , 2)  (51.8898 , 4)  (50.7028 , 6)  (49.8017 , 1)  (42.3182 , 3)  
(104.306 , 8)  (57.2056 , 5)  (53.4243 , 4)  (51.9043 , 1)  (51.1793 , 9)  (46.8196 , 2)  (46.6127 , 3)  (46.3517 , 7)  (46.2276 , 6)  
(101.402 , 3)  (61.1485 , 6)  (56.31 , 8)  (51.933 , 5)  (51.8276 , 7)  (50.8346 , 4)  (48.9642 , 1)  (47.8577 , 2)  (46.0064 , 9)  
(91.1581 , 4)  (64.8688 , 9)  (58.4183 , 1)  (56.6357 , 3)  (54.3854 , 6)  (51.3313 , 2)  (50.7584 , 7)  (49.4913 , 5)  (39.0297 , 8)  
(107.317 , 6)  (60.9121 , 4)  (55.3195 , 7)  (52.5535 , 5)  (51.177 , 3)  (50.5011 , 9)  (49.7714 , 1)  (46.8522 , 2)  (43.056 , 8)  
(102.696 , 1)  (57.8554 , 9)  (54.5799 , 7)  (52.7704 , 6)  (50.9184 , 8)  (49.1086 , 5)  (48.552 , 3)  (45.6389 , 2)  (44.1592 , 4)  
(103.546 , 7)  (60.2052 , 6)  (56.738 , 2)  (54.4747 , 1)  (50.5689 , 9)  (50.292 , 3)  (44.5195 , 5)  (40.2507 , 8)  (39.5561 , 4)  
(104.206 , 5)  (60.927 , 7)  (52.6323 , 2)  (51.2428 , 3)  (50.1247 , 6)  (49.3129 , 1)  (43.4865 , 9)  (41.6901 , 8)  (41.3198 , 4)  
(105.323 , 2)  (57.3552 , 3)  (54.373 , 8)  (52.8758 , 1)  (52.6909 , 4)  (50.0927 , 9)  (48.1119 , 7)  (45.6339 , 6)  (42.7172 , 5)  
