 -------------------248------------
(96.0091 , 8)  (68.3516 , 3)  (56.7715 , 7)  (53.1871 , 4)  (50.4465 , 9)  (48.7611 , 6)  (48.7141 , 1)  (47.0722 , 5)  (46.2255 , 2)  
(93.8255 , 4)  (66.1084 , 6)  (57.311 , 1)  (53.1168 , 5)  (52.7585 , 7)  (51.1486 , 8)  (47.6844 , 2)  (47.2543 , 3)  (37.3179 , 9)  
(105.079 , 6)  (57.6391 , 1)  (52.6051 , 3)  (52.5634 , 2)  (48.6565 , 5)  (48.4612 , 4)  (47.7213 , 7)  (45.3545 , 8)  (44.1667 , 9)  
(92.8794 , 9)  (66.9184 , 7)  (54.1073 , 6)  (53.3943 , 1)  (51.5108 , 2)  (49.7509 , 3)  (47.2834 , 4)  (46.4444 , 5)  (45.0273 , 8)  
(104.314 , 1)  (60.008 , 2)  (56.9218 , 7)  (55.1689 , 9)  (52.1201 , 5)  (48.3495 , 6)  (40.1373 , 8)  (38.6018 , 3)  (38.1682 , 4)  
(93.4669 , 3)  (59.9899 , 7)  (58.4489 , 5)  (55.847 , 9)  (53.4016 , 2)  (52.9297 , 1)  (49.0273 , 6)  (48.9209 , 8)  (47.0868 , 4)  
(107.841 , 7)  (59.2475 , 6)  (52.4239 , 9)  (52.2186 , 2)  (48.4499 , 5)  (46.8658 , 1)  (44.9251 , 4)  (39.9713 , 3)  (38.6682 , 8)  
(78.53 , 5)  (64.3679 , 6)  (61.8239 , 3)  (56.4922 , 9)  (52.0554 , 8)  (50.9195 , 2)  (48.0844 , 4)  (47.5219 , 7)  (47.4337 , 1)  
(76.1796 , 2)  (69.8543 , 8)  (61.5705 , 6)  (59.266 , 7)  (59.0886 , 3)  (50.6561 , 4)  (50.5745 , 1)  (46.6325 , 5)  (45.746 , 9)  
