 -------------------449------------
(85.74 , 9)  (78.5771 , 7)  (58.0116 , 6)  (51.9302 , 4)  (51.6525 , 3)  (48.291 , 1)  (47.093 , 2)  (46.6612 , 8)  (45.0946 , 5)  
(98.2782 , 4)  (61.3928 , 9)  (60.5659 , 6)  (53.2635 , 1)  (51.2532 , 7)  (49.2826 , 3)  (49.2154 , 5)  (47.5039 , 8)  (47.188 , 2)  
(82.9202 , 3)  (67.9766 , 9)  (61.6213 , 7)  (59.7074 , 2)  (56.6769 , 8)  (52.2439 , 6)  (46.069 , 4)  (44.067 , 1)  (40.6628 , 5)  
(79.93 , 8)  (77.1858 , 2)  (65.2625 , 5)  (58.572 , 6)  (57.7115 , 9)  (54.481 , 7)  (47.0114 , 4)  (44.4729 , 1)  (37.0249 , 3)  
(98.2181 , 1)  (70.4439 , 7)  (55.1362 , 6)  (54.8184 , 4)  (50.785 , 5)  (49.8767 , 2)  (49.3899 , 9)  (47.5417 , 3)  (38.0245 , 8)  
(105.524 , 6)  (52.7104 , 8)  (49.3649 , 3)  (49.1341 , 9)  (47.5026 , 7)  (47.3007 , 5)  (45.5888 , 4)  (45.2101 , 2)  (44.2954 , 1)  
(94.9237 , 2)  (63.4846 , 7)  (61.8639 , 9)  (57.2246 , 6)  (56.3778 , 3)  (54.0741 , 8)  (45.0563 , 1)  (42.4093 , 4)  (37.2988 , 5)  
(104.402 , 7)  (57.6312 , 9)  (52.84 , 2)  (51.0448 , 1)  (50.3009 , 4)  (49.6947 , 3)  (48.6829 , 8)  (48.1454 , 6)  (41.4721 , 5)  
(103.262 , 5)  (72.5779 , 2)  (62.4647 , 8)  (53.112 , 1)  (48.7735 , 3)  (44.7568 , 9)  (40.9652 , 4)  (40.2867 , 6)  (37.1171 , 7)  
