 -------------------1079------------
(101.99 , 3)  (61.8808 , 7)  (58.499 , 6)  (58.4739 , 9)  (57.7074 , 2)  (56.6075 , 1)  (43.0337 , 5)  (41.3905 , 8)  (40.3756 , 4)  
(104.053 , 7)  (55.6734 , 9)  (54.3678 , 1)  (53.2596 , 3)  (53.1045 , 6)  (52.7916 , 2)  (47.1868 , 5)  (43.8279 , 4)  (37.7952 , 8)  
(95.1884 , 2)  (61.9999 , 3)  (57.2685 , 1)  (55.1836 , 9)  (53.1477 , 6)  (51.9459 , 8)  (49.5562 , 7)  (41.1231 , 5)  (39.434 , 4)  
(86.464 , 9)  (68.0936 , 5)  (65.0682 , 7)  (61.6611 , 6)  (52.369 , 2)  (51.055 , 1)  (50.4675 , 3)  (49.6269 , 4)  (39.4724 , 8)  
(95.6806 , 4)  (69.0287 , 6)  (66.6708 , 7)  (53.1817 , 1)  (49.2681 , 3)  (47.7712 , 2)  (45.8292 , 9)  (45.2873 , 5)  (42.1251 , 8)  
(103.9 , 1)  (60.1537 , 7)  (53.4407 , 4)  (50.5465 , 3)  (48.6165 , 2)  (48.4937 , 6)  (47.1619 , 5)  (46.7741 , 8)  (45.387 , 9)  
(103.594 , 6)  (70.7638 , 8)  (54.945 , 7)  (53.4311 , 1)  (50.7532 , 4)  (49.8548 , 5)  (48.0007 , 3)  (37.5862 , 9)  (36.2662 , 2)  
(95.1108 , 8)  (56.8151 , 5)  (56.2545 , 3)  (53.3791 , 9)  (52.5456 , 1)  (51.9055 , 6)  (51.1454 , 4)  (51.0886 , 7)  (46.978 , 2)  
(90.3857 , 5)  (57.1859 , 1)  (55.662 , 3)  (51.5113 , 9)  (51.2761 , 6)  (50.5889 , 7)  (50.5535 , 4)  (50.3184 , 8)  (46.1277 , 2)  
