 -------------------349------------
(92.3313 , 9)  (60.306 , 4)  (57.6758 , 7)  (57.2192 , 8)  (54.7698 , 5)  (49.6228 , 6)  (48.804 , 1)  (46.3344 , 2)  (45.1562 , 3)  
(105.251 , 8)  (53.0187 , 1)  (52.9219 , 5)  (52.8738 , 4)  (52.1245 , 3)  (49.8391 , 6)  (48.0062 , 9)  (47.0317 , 7)  (42.0793 , 2)  
(101.88 , 3)  (61.5213 , 6)  (56.7695 , 8)  (53.6769 , 4)  (50.8547 , 7)  (50.1474 , 2)  (48.8343 , 1)  (48.1202 , 9)  (46.0723 , 5)  
(89.9127 , 4)  (59.0125 , 2)  (58.9083 , 9)  (58.7949 , 6)  (55.4057 , 1)  (53.9657 , 7)  (48.7464 , 5)  (47.6573 , 3)  (40.885 , 8)  
(106.816 , 6)  (63.1379 , 4)  (56.7961 , 9)  (53.0917 , 7)  (51.3072 , 3)  (50.7487 , 5)  (50.493 , 2)  (47.5175 , 1)  (43.5225 , 8)  
(101.449 , 1)  (54.435 , 7)  (53.2211 , 2)  (52.3117 , 6)  (52.0576 , 9)  (51.4353 , 5)  (49.3923 , 8)  (47.408 , 3)  (46.5949 , 4)  
(103.762 , 7)  (61.7584 , 6)  (53.913 , 2)  (51.9999 , 1)  (50.4615 , 5)  (50.4088 , 9)  (45.8771 , 3)  (41.5752 , 4)  (40.2226 , 8)  
(104.216 , 5)  (57.0541 , 7)  (54.6818 , 2)  (49.6621 , 6)  (49.4931 , 3)  (49.3531 , 1)  (47.7104 , 9)  (42.8299 , 8)  (41.0161 , 4)  
(105.637 , 2)  (57.7238 , 8)  (53.8577 , 4)  (53.5754 , 3)  (50.6244 , 1)  (48.9203 , 7)  (48.7079 , 9)  (47.1519 , 6)  (42.9656 , 5)  
