 -------------------626------------
(107.064 , 7)  (51.3894 , 2)  (51.2854 , 5)  (51.0422 , 6)  (50.178 , 8)  (50.1248 , 4)  (49.988 , 9)  (47.2397 , 1)  (45.7244 , 3)  
(95.8925 , 3)  (66.6165 , 2)  (60.5466 , 1)  (59.3282 , 4)  (57.7532 , 9)  (54.455 , 6)  (51.1717 , 8)  (44.3597 , 5)  (40.9942 , 7)  
(98.6072 , 4)  (62.0076 , 6)  (59.4911 , 5)  (56.3835 , 2)  (53.5722 , 7)  (51.6069 , 9)  (48.3745 , 1)  (45.4143 , 3)  (35.7475 , 8)  
(103.776 , 5)  (65.1665 , 3)  (55.659 , 1)  (54.1338 , 2)  (51.3753 , 6)  (49.8243 , 9)  (49.3704 , 4)  (43.9748 , 7)  (37.8491 , 8)  
(95.6875 , 6)  (55.4311 , 1)  (54.9409 , 9)  (52.3581 , 2)  (51.6267 , 8)  (46.763 , 5)  (46.3869 , 7)  (45.4203 , 4)  (44.0269 , 3)  
(100.914 , 9)  (57.8808 , 7)  (56.9402 , 6)  (51.8819 , 1)  (50.8124 , 2)  (49.987 , 4)  (49.5182 , 3)  (43.6842 , 8)  (42.8302 , 5)  
(109.368 , 2)  (53.2315 , 4)  (50.8769 , 1)  (49.6139 , 5)  (49.4336 , 9)  (48.2077 , 3)  (48.1232 , 7)  (45.1941 , 8)  (43.5219 , 6)  
(105.332 , 8)  (61.8536 , 7)  (61.6429 , 9)  (55.512 , 1)  (53.7616 , 4)  (49.4787 , 6)  (47.4323 , 3)  (43.6467 , 2)  (37.1567 , 5)  
(101.355 , 1)  (61.1818 , 6)  (59.612 , 7)  (54.0996 , 8)  (51.788 , 4)  (50.0956 , 3)  (48.8357 , 5)  (44.871 , 2)  (41.4189 , 9)  
