 -------------------621------------
(106.976 , 7)  (51.6972 , 6)  (51.2595 , 2)  (51.1867 , 5)  (50.345 , 4)  (50.1086 , 8)  (49.7494 , 9)  (47.2173 , 1)  (46.2295 , 3)  
(95.8126 , 3)  (66.2086 , 2)  (59.7506 , 1)  (59.3417 , 4)  (57.1555 , 9)  (54.8306 , 6)  (51.9023 , 8)  (44.4196 , 5)  (41.4215 , 7)  
(98.0901 , 4)  (65.6692 , 6)  (60.7561 , 5)  (55.6083 , 2)  (54.2285 , 7)  (49.3268 , 9)  (47.5185 , 1)  (44.3575 , 3)  (35.8289 , 8)  
(103.908 , 5)  (67.0146 , 3)  (55.9078 , 1)  (53.2416 , 2)  (50.0372 , 4)  (49.699 , 9)  (49.3059 , 6)  (43.2245 , 7)  (37.8055 , 8)  
(95.6875 , 6)  (55.4311 , 1)  (54.9409 , 9)  (52.3581 , 2)  (51.6267 , 8)  (46.763 , 5)  (46.3869 , 7)  (45.4203 , 4)  (44.0269 , 3)  
(100.833 , 9)  (58.1059 , 7)  (57.4702 , 6)  (52.8468 , 1)  (52.0297 , 3)  (50.4909 , 2)  (48.8758 , 4)  (42.2752 , 5)  (41.9452 , 8)  
(109.366 , 2)  (53.7743 , 4)  (50.333 , 1)  (49.9577 , 5)  (49.2141 , 9)  (48.6145 , 7)  (48.3173 , 3)  (44.4164 , 8)  (43.4345 , 6)  
(105.925 , 8)  (59.4948 , 7)  (55.7873 , 1)  (55.7696 , 9)  (53.311 , 4)  (52.844 , 3)  (49.3764 , 6)  (41.1021 , 2)  (37.2038 , 5)  
(101.355 , 1)  (61.139 , 6)  (59.1907 , 7)  (54.2801 , 8)  (51.8114 , 4)  (50.2237 , 3)  (49.0089 , 5)  (45.0121 , 2)  (41.0969 , 9)  
