 -------------------299------------
(102.657 , 5)  (66.8448 , 9)  (60.5837 , 4)  (53.1433 , 6)  (48.6801 , 1)  (45.0212 , 2)  (44.021 , 7)  (40.7141 , 3)  (40.4666 , 8)  
(107.967 , 6)  (52.2731 , 2)  (51.3198 , 7)  (50.5528 , 3)  (49.4497 , 4)  (48.6191 , 8)  (47.4955 , 5)  (46.2751 , 9)  (44.5952 , 1)  
(99.6119 , 2)  (55.1049 , 9)  (54.4213 , 3)  (51.7929 , 1)  (51.6636 , 7)  (50.5572 , 8)  (48.4138 , 6)  (48.2352 , 5)  (47.7025 , 4)  
(98.5199 , 9)  (60.5472 , 7)  (59.3675 , 4)  (59.3562 , 6)  (47.7924 , 1)  (46.7277 , 2)  (44.847 , 8)  (40.6732 , 5)  (37.456 , 3)  
(96.4658 , 3)  (61.3979 , 7)  (60.7903 , 8)  (57.6886 , 6)  (56.2665 , 2)  (50.2671 , 1)  (47.2937 , 4)  (45.4721 , 5)  (39.3109 , 9)  
(95.9991 , 8)  (66.2355 , 7)  (65.3062 , 9)  (58.6953 , 6)  (56.1938 , 3)  (49.9373 , 1)  (48.2668 , 2)  (40.7619 , 4)  (39.446 , 5)  
(106.85 , 4)  (58.0814 , 6)  (56.528 , 2)  (51.4273 , 1)  (49.3703 , 8)  (48.6461 , 3)  (46.491 , 7)  (44.0723 , 9)  (37.4622 , 5)  
(100.734 , 1)  (61.2034 , 6)  (57.736 , 7)  (52.3475 , 2)  (51.0834 , 8)  (49.9909 , 5)  (49.0539 , 9)  (46.1545 , 4)  (42.6847 , 3)  
(107.417 , 7)  (59.4435 , 3)  (57.2171 , 5)  (55.7549 , 6)  (51.5768 , 8)  (49.9772 , 1)  (44.8148 , 4)  (33.979 , 9)  (31.9815 , 2)  
