 -------------------264------------
(106.925 , 7)  (55.3652 , 6)  (53.0145 , 9)  (50.9802 , 3)  (49.1201 , 2)  (48.3724 , 4)  (48.1923 , 1)  (47.6491 , 5)  (43.429 , 8)  
(93.5823 , 3)  (68.1165 , 2)  (63.0758 , 1)  (57.644 , 4)  (57.451 , 9)  (55.0356 , 8)  (54.0671 , 6)  (41.9151 , 7)  (40.9854 , 5)  
(100.243 , 8)  (66.2739 , 5)  (58.6578 , 6)  (56.1264 , 7)  (51.3421 , 3)  (49.9089 , 4)  (48.5648 , 2)  (48.2243 , 1)  (45.4581 , 9)  
(94.9544 , 1)  (77.3828 , 7)  (57.9333 , 4)  (55.6286 , 6)  (51.9453 , 2)  (48.5465 , 5)  (48.0877 , 3)  (44.1154 , 9)  (41.968 , 8)  
(99.6006 , 9)  (62.3573 , 7)  (54.9009 , 6)  (53.5039 , 2)  (53.0727 , 8)  (52.8043 , 1)  (48.3933 , 3)  (45.7113 , 4)  (39.3802 , 5)  
(88.4735 , 5)  (71.861 , 3)  (64.1332 , 6)  (61.8624 , 1)  (50.1477 , 7)  (50.0892 , 8)  (47.8192 , 9)  (44.2125 , 4)  (38.2967 , 2)  
(101.641 , 6)  (60.5623 , 8)  (58.8647 , 4)  (53.6358 , 3)  (53.1828 , 7)  (48.4866 , 1)  (43.4312 , 5)  (39.6433 , 9)  (37.0208 , 2)  
(87.0137 , 4)  (74.4938 , 6)  (59.0738 , 7)  (50.6249 , 9)  (49.879 , 1)  (49.4293 , 3)  (49.2445 , 5)  (48.6899 , 2)  (48.634 , 8)  
(104.685 , 2)  (67.8606 , 8)  (60.1879 , 3)  (52.6244 , 9)  (51.7765 , 6)  (48.0658 , 1)  (47.7808 , 4)  (42.4694 , 5)  (41.3078 , 7)  
