 -------------------192------------
(102.981 , 3)  (65.4378 , 5)  (55.5021 , 4)  (54.7316 , 1)  (53.7733 , 2)  (47.8562 , 6)  (46.5668 , 8)  (45.2617 , 7)  (44.3663 , 9)  
(102.56 , 8)  (58.2714 , 9)  (54.2452 , 3)  (50.7976 , 4)  (49.6045 , 6)  (46.9259 , 2)  (46.3552 , 1)  (45.284 , 5)  (44.8906 , 7)  
(91.3114 , 1)  (58.7109 , 2)  (58.0178 , 4)  (54.9512 , 7)  (52.8027 , 3)  (52.2099 , 9)  (50.2603 , 8)  (49.2021 , 5)  (46.994 , 6)  
(100.725 , 4)  (75.7477 , 6)  (60.6948 , 9)  (59.9102 , 7)  (50.2153 , 1)  (45.8762 , 5)  (43.3107 , 3)  (41.97 , 2)  (41.164 , 8)  
(107.036 , 7)  (54.2284 , 6)  (53.2389 , 9)  (50.959 , 1)  (50.4007 , 3)  (48.5874 , 4)  (48.2903 , 2)  (44.3912 , 8)  (43.0026 , 5)  
(97.5209 , 9)  (56.6045 , 7)  (54.3197 , 4)  (53.9148 , 3)  (51.6218 , 6)  (50.1673 , 2)  (47.1863 , 1)  (45.5961 , 5)  (42.7106 , 8)  
(103.606 , 6)  (55.4185 , 1)  (55.0528 , 4)  (52.0577 , 5)  (51.3526 , 3)  (50.0369 , 9)  (49.138 , 7)  (44.9323 , 2)  (44.4268 , 8)  
(108.385 , 2)  (63.8737 , 1)  (58.0177 , 9)  (52.1089 , 6)  (48.1059 , 7)  (45.1349 , 8)  (44.7815 , 3)  (43.058 , 5)  (36.3477 , 4)  
(94.8191 , 5)  (67.0645 , 3)  (64.5633 , 9)  (56.8167 , 6)  (51.3357 , 1)  (48.769 , 7)  (43.5084 , 4)  (40.7593 , 8)  (40.4729 , 2)  
