 -------------------523------------
(84.7434 , 7)  (71.8927 , 9)  (63.0389 , 6)  (60.9092 , 1)  (60.1134 , 3)  (49.5822 , 5)  (46.0855 , 2)  (43.3337 , 4)  (42.782 , 8)  
(101.025 , 9)  (58.6264 , 6)  (56.847 , 7)  (49.5132 , 3)  (49.3389 , 1)  (46.9828 , 2)  (46.4231 , 4)  (45.0905 , 8)  (44.4132 , 5)  
(82.8833 , 5)  (72.9894 , 6)  (61.2724 , 1)  (54.682 , 8)  (50.6229 , 7)  (47.9076 , 3)  (47.0678 , 2)  (44.2511 , 9)  (39.5338 , 4)  
(103.064 , 1)  (58.4897 , 7)  (54.5228 , 6)  (53.3542 , 9)  (52.7875 , 4)  (52.4455 , 2)  (51.1345 , 3)  (46.4579 , 5)  (38.3453 , 8)  
(103.843 , 4)  (62.8287 , 9)  (60.0149 , 6)  (53.9736 , 2)  (51.9204 , 5)  (47.485 , 7)  (45.9463 , 8)  (45.4506 , 1)  (43.5744 , 3)  
(100.892 , 2)  (57.7398 , 3)  (55.2319 , 1)  (54.2066 , 5)  (50.2599 , 7)  (49.6107 , 9)  (49.4255 , 6)  (48.7515 , 4)  (45.8757 , 8)  
(101.707 , 3)  (60.1985 , 6)  (54.4218 , 2)  (50.2224 , 9)  (49.304 , 5)  (47.9619 , 8)  (47.6175 , 1)  (47.2842 , 7)  (45.4656 , 4)  
(100.148 , 6)  (57.2848 , 5)  (55.8353 , 1)  (55.4271 , 4)  (54.4797 , 2)  (51.3015 , 3)  (49.3133 , 7)  (44.2595 , 8)  (41.1235 , 9)  
(88.4076 , 8)  (66.8694 , 9)  (66.5325 , 6)  (55.5247 , 3)  (54.5259 , 5)  (52.8784 , 2)  (49.0334 , 7)  (44.3934 , 1)  (33.0674 , 4)  
