 -------------------172------------
(104.058 , 3)  (61.7985 , 5)  (55.3278 , 4)  (51.5275 , 1)  (51.0171 , 8)  (50.8307 , 2)  (50.407 , 6)  (48.4419 , 7)  (43.5936 , 9)  
(102.166 , 8)  (58.2744 , 9)  (56.6763 , 3)  (51.7679 , 4)  (51.3221 , 1)  (48.2695 , 6)  (46.2816 , 5)  (44.3888 , 2)  (43.185 , 7)  
(89.2393 , 1)  (60.2728 , 4)  (59.4896 , 2)  (53.4476 , 3)  (53.2503 , 7)  (52.6326 , 9)  (50.2335 , 5)  (49.0504 , 8)  (45.2603 , 6)  
(102.437 , 4)  (70.9202 , 6)  (61.4845 , 7)  (57.0715 , 9)  (52.2669 , 1)  (48.5061 , 3)  (46.3959 , 8)  (42.9639 , 5)  (38.5158 , 2)  
(106.537 , 7)  (55.2785 , 6)  (55.0725 , 9)  (53.6314 , 1)  (51.7799 , 3)  (48.2024 , 4)  (47.2718 , 2)  (42.557 , 8)  (41.4109 , 5)  
(99.287 , 9)  (56.4613 , 7)  (54.6699 , 2)  (54.2866 , 4)  (52.1126 , 3)  (50.6164 , 1)  (47.4944 , 5)  (47.0144 , 6)  (42.7011 , 8)  
(104.026 , 6)  (55.3702 , 4)  (54.8816 , 1)  (54.2239 , 3)  (50.0339 , 5)  (49.7445 , 9)  (47.3014 , 7)  (43.9406 , 2)  (41.539 , 8)  
(108.625 , 2)  (60.4015 , 1)  (55.2251 , 9)  (53.3339 , 6)  (49.3845 , 7)  (46.8141 , 3)  (44.9441 , 8)  (42.2802 , 5)  (36.7942 , 4)  
(98.8691 , 5)  (63.504 , 3)  (59.0326 , 9)  (56.2931 , 6)  (54.5913 , 1)  (48.0924 , 7)  (44.8849 , 4)  (42.5225 , 8)  (40.5722 , 2)  
