 -------------------670------------
(98.1292 , 1)  (59.5029 , 7)  (55.2843 , 2)  (51.8879 , 5)  (51.8485 , 6)  (49.9143 , 8)  (48.0865 , 9)  (47.1638 , 3)  (39.9547 , 4)  
(90.1609 , 8)  (56.1976 , 7)  (54.7099 , 3)  (54.3775 , 5)  (50.8366 , 9)  (50.5614 , 4)  (49.4661 , 6)  (48.8135 , 1)  (48.8073 , 2)  
(84.4522 , 5)  (68.7113 , 8)  (60.403 , 3)  (59.861 , 4)  (58.5423 , 1)  (53.2276 , 6)  (53.1993 , 7)  (43.1638 , 9)  (31.5872 , 2)  
(102.792 , 2)  (58.1528 , 3)  (56.7259 , 9)  (52.328 , 1)  (49.8914 , 5)  (49.8295 , 8)  (47.5727 , 6)  (45.537 , 4)  (40.7067 , 7)  
(103.742 , 3)  (63.8085 , 1)  (52.0593 , 9)  (51.7255 , 6)  (49.0918 , 2)  (47.3574 , 7)  (46.2505 , 8)  (44.247 , 4)  (40.6232 , 5)  
(96.6859 , 9)  (57.8568 , 4)  (56.8735 , 6)  (53.0654 , 8)  (51.5086 , 3)  (48.0345 , 7)  (46.0892 , 1)  (44.1034 , 2)  (42.976 , 5)  
(94.6583 , 7)  (66.5676 , 9)  (54.5133 , 1)  (53.7575 , 2)  (53.6863 , 6)  (52.3636 , 3)  (46.3864 , 5)  (41.4782 , 4)  (38.616 , 8)  
(99.9315 , 4)  (63.5338 , 6)  (62.2706 , 1)  (59.8146 , 9)  (48.9274 , 5)  (47.8121 , 7)  (46.0551 , 2)  (41.6218 , 8)  (38.1849 , 3)  
(103.213 , 6)  (56.6884 , 3)  (55.6594 , 4)  (53.1639 , 2)  (51.6535 , 1)  (50.6469 , 9)  (46.7257 , 7)  (45.6307 , 5)  (45.5292 , 8)  
