 -------------------31------------
(103.196 , 6)  (67.1634 , 2)  (60.9734 , 5)  (53.7247 , 7)  (52.2158 , 4)  (46.8977 , 8)  (42.7149 , 3)  (41.0455 , 1)  (39.2404 , 9)  
(102.116 , 7)  (61.5181 , 3)  (52.6757 , 8)  (52.5061 , 2)  (52.0805 , 6)  (50.4769 , 1)  (48.3478 , 5)  (48.273 , 4)  (38.3027 , 9)  
(102.051 , 5)  (58.0121 , 3)  (55.3091 , 8)  (52.3286 , 7)  (51.8603 , 6)  (48.2457 , 4)  (45.0981 , 2)  (43.2019 , 1)  (42.4535 , 9)  
(77.4991 , 2)  (68.9048 , 4)  (62.0521 , 3)  (58.5284 , 8)  (55.9071 , 1)  (55.2112 , 5)  (52.9602 , 6)  (51.6674 , 7)  (47.0792 , 9)  
(93.175 , 9)  (63.9333 , 6)  (61.0153 , 8)  (54.3428 , 1)  (53.3748 , 2)  (51.2354 , 3)  (50.4416 , 7)  (49.1685 , 5)  (40.7064 , 4)  
(93.4949 , 3)  (78.5493 , 5)  (62.0297 , 2)  (52.3179 , 6)  (48.6886 , 4)  (47.42 , 8)  (45.739 , 9)  (44.9248 , 7)  (43.8857 , 1)  
(95.2252 , 1)  (64.5254 , 6)  (57.7432 , 7)  (57.4787 , 5)  (56.469 , 9)  (56.1584 , 2)  (49.6644 , 3)  (43.7386 , 4)  (39.3805 , 8)  
(99.2607 , 8)  (65.7436 , 2)  (58.9822 , 7)  (56.5958 , 9)  (54.9851 , 6)  (54.942 , 1)  (49.5364 , 5)  (44.3319 , 3)  (40.3831 , 4)  
(102.259 , 4)  (58.5833 , 2)  (58.147 , 6)  (53.9578 , 9)  (52.2973 , 1)  (51.9102 , 3)  (49.8678 , 8)  (44.7183 , 7)  (37.264 , 5)  
