 -------------------681------------
(99.6522 , 1)  (62.2287 , 7)  (53.7458 , 8)  (53.6295 , 3)  (50.6259 , 6)  (48.8876 , 4)  (47.3494 , 2)  (46.5628 , 9)  (45.0074 , 5)  
(88.0728 , 8)  (63.5447 , 7)  (55.6786 , 9)  (53.674 , 5)  (52.3837 , 6)  (50.3911 , 2)  (48.7623 , 4)  (47.1389 , 3)  (46.2049 , 1)  
(84.2701 , 5)  (67.9105 , 8)  (61.0859 , 3)  (59.5292 , 4)  (57.7735 , 1)  (57.2651 , 6)  (54.6154 , 7)  (42.6495 , 9)  (31.9716 , 2)  
(102.206 , 2)  (62.4746 , 3)  (57.1263 , 1)  (51.5437 , 9)  (50.4204 , 5)  (49.8243 , 8)  (47.5745 , 4)  (46.1942 , 6)  (40.8906 , 7)  
(95.1614 , 3)  (61.6138 , 1)  (55.7813 , 7)  (55.7438 , 2)  (54.737 , 6)  (52.4655 , 9)  (47.4204 , 4)  (45.0536 , 5)  (41.089 , 8)  
(97.4047 , 9)  (60.9915 , 6)  (54.3873 , 4)  (52.2822 , 7)  (50.7246 , 3)  (48.1743 , 2)  (47.4914 , 8)  (44.3077 , 5)  (41.7126 , 1)  
(95.9438 , 7)  (59.1684 , 9)  (57.3526 , 3)  (55.5709 , 6)  (54.5699 , 1)  (51.7802 , 2)  (47.2642 , 5)  (45.2298 , 4)  (35.7301 , 8)  
(101.443 , 4)  (62.5199 , 9)  (60.8474 , 1)  (59.6133 , 6)  (48.0525 , 7)  (46.4021 , 2)  (45.7499 , 5)  (42.9198 , 8)  (38.7944 , 3)  
(103.915 , 6)  (56.1723 , 3)  (54.4122 , 2)  (52.8803 , 4)  (52.1395 , 9)  (50.4239 , 1)  (49.1651 , 7)  (47.337 , 5)  (45.4455 , 8)  
