 -------------------249------------
(94.2377 , 1)  (79.1443 , 7)  (64.5595 , 4)  (56.0403 , 6)  (53.4015 , 2)  (49.4647 , 3)  (44.7299 , 5)  (36.681 , 8)  (36.315 , 9)  
(98.909 , 4)  (69.5578 , 2)  (56.3859 , 1)  (55.958 , 7)  (53.645 , 5)  (50.3877 , 3)  (48.869 , 6)  (48.1532 , 9)  (38.619 , 8)  
(97.2203 , 9)  (60.3576 , 6)  (57.2184 , 4)  (55.6066 , 7)  (48.7775 , 3)  (48.4911 , 8)  (48.1826 , 1)  (47.533 , 2)  (41.4748 , 5)  
(92.3585 , 5)  (69.6931 , 9)  (55.8254 , 6)  (53.9043 , 8)  (50.7108 , 3)  (49.6301 , 1)  (47.4368 , 4)  (46.7559 , 7)  (43.5402 , 2)  
(107.752 , 3)  (55.1343 , 6)  (51.5122 , 2)  (49.4488 , 9)  (49.1371 , 1)  (48.715 , 7)  (44.9431 , 5)  (40.1159 , 8)  (38.3224 , 4)  
(104.194 , 8)  (63.9577 , 6)  (56.1038 , 9)  (52.5773 , 7)  (51.7418 , 1)  (48.8741 , 3)  (45.5401 , 2)  (45.2879 , 4)  (37.3779 , 5)  
(89.2053 , 7)  (70.3193 , 8)  (64.2655 , 2)  (59.9924 , 1)  (55.523 , 3)  (50.3068 , 5)  (49.7074 , 6)  (42.6655 , 4)  (42.1063 , 9)  
(100.205 , 2)  (69.6983 , 3)  (62.0306 , 8)  (57.5139 , 9)  (53.5422 , 6)  (51.3035 , 1)  (47.8101 , 4)  (41.828 , 5)  (38.2103 , 7)  
(96.4236 , 6)  (72.7493 , 2)  (60.3874 , 5)  (58.4439 , 8)  (49.9816 , 1)  (49.6978 , 7)  (48.4678 , 4)  (46.449 , 3)  (39.8272 , 9)  
