 -------------------221------------
(91.3831 , 8)  (73.7285 , 3)  (55.1889 , 4)  (55.0688 , 7)  (52.3364 , 5)  (52.038 , 9)  (48.6433 , 1)  (46.9626 , 6)  (45.9682 , 2)  
(95.5646 , 4)  (68.99 , 6)  (56.1199 , 7)  (53.2998 , 1)  (52.1085 , 2)  (51.4436 , 8)  (49.328 , 3)  (48.3308 , 5)  (31.8672 , 9)  
(105.683 , 6)  (58.4994 , 1)  (55.3667 , 3)  (52.2785 , 4)  (51.5575 , 2)  (48.7831 , 5)  (46.1478 , 7)  (44.5184 , 8)  (42.5352 , 9)  
(94.159 , 9)  (66.73 , 7)  (56.9292 , 6)  (53.4488 , 1)  (49.0095 , 2)  (47.9567 , 5)  (46.1848 , 4)  (43.8657 , 8)  (42.0863 , 3)  
(105.783 , 1)  (54.4284 , 7)  (51.7513 , 8)  (49.9075 , 3)  (48.0777 , 5)  (46.2713 , 6)  (44.7739 , 2)  (43.9867 , 4)  (43.1505 , 9)  
(89.4165 , 3)  (62.8188 , 7)  (60.3911 , 9)  (60.3547 , 5)  (53.3761 , 1)  (51.7918 , 2)  (51.2071 , 6)  (47.3384 , 8)  (45.1649 , 4)  
(107.593 , 7)  (56.0852 , 6)  (50.0591 , 5)  (48.1859 , 2)  (47.5825 , 4)  (46.6668 , 1)  (45.8403 , 9)  (43.8236 , 8)  (43.8041 , 3)  
(78.7643 , 5)  (61.6254 , 6)  (59.1132 , 9)  (58.9957 , 3)  (51.5608 , 2)  (50.0104 , 7)  (49.4754 , 4)  (47.8801 , 1)  (47.78 , 8)  
(77.3893 , 2)  (67.3536 , 8)  (60.8596 , 3)  (60.0047 , 6)  (58.0643 , 7)  (51.6648 , 1)  (51.303 , 4)  (46.1517 , 5)  (45.9049 , 9)  
