 -------------------365------------
(103.49 , 3)  (61.2799 , 2)  (53.6154 , 7)  (53.3626 , 4)  (51.1064 , 9)  (49.5229 , 6)  (48.935 , 5)  (41.9509 , 8)  (38.0527 , 1)  
(82.6387 , 6)  (70.1775 , 9)  (60.1979 , 8)  (56.1748 , 4)  (51.0278 , 7)  (49.5929 , 2)  (47.3065 , 3)  (44.6576 , 1)  (44.1739 , 5)  
(98.7369 , 1)  (66.0256 , 2)  (63.0325 , 4)  (51.3424 , 8)  (50.775 , 7)  (48.3005 , 9)  (46.3234 , 3)  (41.9542 , 5)  (36.2624 , 6)  
(93.0318 , 8)  (62.7537 , 6)  (60.4144 , 7)  (54.7713 , 2)  (54.0317 , 5)  (51.295 , 4)  (50.8709 , 9)  (42.8419 , 1)  (42.6452 , 3)  
(108.39 , 4)  (56.5522 , 7)  (55.8728 , 2)  (50.6612 , 3)  (48.8627 , 6)  (47.015 , 9)  (45.6907 , 5)  (43.2344 , 8)  (40.7345 , 1)  
(100.158 , 5)  (60.4396 , 8)  (55.5653 , 9)  (52.1922 , 3)  (50.989 , 4)  (48.3833 , 1)  (47.9255 , 6)  (44.9619 , 7)  (43.2296 , 2)  
(100.28 , 7)  (60.7153 , 2)  (60.2162 , 6)  (54.7437 , 8)  (52.4334 , 1)  (50.4195 , 3)  (47.6665 , 5)  (41.4913 , 9)  (41.2421 , 4)  
(78.9336 , 7)  (72.1941 , 9)  (69.2684 , 1)  (61.0831 , 8)  (51.9814 , 6)  (48.6459 , 2)  (44.6883 , 3)  (42.5113 , 5)  (39.1346 , 4)  
(101.208 , 2)  (61.475 , 3)  (56.9583 , 6)  (55.5024 , 9)  (54.2164 , 1)  (48.0151 , 8)  (43.6538 , 5)  (42.8868 , 4)  (42.0089 , 7)  
