 -------------------906------------
(84.8372 , 3)  (77.8623 , 7)  (59.1717 , 2)  (57.0889 , 4)  (52.3963 , 5)  (52.0457 , 6)  (51.4182 , 9)  (47.9449 , 8)  (41.7351 , 1)  
(87.8467 , 9)  (64.0676 , 6)  (60.3276 , 7)  (53.5173 , 1)  (52.5708 , 4)  (52.2159 , 3)  (49.0407 , 2)  (48.1297 , 8)  (45.2294 , 5)  
(99.5384 , 4)  (74.5482 , 6)  (59.064 , 7)  (55.1779 , 2)  (50.4713 , 9)  (47.231 , 1)  (46.4943 , 8)  (45.3913 , 5)  (42.9249 , 3)  
(93.9253 , 6)  (59.4616 , 8)  (59.0855 , 2)  (56.9873 , 5)  (53.7772 , 1)  (52.7506 , 4)  (49.9123 , 9)  (47.8691 , 7)  (40.2525 , 3)  
(95.5267 , 5)  (65.4538 , 6)  (61.8914 , 3)  (59.7839 , 8)  (59.4001 , 1)  (54.4636 , 4)  (44.2771 , 7)  (40.7133 , 2)  (30.7361 , 9)  
(94.594 , 8)  (61.4304 , 2)  (56.5617 , 4)  (55.9673 , 9)  (52.8738 , 1)  (51.6954 , 7)  (50.9223 , 6)  (49.7436 , 3)  (38.4842 , 5)  
(102.943 , 2)  (65.1071 , 7)  (54.0778 , 6)  (53.4508 , 3)  (52.6431 , 8)  (52.1834 , 9)  (49.2304 , 5)  (44.6019 , 1)  (44.0212 , 4)  
(105.611 , 1)  (55.3074 , 7)  (51.9201 , 3)  (50.3772 , 4)  (50.1682 , 6)  (47.9365 , 5)  (47.6063 , 9)  (46.4949 , 8)  (46.1104 , 2)  
(89.1095 , 7)  (66.1028 , 2)  (64.9765 , 4)  (57.3105 , 3)  (56.3551 , 9)  (51.8138 , 6)  (47.4174 , 8)  (44.3092 , 1)  (43.9049 , 5)  
