 -------------------341------------
(93.2413 , 9)  (61.8951 , 7)  (59.4346 , 4)  (53.3132 , 5)  (52.025 , 8)  (50.1838 , 6)  (49.1813 , 1)  (47.982 , 2)  (46.6614 , 3)  
(104.721 , 8)  (55.0502 , 5)  (54.0069 , 3)  (53.0688 , 4)  (52.7189 , 1)  (49.9331 , 6)  (46.6227 , 7)  (46.5693 , 9)  (41.3237 , 2)  
(103.207 , 3)  (58.9505 , 6)  (54.7957 , 8)  (51.6542 , 4)  (50.9814 , 7)  (50.0711 , 1)  (49.12 , 2)  (48.7437 , 5)  (46.9243 , 9)  
(91.9232 , 4)  (60.5523 , 9)  (59.3862 , 1)  (56.2937 , 6)  (53.4093 , 2)  (52.4819 , 3)  (51.7636 , 7)  (51.6409 , 5)  (41.304 , 8)  
(107.459 , 6)  (59.0464 , 4)  (55.8191 , 7)  (52.2278 , 5)  (51.8719 , 3)  (51.8416 , 9)  (50.9394 , 1)  (46.4558 , 8)  (45.9339 , 2)  
(101.862 , 1)  (54.4662 , 7)  (54.3053 , 6)  (54.0883 , 9)  (52.0231 , 5)  (49.7072 , 2)  (49.5162 , 8)  (46.9789 , 3)  (43.8419 , 4)  
(104.016 , 7)  (60.4012 , 6)  (59.7798 , 2)  (52.5744 , 1)  (51.1231 , 9)  (46.9851 , 5)  (43.0731 , 3)  (40.4485 , 4)  (39.6555 , 8)  
(105.134 , 5)  (60.8518 , 7)  (50.1595 , 1)  (50.1131 , 2)  (49.2013 , 6)  (46.9954 , 3)  (45.5848 , 8)  (43.3286 , 9)  (42.6653 , 4)  
(105.506 , 2)  (55.161 , 8)  (54.1131 , 3)  (53.2226 , 4)  (50.8232 , 1)  (50.6538 , 9)  (48.3417 , 7)  (46.9971 , 6)  (43.3118 , 5)  
