 -------------------815------------
(100.844 , 8)  (58.704 , 1)  (57.3915 , 6)  (56.1468 , 7)  (51.9534 , 9)  (48.2481 , 3)  (47.2857 , 2)  (41.9405 , 4)  (38.4394 , 5)  
(102.204 , 1)  (63.3559 , 7)  (55.0827 , 2)  (53.1306 , 6)  (52.3825 , 5)  (49.4357 , 9)  (46.3944 , 3)  (43.1882 , 4)  (42.5974 , 8)  
(94.4047 , 9)  (71.3839 , 7)  (65.624 , 6)  (53.3411 , 1)  (52.8315 , 3)  (46.9431 , 8)  (45.6477 , 2)  (42.0142 , 5)  (39.8475 , 4)  
(100.197 , 4)  (61.332 , 7)  (53.4269 , 3)  (53.2562 , 1)  (52.6246 , 9)  (52.5478 , 2)  (52.5007 , 6)  (48.8961 , 5)  (36.0296 , 8)  
(88.9675 , 3)  (66.8972 , 9)  (63.9663 , 7)  (63.5268 , 1)  (56.1079 , 6)  (51.8374 , 2)  (45.9435 , 4)  (44.0469 , 5)  (37.0613 , 8)  
(80.8137 , 7)  (79.273 , 1)  (62.6434 , 9)  (57.7284 , 5)  (54.5232 , 2)  (51.8387 , 6)  (51.4122 , 4)  (44.5518 , 3)  (40.417 , 8)  
(80.2524 , 2)  (71.965 , 8)  (63.4563 , 1)  (62.0478 , 3)  (49.6878 , 6)  (48.6285 , 5)  (47.474 , 9)  (42.6521 , 7)  (42.2098 , 4)  
(97.1587 , 5)  (77.7293 , 3)  (59.7313 , 7)  (55.9472 , 6)  (54.6864 , 2)  (51.6849 , 4)  (45.658 , 9)  (42.4266 , 1)  (32.9747 , 8)  
(98.9692 , 6)  (70.2027 , 5)  (57.4477 , 8)  (55.5293 , 4)  (51.5913 , 1)  (49.1279 , 7)  (48.6554 , 3)  (46.9593 , 2)  (40.607 , 9)  
