 -------------------160------------
(94.6638 , 9)  (59.6692 , 7)  (58.4927 , 6)  (53.5747 , 4)  (53.2449 , 8)  (52.6945 , 1)  (50.8666 , 3)  (50.077 , 2)  (37.1716 , 5)  
(105.257 , 7)  (56.8844 , 3)  (52.1164 , 1)  (51.8847 , 6)  (50.7255 , 5)  (50.2823 , 4)  (50.2629 , 8)  (44.7157 , 2)  (42.9575 , 9)  
(104.52 , 2)  (58.3067 , 9)  (53.1855 , 3)  (52.923 , 8)  (52.8351 , 5)  (51.8647 , 4)  (51.5481 , 1)  (48.8756 , 6)  (38.2993 , 7)  
(89.5849 , 8)  (74.8076 , 5)  (55.3907 , 9)  (53.6719 , 2)  (53.426 , 6)  (52.1664 , 3)  (52.0781 , 4)  (49.7605 , 1)  (43.0018 , 7)  
(93.2227 , 3)  (71.0806 , 2)  (63.5462 , 7)  (59.6404 , 9)  (50.9305 , 4)  (50.4592 , 6)  (48.9593 , 1)  (46.6274 , 5)  (40.232 , 8)  
(90.428 , 6)  (65.4016 , 8)  (64.4905 , 5)  (52.8107 , 3)  (52.4734 , 1)  (51.5157 , 7)  (51.1278 , 2)  (45.3141 , 9)  (42.0997 , 4)  
(101.959 , 1)  (61.9262 , 7)  (52.4677 , 4)  (51.7448 , 9)  (49.7095 , 5)  (49.2612 , 2)  (48.7014 , 6)  (48.4592 , 3)  (44.2464 , 8)  
(99.8126 , 4)  (65.6925 , 2)  (58.0348 , 6)  (56.2141 , 8)  (55.4425 , 1)  (52.053 , 7)  (47.8325 , 5)  (40.7134 , 3)  (38.0561 , 9)  
(89.3635 , 5)  (56.9242 , 6)  (56.2595 , 9)  (55.4085 , 7)  (54.2525 , 1)  (53.5834 , 3)  (47.1465 , 2)  (45.5294 , 8)  (41.7471 , 4)  
