 -------------------64------------
(95.3951 , 2)  (64.3164 , 1)  (57.6797 , 8)  (57.2645 , 3)  (56.6651 , 6)  (46.19 , 9)  (41.0381 , 7)  (39.5034 , 4)  (35.9983 , 5)  
(96.473 , 6)  (58.2329 , 3)  (55.2769 , 4)  (52.8516 , 1)  (47.7124 , 7)  (46.0596 , 5)  (44.9201 , 8)  (40.2346 , 9)  (37.3391 , 2)  
(106.069 , 7)  (61.8941 , 6)  (57.7856 , 4)  (50.3474 , 5)  (48.3316 , 9)  (47.7492 , 2)  (47.0312 , 1)  (44.5906 , 3)  (38.5547 , 8)  
(101.733 , 5)  (65.7536 , 6)  (62.981 , 2)  (55.1159 , 4)  (49.6021 , 3)  (48.5805 , 7)  (47.4259 , 1)  (46.4152 , 9)  (42.7716 , 8)  
(92.002 , 8)  (62.3572 , 2)  (58.8991 , 9)  (53.184 , 1)  (52.2669 , 4)  (51.3128 , 7)  (50.472 , 6)  (48.4664 , 3)  (39.7062 , 5)  
(74.5734 , 4)  (66.7185 , 1)  (55.9285 , 6)  (55.2807 , 5)  (54.9643 , 9)  (51.8043 , 2)  (47.8678 , 8)  (47.4457 , 7)  (40.5706 , 3)  
(87.6698 , 3)  (66.8381 , 7)  (64.1816 , 9)  (56.5932 , 4)  (55.2181 , 2)  (54.007 , 8)  (51.3788 , 5)  (48.9806 , 1)  (46.5168 , 6)  
(103.114 , 1)  (60.9769 , 7)  (53.8937 , 6)  (52.2648 , 3)  (52.134 , 4)  (48.1456 , 2)  (46.9341 , 8)  (45.5006 , 5)  (44.1064 , 9)  
(96.3917 , 9)  (57.4445 , 4)  (56.8166 , 6)  (55.2709 , 7)  (52.3428 , 3)  (50.5252 , 8)  (49.0276 , 2)  (46.2756 , 5)  (44.6132 , 1)  
