 -------------------484------------
(101.947 , 6)  (56.0667 , 7)  (54.204 , 4)  (54.1524 , 2)  (52.7853 , 3)  (51.645 , 1)  (50.1328 , 8)  (49.2926 , 9)  (43.4564 , 5)  
(96.2342 , 9)  (54.6652 , 4)  (54.5292 , 1)  (53.8281 , 8)  (50.6128 , 7)  (49.559 , 6)  (48.6255 , 3)  (48.5699 , 5)  (47.1312 , 2)  
(108.238 , 4)  (57.23 , 7)  (49.6815 , 3)  (49.2857 , 6)  (48.3717 , 8)  (47.4976 , 2)  (45.4668 , 5)  (45.3289 , 9)  (45.0506 , 1)  
(103.111 , 7)  (65.4643 , 6)  (58.5735 , 4)  (53.8661 , 3)  (52.9399 , 1)  (45.8985 , 8)  (45.4709 , 9)  (44.9029 , 5)  (40.771 , 2)  
(100.375 , 1)  (59.4748 , 6)  (58.6533 , 2)  (48.5872 , 5)  (47.5153 , 7)  (46.739 , 9)  (46.0467 , 3)  (43.5486 , 8)  (41.3819 , 4)  
(107.552 , 5)  (57.3726 , 8)  (56.4653 , 2)  (53.2313 , 4)  (52.3149 , 7)  (49.1424 , 9)  (46.0744 , 1)  (41.6324 , 6)  (35.7388 , 3)  
(92.7213 , 8)  (63.3799 , 6)  (61.7556 , 1)  (61.4799 , 7)  (56.316 , 2)  (52.1513 , 9)  (51.469 , 5)  (41.0989 , 3)  (29.6835 , 4)  
(96.2656 , 3)  (59.6247 , 7)  (55.7867 , 1)  (55.2525 , 9)  (54.0081 , 2)  (53.9922 , 6)  (50.788 , 5)  (39.0413 , 8)  (34.9489 , 4)  
(101.742 , 2)  (58.2462 , 8)  (55.7192 , 1)  (54.9505 , 6)  (53.393 , 9)  (51.8931 , 3)  (48.9778 , 5)  (47.4246 , 7)  (39.575 , 4)  
