 -------------------618------------
(107.003 , 7)  (51.7806 , 6)  (51.6804 , 5)  (51.6346 , 2)  (50.0885 , 9)  (50.0047 , 4)  (49.6983 , 8)  (47.0832 , 1)  (45.7555 , 3)  
(96.0812 , 3)  (66.9754 , 2)  (60.8165 , 1)  (58.6947 , 4)  (57.6925 , 9)  (54.283 , 6)  (50.8231 , 8)  (44.4914 , 5)  (40.8426 , 7)  
(98.7135 , 4)  (62.0055 , 6)  (59.5084 , 5)  (56.3609 , 2)  (53.7545 , 7)  (51.7374 , 9)  (48.4957 , 1)  (45.3211 , 3)  (35.6942 , 8)  
(103.736 , 5)  (65.6996 , 3)  (56.2138 , 1)  (54.0384 , 2)  (51.4953 , 6)  (49.5975 , 4)  (49.5074 , 9)  (43.1721 , 7)  (38.0249 , 8)  
(95.6875 , 6)  (55.4311 , 1)  (54.9409 , 9)  (52.3581 , 2)  (51.6267 , 8)  (46.763 , 5)  (46.3869 , 7)  (45.4203 , 4)  (44.0269 , 3)  
(100.845 , 9)  (58.7255 , 7)  (57.4259 , 6)  (52.2984 , 1)  (51.9473 , 3)  (50.2848 , 2)  (48.7691 , 4)  (42.7244 , 5)  (42.1319 , 8)  
(109.312 , 2)  (53.7051 , 4)  (50.649 , 1)  (49.5863 , 5)  (49.3627 , 9)  (48.8999 , 7)  (48.3207 , 3)  (44.9186 , 8)  (43.1421 , 6)  
(105.285 , 8)  (61.7063 , 9)  (61.6076 , 7)  (55.487 , 1)  (53.4499 , 4)  (49.8568 , 6)  (47.7801 , 3)  (43.7258 , 2)  (37.1282 , 5)  
(101.054 , 1)  (62.3631 , 6)  (59.4223 , 7)  (54.7257 , 8)  (51.9826 , 4)  (49.8519 , 3)  (49.2014 , 5)  (45.1104 , 2)  (40.8866 , 9)  
