 -------------------335------------
(95.1327 , 9)  (62.8796 , 7)  (58.4186 , 4)  (53.2767 , 5)  (52.1342 , 2)  (51.8486 , 8)  (48.1067 , 6)  (48.1059 , 1)  (44.6759 , 3)  
(102.796 , 8)  (53.457 , 5)  (52.2158 , 6)  (52.1738 , 1)  (51.4643 , 4)  (50.9675 , 3)  (49.4778 , 7)  (48.1557 , 2)  (47.1469 , 9)  
(100.946 , 3)  (63.004 , 6)  (58.0709 , 8)  (52.592 , 4)  (52.3985 , 7)  (50.4159 , 2)  (50.094 , 1)  (48.3543 , 9)  (43.2481 , 5)  
(93.7779 , 4)  (58.0951 , 1)  (57.4092 , 6)  (56.2884 , 9)  (55.0925 , 2)  (54.7971 , 7)  (54.182 , 3)  (48.4448 , 5)  (37.0125 , 8)  
(106.516 , 6)  (61.5005 , 4)  (54.1047 , 7)  (53.2467 , 3)  (51.212 , 5)  (49.7637 , 9)  (48.4108 , 1)  (46.7567 , 8)  (45.5935 , 2)  
(102.558 , 1)  (54.2882 , 9)  (53.4776 , 8)  (53.1119 , 7)  (52.6887 , 6)  (49.0789 , 5)  (48.1862 , 3)  (48.149 , 2)  (42.1112 , 4)  
(103.213 , 7)  (61.4319 , 6)  (58.6999 , 2)  (53.3063 , 9)  (51.6676 , 1)  (49.8632 , 5)  (43.8098 , 3)  (40.0644 , 4)  (39.7692 , 8)  
(104.828 , 5)  (60.9833 , 7)  (54.2716 , 2)  (48.4453 , 1)  (48.1343 , 6)  (47.4729 , 3)  (45.3824 , 9)  (42.2044 , 8)  (41.1173 , 4)  
(106.698 , 2)  (57.6206 , 3)  (57.1753 , 8)  (51.0853 , 1)  (49.108 , 4)  (48.3985 , 6)  (47.6806 , 9)  (46.1503 , 7)  (44.1134 , 5)  
