 -------------------908------------
(85.3434 , 3)  (77.7351 , 7)  (58.4995 , 2)  (57.1731 , 4)  (52.7596 , 5)  (51.7835 , 6)  (49.6469 , 9)  (48.7491 , 8)  (41.8281 , 1)  
(87.8009 , 9)  (64.268 , 6)  (59.7773 , 7)  (53.9631 , 4)  (53.1688 , 1)  (52.3327 , 3)  (48.6805 , 2)  (48.4801 , 8)  (44.8923 , 5)  
(99.5327 , 4)  (74.5909 , 6)  (56.9971 , 7)  (51.087 , 2)  (49.7438 , 1)  (49.7092 , 9)  (48.0939 , 3)  (47.7259 , 5)  (44.8933 , 8)  
(93.6228 , 6)  (60.1679 , 8)  (58.7579 , 2)  (56.8806 , 5)  (54.4974 , 4)  (53.0399 , 1)  (50.3666 , 9)  (47.6792 , 7)  (41.8871 , 3)  
(95.4892 , 5)  (65.5475 , 6)  (62.631 , 3)  (59.4054 , 8)  (58.8816 , 1)  (55.0753 , 4)  (44.5734 , 7)  (40.493 , 2)  (30.2194 , 9)  
(94.6589 , 8)  (62.5265 , 2)  (58.2813 , 9)  (55.4205 , 4)  (52.3957 , 7)  (51.954 , 1)  (50.9482 , 3)  (47.9381 , 6)  (38.5487 , 5)  
(102.187 , 2)  (62.267 , 7)  (57.8064 , 3)  (53.3669 , 6)  (52.6613 , 8)  (50.584 , 4)  (47.9662 , 5)  (47.2728 , 9)  (41.4024 , 1)  
(105.601 , 1)  (55.1149 , 7)  (51.9861 , 3)  (50.4395 , 4)  (50.0626 , 6)  (47.8079 , 5)  (47.622 , 9)  (46.7053 , 8)  (46.241 , 2)  
(93.6023 , 7)  (63.4887 , 2)  (60.73 , 4)  (56.668 , 3)  (56.6672 , 6)  (55.6699 , 9)  (46.4831 , 8)  (46.4379 , 5)  (42.0686 , 1)  
