 -------------------346------------
(92.3626 , 9)  (64.5969 , 7)  (56.1156 , 4)  (53.8946 , 8)  (53.6007 , 5)  (51.1621 , 6)  (48.3425 , 1)  (47.3797 , 2)  (46.3533 , 3)  
(105.816 , 8)  (54.6559 , 4)  (54.3537 , 5)  (49.5645 , 1)  (49.11 , 9)  (48.3106 , 7)  (47.6199 , 6)  (46.3065 , 3)  (44.1317 , 2)  
(101.359 , 3)  (59.479 , 6)  (58.9183 , 8)  (53.4169 , 4)  (52.9846 , 2)  (52.5551 , 9)  (49.7153 , 1)  (48.2294 , 7)  (42.1445 , 5)  
(88.4255 , 4)  (62.9572 , 9)  (59.1615 , 6)  (57.3501 , 2)  (56.5696 , 7)  (54.901 , 1)  (50.3305 , 5)  (48.3285 , 3)  (38.8845 , 8)  
(107.004 , 6)  (64.5016 , 4)  (56.8109 , 7)  (55.9626 , 5)  (50.1714 , 9)  (48.9024 , 3)  (48.5347 , 1)  (44.7341 , 2)  (43.2779 , 8)  
(100.8 , 1)  (58.2719 , 7)  (56.5376 , 3)  (52.6946 , 9)  (51.7644 , 6)  (51.0282 , 8)  (48.9451 , 5)  (47.5654 , 2)  (45.4546 , 4)  
(103.238 , 7)  (62.6284 , 6)  (59.6067 , 2)  (51.4697 , 9)  (50.8718 , 1)  (49.1556 , 5)  (43.4231 , 3)  (40.2271 , 4)  (40.2248 , 8)  
(104.599 , 5)  (60.6619 , 7)  (53.9301 , 2)  (49.9071 , 3)  (49.1311 , 1)  (48.5527 , 6)  (46.5339 , 9)  (40.6281 , 4)  (40.1732 , 8)  
(106.09 , 2)  (55.3163 , 3)  (53.5003 , 8)  (53.3032 , 1)  (50.8325 , 9)  (50.2228 , 4)  (47.0031 , 6)  (46.8414 , 7)  (45.8427 , 5)  
