 -------------------820------------
(100.115 , 8)  (58.096 , 6)  (58.0898 , 1)  (56.6992 , 7)  (52.3101 , 9)  (49.2346 , 3)  (47.1599 , 2)  (41.7664 , 4)  (38.4671 , 5)  
(102.092 , 1)  (63.8412 , 7)  (55.46 , 2)  (51.7393 , 5)  (51.5061 , 6)  (47.9663 , 9)  (47.3663 , 3)  (45.1196 , 4)  (42.62 , 8)  
(94.6368 , 9)  (71.6161 , 7)  (66.6052 , 6)  (53.6313 , 1)  (52.0605 , 3)  (46.931 , 8)  (45.4845 , 2)  (43.0175 , 5)  (38.8906 , 4)  
(100.258 , 4)  (61.1018 , 7)  (53.3133 , 1)  (53.0434 , 3)  (52.6909 , 2)  (52.6503 , 9)  (52.4854 , 6)  (48.2871 , 5)  (36.5211 , 8)  
(89.5299 , 3)  (67.4435 , 9)  (63.2735 , 7)  (62.4178 , 1)  (56.3647 , 6)  (52.4048 , 2)  (45.6772 , 4)  (44.8496 , 5)  (36.1329 , 8)  
(80.7809 , 7)  (79.46 , 1)  (62.0967 , 9)  (57.3401 , 5)  (54.4526 , 2)  (52.1199 , 4)  (51.7624 , 6)  (44.7742 , 3)  (40.4999 , 8)  
(80.2918 , 2)  (72.597 , 8)  (62.3353 , 3)  (61.4987 , 1)  (50.5196 , 6)  (46.9153 , 9)  (46.4769 , 5)  (45.5362 , 7)  (41.2838 , 4)  
(96.6983 , 5)  (77.945 , 3)  (59.5374 , 7)  (55.5287 , 6)  (54.4733 , 2)  (52.0736 , 4)  (44.9239 , 9)  (42.7511 , 1)  (33.4169 , 8)  
(98.8697 , 6)  (70.4098 , 5)  (59.7569 , 8)  (53.0241 , 4)  (51.0144 , 1)  (49.464 , 7)  (48.1768 , 3)  (46.495 , 2)  (41.3195 , 9)  
