 -------------------435------------
(98.6393 , 5)  (62.3724 , 8)  (58.1444 , 3)  (54.4452 , 7)  (52.3579 , 1)  (49.7324 , 4)  (47.4792 , 2)  (46.6777 , 6)  (46.4159 , 9)  
(92.1647 , 2)  (75.0272 , 7)  (54.8972 , 6)  (52.7662 , 1)  (52.0269 , 9)  (49.4414 , 8)  (46.8539 , 4)  (46.5711 , 5)  (40.9869 , 3)  
(105.164 , 7)  (57.3052 , 6)  (54.0905 , 9)  (50.7453 , 5)  (48.4216 , 1)  (46.7254 , 3)  (46.4503 , 8)  (45.7602 , 4)  (43.6031 , 2)  
(86.6764 , 3)  (76.726 , 7)  (60.3193 , 5)  (56.1251 , 1)  (55.1279 , 6)  (50.3518 , 2)  (48.8696 , 4)  (34.6546 , 9)  (33.5183 , 8)  
(102.577 , 1)  (57.6641 , 6)  (54.4982 , 5)  (51.5979 , 7)  (51.2101 , 3)  (50.9033 , 2)  (49.1732 , 4)  (44.5429 , 8)  (43.2102 , 9)  
(106.959 , 8)  (61.6388 , 6)  (54.5372 , 3)  (52.3573 , 1)  (50.6785 , 7)  (46.5218 , 4)  (46.0003 , 9)  (41.9746 , 2)  (37.3008 , 5)  
(99.3716 , 6)  (56.7929 , 8)  (53.3329 , 2)  (53.1165 , 1)  (51.5554 , 4)  (49.9275 , 9)  (47.4854 , 5)  (46.0943 , 3)  (45.804 , 7)  
(98.1871 , 9)  (56.5313 , 7)  (56.1138 , 8)  (56.0271 , 6)  (52.5907 , 1)  (50.4712 , 4)  (49.9574 , 2)  (46.7479 , 3)  (44.8161 , 5)  
(107.031 , 4)  (61.805 , 2)  (55.9558 , 1)  (55.4865 , 7)  (51.1068 , 8)  (48.0479 , 5)  (42.3751 , 3)  (40.4921 , 6)  (38.281 , 9)  
