 -------------------375------------
(80.8602 , 7)  (74.0969 , 9)  (67.082 , 6)  (56.9141 , 3)  (56.0349 , 1)  (52.0964 , 5)  (45.6383 , 8)  (44.0409 , 2)  (43.822 , 4)  
(100.46 , 8)  (63.8379 , 1)  (61.032 , 7)  (53.8025 , 9)  (50.8887 , 2)  (50.4482 , 6)  (46.2498 , 4)  (45.1533 , 5)  (45.0614 , 3)  
(102.249 , 1)  (58.26 , 6)  (56.9974 , 7)  (53.7941 , 2)  (53.6077 , 9)  (49.7369 , 3)  (49.1369 , 5)  (47.6175 , 8)  (44.028 , 4)  
(103.311 , 3)  (58.4411 , 4)  (55.9189 , 7)  (50.561 , 8)  (50.471 , 2)  (49.5634 , 1)  (47.2312 , 6)  (42.3407 , 5)  (38.8192 , 9)  
(99.7325 , 2)  (59.0656 , 1)  (54.4213 , 5)  (54.2617 , 7)  (53.3394 , 9)  (52.0728 , 3)  (50.3954 , 4)  (48.1922 , 6)  (39.2372 , 8)  
(75.8515 , 9)  (69.6804 , 7)  (63.3938 , 8)  (57.6891 , 1)  (54.0886 , 4)  (53.1569 , 6)  (45.4044 , 3)  (44.8205 , 2)  (43.8982 , 5)  
(99.2549 , 4)  (61.9715 , 3)  (54.5771 , 1)  (54.002 , 6)  (53.2678 , 7)  (52.5483 , 2)  (49.8555 , 9)  (46.0656 , 5)  (39.2952 , 8)  
(102.758 , 5)  (70.8232 , 2)  (59.3729 , 8)  (52.8603 , 1)  (46.4347 , 3)  (45.6301 , 6)  (43.8525 , 9)  (42.5206 , 7)  (38.6497 , 4)  
(104.798 , 6)  (55.819 , 5)  (53.6515 , 4)  (51.0239 , 2)  (49.3844 , 7)  (48.1875 , 1)  (47.2183 , 3)  (47.1337 , 8)  (43.7925 , 9)  
