 -------------------97------------
(95.433 , 4)  (80.5607 , 7)  (67.2547 , 5)  (62.5701 , 2)  (45.1629 , 3)  (40.2524 , 8)  (39.1589 , 9)  (37.9294 , 6)  (35.9865 , 1)  
(93.8502 , 8)  (63.009 , 1)  (55.2182 , 7)  (53.6065 , 4)  (53.3963 , 5)  (51.2817 , 2)  (49.8936 , 3)  (43.8936 , 6)  (43.4973 , 9)  
(103.13 , 2)  (60.7949 , 1)  (54.6179 , 8)  (53.1352 , 7)  (50.6652 , 9)  (50.0631 , 6)  (48.7181 , 3)  (47.8415 , 5)  (43.2671 , 4)  
(107.377 , 7)  (58.6495 , 6)  (53.1003 , 9)  (52.9606 , 2)  (52.0262 , 5)  (45.6725 , 4)  (44.9006 , 3)  (44.5812 , 1)  (41.9548 , 8)  
(99.9479 , 3)  (63.4957 , 2)  (58.5929 , 9)  (56.9722 , 8)  (54.8873 , 6)  (54.4271 , 7)  (47.6745 , 1)  (42.8405 , 5)  (38.9747 , 4)  
(104.33 , 1)  (54.5632 , 9)  (51.3385 , 6)  (50.7833 , 5)  (50.7184 , 3)  (49.6432 , 7)  (48.6595 , 8)  (45.3724 , 2)  (44.2606 , 4)  
(104.381 , 6)  (54.3476 , 9)  (53.3242 , 7)  (52.1004 , 5)  (51.6644 , 2)  (48.6266 , 1)  (46.2925 , 8)  (44.9397 , 4)  (41.7159 , 3)  
(94.7897 , 9)  (61.4337 , 7)  (60.0964 , 6)  (52.7537 , 3)  (52.7272 , 8)  (51.2532 , 2)  (44.3762 , 5)  (44.1169 , 1)  (38.2972 , 4)  
(99.918 , 5)  (60.1959 , 2)  (54.5176 , 6)  (51.7031 , 9)  (51.1654 , 7)  (48.228 , 8)  (46.3408 , 4)  (43.4074 , 1)  (38.3787 , 3)  
