 -------------------241------------
(93.608 , 8)  (72.2033 , 3)  (58.9506 , 9)  (57.1228 , 4)  (52.0709 , 5)  (49.3747 , 7)  (48.3034 , 1)  (45.2648 , 2)  (41.9404 , 6)  
(95.0186 , 4)  (66.044 , 6)  (55.7204 , 1)  (53.6019 , 7)  (52.0306 , 5)  (50.7161 , 8)  (49.3129 , 2)  (46.4659 , 3)  (36.7013 , 9)  
(104.942 , 6)  (58.643 , 1)  (54.1365 , 2)  (51.3437 , 3)  (48.6231 , 5)  (47.5745 , 4)  (47.1344 , 7)  (46.2239 , 9)  (45.1366 , 8)  
(90.0686 , 9)  (70.9002 , 7)  (53.9986 , 1)  (52.9625 , 2)  (52.0321 , 6)  (49.6591 , 3)  (49.4532 , 5)  (48.4228 , 4)  (43.1693 , 8)  
(102.562 , 1)  (58.7501 , 2)  (53.7545 , 5)  (53.1046 , 9)  (50.2278 , 3)  (47.2724 , 6)  (42.1279 , 4)  (41.4117 , 8)  (39.423 , 7)  
(89.2419 , 3)  (62.8405 , 7)  (59.3207 , 5)  (58.5498 , 9)  (54.6383 , 1)  (53.8335 , 2)  (49.7962 , 8)  (49.738 , 6)  (44.751 , 4)  
(108.148 , 7)  (56.0608 , 6)  (49.0264 , 5)  (47.7973 , 2)  (47.4375 , 4)  (46.3981 , 1)  (46.1144 , 9)  (43.6992 , 8)  (42.1002 , 3)  
(82.6444 , 5)  (65.9341 , 3)  (62.7025 , 6)  (55.1184 , 9)  (52.3453 , 1)  (51.4424 , 2)  (47.7611 , 4)  (46.9248 , 8)  (45.2682 , 7)  
(76.4703 , 2)  (66.8721 , 8)  (62.1971 , 3)  (59.8645 , 7)  (58.5088 , 6)  (52.6078 , 1)  (51.5079 , 4)  (46.3748 , 5)  (42.8215 , 9)  
