 -------------------830------------
(68.4546 , 5)  (67.4723 , 3)  (65.5409 , 7)  (61.4175 , 2)  (61.2939 , 6)  (58.2917 , 8)  (50.4702 , 9)  (48.0662 , 1)  (37.1599 , 4)  
(100.233 , 8)  (59.5009 , 1)  (55.2171 , 6)  (54.8803 , 7)  (54.4797 , 9)  (53.026 , 3)  (48.264 , 2)  (45.6216 , 5)  (42.6644 , 4)  
(107.784 , 7)  (57.57 , 9)  (54.6244 , 6)  (49.4473 , 2)  (49.2517 , 1)  (48.9108 , 5)  (45.0467 , 3)  (44.008 , 4)  (40.6325 , 8)  
(99.3975 , 4)  (67.2795 , 6)  (65.4313 , 2)  (57.1514 , 5)  (48.1973 , 9)  (47.7675 , 7)  (45.0039 , 1)  (37.094 , 3)  (32.7391 , 8)  
(96.2268 , 2)  (61.4111 , 3)  (60.282 , 7)  (55.4937 , 9)  (49.4051 , 8)  (48.7716 , 1)  (47.7923 , 6)  (46.7228 , 5)  (45.934 , 4)  
(98.6769 , 3)  (68.0926 , 8)  (56.0314 , 9)  (52.5303 , 5)  (52.1483 , 7)  (50.6874 , 4)  (49.339 , 2)  (48.5272 , 6)  (48.1456 , 1)  
(96.7004 , 6)  (77.6876 , 8)  (58.3183 , 5)  (58.0586 , 1)  (52.6928 , 4)  (52.612 , 7)  (48.5337 , 3)  (39.0206 , 9)  (37.9754 , 2)  
(83.3527 , 9)  (68.8166 , 4)  (59.7256 , 2)  (58.4302 , 7)  (51.7069 , 1)  (51.2685 , 6)  (51.2223 , 5)  (44.1147 , 8)  (38.32 , 3)  
(104.297 , 1)  (56.7844 , 7)  (51.9029 , 2)  (50.5277 , 8)  (49.167 , 4)  (47.6365 , 5)  (46.8521 , 9)  (46.039 , 3)  (42.59 , 6)  
