 -------------------598------------
(91.6812 , 4)  (73.4499 , 6)  (66.4017 , 9)  (56.4772 , 1)  (55.2487 , 3)  (50.331 , 7)  (45.8349 , 2)  (42.7837 , 5)  (40.293 , 8)  
(101.083 , 5)  (60.9479 , 8)  (58.4996 , 4)  (53.0732 , 1)  (48.3344 , 6)  (47.8277 , 7)  (43.44 , 3)  (40.7353 , 9)  (39.5828 , 2)  
(84.3504 , 9)  (61.0401 , 4)  (59.8689 , 5)  (56.5671 , 2)  (52.7812 , 7)  (49.2287 , 6)  (47.4328 , 3)  (41.7412 , 1)  (40.3218 , 8)  
(104.096 , 1)  (58.9371 , 7)  (53.1522 , 2)  (49.732 , 4)  (48.2633 , 8)  (47.9666 , 6)  (46.7559 , 9)  (45.4173 , 3)  (42.5547 , 5)  
(92.2528 , 6)  (73.7632 , 5)  (63.0702 , 1)  (57.0901 , 9)  (53.1913 , 8)  (52.2532 , 7)  (48.635 , 2)  (41.2076 , 4)  (35.5153 , 3)  
(101.391 , 8)  (60.1815 , 2)  (52.7275 , 1)  (51.0631 , 7)  (49.7466 , 9)  (48.5513 , 6)  (47.4507 , 5)  (47.0703 , 4)  (46.3582 , 3)  
(94.8182 , 2)  (79.9488 , 7)  (57.9345 , 6)  (57.7537 , 3)  (47.2789 , 5)  (44.8934 , 4)  (43.4355 , 1)  (43.3951 , 9)  (42.1999 , 8)  
(77.7154 , 7)  (69.9256 , 3)  (66.7507 , 9)  (62.4925 , 2)  (60.0084 , 1)  (54.5946 , 6)  (48.2475 , 4)  (47.4356 , 8)  (36.4817 , 5)  
(105.87 , 3)  (56.4382 , 7)  (53.4068 , 5)  (51.3255 , 4)  (50.3068 , 2)  (50.1974 , 1)  (49.6415 , 6)  (44.6808 , 8)  (44.6496 , 9)  
