 -------------------88------------
(98.1459 , 4)  (75.2012 , 7)  (60.5131 , 5)  (58.5286 , 2)  (53.1002 , 6)  (45.4497 , 8)  (44.233 , 1)  (43.5744 , 3)  (31.8163 , 9)  
(93.7888 , 8)  (65.3606 , 1)  (57.4088 , 3)  (53.7532 , 7)  (52.7717 , 4)  (50.949 , 5)  (48.1169 , 2)  (45.1279 , 6)  (41.8508 , 9)  
(104.31 , 2)  (60.4574 , 1)  (54.4179 , 9)  (51.3085 , 3)  (50.0964 , 8)  (49.2649 , 4)  (47.1532 , 6)  (46.4736 , 7)  (45.0765 , 5)  
(107.561 , 7)  (56.8812 , 6)  (52.0652 , 5)  (49.3918 , 3)  (49.064 , 9)  (48.4972 , 2)  (48.4784 , 4)  (46.7696 , 1)  (42.2908 , 8)  
(99.7239 , 3)  (66.2127 , 2)  (61.4667 , 9)  (59.7541 , 7)  (54.9519 , 8)  (53.0427 , 6)  (46.4559 , 1)  (41.2117 , 5)  (35.2829 , 4)  
(105.504 , 1)  (55.6637 , 6)  (55.4345 , 3)  (51.2031 , 9)  (49.5591 , 5)  (49.1185 , 8)  (48.7993 , 7)  (46.4409 , 4)  (41.103 , 2)  
(104.977 , 6)  (53.2097 , 7)  (52.9277 , 5)  (52.5603 , 2)  (52.1688 , 9)  (47.4229 , 4)  (46.1693 , 1)  (45.3217 , 8)  (42.3801 , 3)  
(92.3921 , 9)  (59.8923 , 7)  (57.0399 , 6)  (56.17 , 8)  (53.4392 , 2)  (52.6749 , 3)  (46.2739 , 1)  (45.4879 , 5)  (39.0687 , 4)  
(99.6715 , 5)  (61.647 , 6)  (56.7126 , 2)  (53.7044 , 9)  (53.5702 , 7)  (48.274 , 8)  (43.8025 , 1)  (40.9838 , 4)  (40.6078 , 3)  
