 -------------------493------------
(101.603 , 6)  (56.3816 , 7)  (54.8769 , 4)  (54.8225 , 2)  (52.2822 , 3)  (51.5559 , 1)  (50.0944 , 9)  (49.8445 , 8)  (43.6632 , 5)  
(95.292 , 9)  (57.6971 , 8)  (53.3896 , 1)  (53.2563 , 6)  (50.6009 , 4)  (50.5007 , 7)  (50.0368 , 3)  (47.1926 , 5)  (46.7506 , 2)  
(107.418 , 4)  (56.1141 , 7)  (51.0902 , 2)  (48.1838 , 6)  (47.4983 , 8)  (46.6583 , 1)  (45.9684 , 3)  (45.8478 , 9)  (45.8241 , 5)  
(101.943 , 7)  (65.6182 , 6)  (59.4954 , 4)  (51.8416 , 1)  (51.3621 , 3)  (49.4086 , 9)  (47.5863 , 5)  (43.8431 , 2)  (42.6226 , 8)  
(100.095 , 1)  (58.3794 , 2)  (55.5135 , 6)  (51.2838 , 7)  (48.7466 , 8)  (47.8058 , 5)  (47.7652 , 3)  (46.0895 , 9)  (39.8924 , 4)  
(107.451 , 5)  (58.2947 , 2)  (57.0089 , 8)  (53.6042 , 7)  (51.455 , 4)  (49.6593 , 9)  (47.3746 , 1)  (39.7677 , 6)  (35.833 , 3)  
(92.6582 , 8)  (63.0122 , 6)  (62.8321 , 1)  (61.5746 , 7)  (52.7679 , 5)  (51.1678 , 9)  (50.5675 , 2)  (43.1645 , 3)  (33.3406 , 4)  
(95.4154 , 3)  (60.153 , 7)  (58.0544 , 1)  (56.4305 , 6)  (55.5785 , 2)  (54.6226 , 5)  (51.9482 , 9)  (37.9825 , 8)  (36.3247 , 4)  
(100.494 , 2)  (57.8356 , 8)  (55.4286 , 6)  (54.6981 , 1)  (52.564 , 9)  (52.015 , 3)  (48.7721 , 7)  (47.9419 , 5)  (40.835 , 4)  
