 -------------------513------------
(104.994 , 6)  (55.955 , 2)  (55.5985 , 4)  (51.3336 , 9)  (51.2665 , 1)  (49.0844 , 8)  (45.9207 , 5)  (45.6591 , 3)  (44.9605 , 7)  
(102.869 , 7)  (58.2176 , 3)  (54.3822 , 8)  (54.3197 , 6)  (51.4787 , 4)  (48.0769 , 2)  (46.0062 , 1)  (44.1753 , 5)  (42.2675 , 9)  
(102.179 , 3)  (59.989 , 9)  (54.3882 , 6)  (53.9572 , 1)  (51.1457 , 7)  (49.5529 , 4)  (47.6989 , 8)  (46.4503 , 2)  (40.4468 , 5)  
(88.9814 , 2)  (67.6588 , 6)  (62.9761 , 1)  (60.7296 , 7)  (51.6685 , 3)  (50.7664 , 5)  (49.1528 , 8)  (45.5826 , 9)  (40.4384 , 4)  
(103.486 , 4)  (61.7401 , 2)  (59.4747 , 1)  (56.9782 , 7)  (56.6425 , 8)  (51.1507 , 5)  (46.9823 , 3)  (44.2442 , 6)  (33.2093 , 9)  
(88.6783 , 5)  (63.9622 , 3)  (63.0687 , 1)  (57.4263 , 8)  (53.2147 , 9)  (49.7828 , 6)  (48.1217 , 7)  (46.6536 , 2)  (37.5281 , 4)  
(102.929 , 1)  (67.4108 , 7)  (53.9614 , 2)  (51.6324 , 6)  (50.4742 , 5)  (46.6657 , 8)  (46.6116 , 9)  (43.4491 , 3)  (40.3261 , 4)  
(95.4046 , 8)  (76.1561 , 2)  (60.3349 , 4)  (54.0281 , 7)  (50.432 , 6)  (45.7525 , 1)  (45.2929 , 9)  (40.6499 , 3)  (39.7858 , 5)  
(99.1568 , 9)  (58.3896 , 4)  (54.926 , 3)  (52.9431 , 6)  (52.2205 , 7)  (51.1718 , 2)  (46.1009 , 5)  (44.3852 , 1)  (38.0148 , 8)  
