 -------------------279------------
(103.478 , 5)  (68.0976 , 8)  (66.1904 , 2)  (49.9956 , 1)  (48.8096 , 6)  (46.8939 , 3)  (44.59 , 9)  (41.679 , 4)  (40.9583 , 7)  
(95.3942 , 8)  (71.1798 , 6)  (55.7512 , 9)  (55.3969 , 2)  (50.9841 , 3)  (50.6815 , 7)  (48.9453 , 5)  (47.403 , 1)  (35.8116 , 4)  
(103.035 , 1)  (67.5052 , 7)  (51.3199 , 4)  (49.3644 , 5)  (49.2971 , 3)  (49.2906 , 2)  (47.3138 , 6)  (45.8189 , 9)  (41.919 , 8)  
(95.1672 , 6)  (55.7692 , 9)  (55.1631 , 3)  (54.8912 , 5)  (50.5159 , 1)  (48.664 , 4)  (47.3883 , 7)  (40.6322 , 8)  (37.5824 , 2)  
(93.7201 , 3)  (69.8961 , 7)  (59.0673 , 2)  (56.1095 , 6)  (50.9195 , 9)  (50.6643 , 1)  (48.1256 , 8)  (45.2961 , 5)  (39.857 , 4)  
(104.05 , 2)  (58.9807 , 9)  (57.5517 , 7)  (56.9946 , 6)  (52.3518 , 5)  (49.8817 , 3)  (46.5475 , 1)  (41.4049 , 4)  (40.8368 , 8)  
(105.82 , 7)  (56.4342 , 9)  (52.2015 , 2)  (50.4283 , 6)  (50.2171 , 1)  (49.0191 , 3)  (49.0106 , 4)  (47.7673 , 8)  (40.9802 , 5)  
(85.9449 , 4)  (62.2182 , 8)  (60.2833 , 6)  (53.6162 , 5)  (52.6166 , 7)  (50.5199 , 9)  (49.6418 , 1)  (46.3717 , 2)  (42.4443 , 3)  
(88.9601 , 9)  (65.1658 , 4)  (61.3011 , 7)  (57.8381 , 3)  (50.0656 , 5)  (49.9337 , 6)  (47.1668 , 2)  (39.6559 , 1)  (38.1058 , 8)  
