 -------------------99------------
(95.6951 , 4)  (76.138 , 7)  (65.4141 , 5)  (60.1821 , 2)  (48.3927 , 3)  (45.4185 , 6)  (40.8526 , 9)  (38.7047 , 1)  (35.4592 , 8)  
(93.1085 , 8)  (63.9536 , 1)  (54.9615 , 7)  (54.5243 , 2)  (54.3058 , 5)  (51.1402 , 4)  (46.3277 , 3)  (46.0631 , 9)  (44.637 , 6)  
(101.078 , 2)  (62.9358 , 1)  (58.0957 , 3)  (52.4186 , 8)  (51.2967 , 9)  (47.9308 , 5)  (47.5556 , 4)  (45.1323 , 6)  (44.4617 , 7)  
(107.08 , 7)  (56.0787 , 6)  (52.2801 , 5)  (49.4446 , 2)  (48.6088 , 1)  (48.5545 , 3)  (47.9 , 9)  (47.1038 , 4)  (44.229 , 8)  
(97.8586 , 3)  (60.159 , 6)  (58.4435 , 2)  (57.4012 , 9)  (56.6842 , 8)  (53.8309 , 7)  (49.0173 , 1)  (44.879 , 5)  (39.5498 , 4)  
(104.769 , 1)  (53.6855 , 6)  (52.9014 , 7)  (51.5799 , 9)  (49.9511 , 3)  (49.5325 , 5)  (48.9505 , 8)  (45.7952 , 2)  (40.2184 , 4)  
(104.588 , 6)  (54.0719 , 7)  (52.8707 , 9)  (52.2215 , 5)  (51.454 , 2)  (47.6005 , 1)  (47.3986 , 8)  (44.9785 , 3)  (42.498 , 4)  
(92.6215 , 9)  (60.095 , 7)  (57.1578 , 6)  (54.4002 , 8)  (53.6632 , 3)  (50.3916 , 2)  (45.798 , 1)  (45.7796 , 5)  (40.8537 , 4)  
(99.7803 , 5)  (57.0474 , 2)  (56.5965 , 6)  (49.5607 , 7)  (48.7871 , 9)  (46.4478 , 4)  (46.0622 , 8)  (44.4283 , 3)  (44.4257 , 1)  
