 -------------------1069------------
(102.178 , 3)  (64.3658 , 7)  (59.3657 , 6)  (58.2266 , 9)  (56.5517 , 1)  (56.3308 , 2)  (46.2018 , 8)  (39.4144 , 5)  (36.6039 , 4)  
(103.245 , 7)  (55.9981 , 9)  (55.6793 , 3)  (54.2134 , 1)  (53.8057 , 6)  (49.4092 , 2)  (46.3838 , 5)  (43.3206 , 4)  (38.4789 , 8)  
(94.076 , 2)  (61.7467 , 3)  (56.0953 , 8)  (55.9967 , 1)  (54.9226 , 6)  (52.4366 , 9)  (51.2538 , 7)  (41.7501 , 5)  (40.4153 , 4)  
(84.5367 , 9)  (72.1327 , 7)  (64.6569 , 6)  (60.5464 , 5)  (52.4108 , 2)  (50.482 , 1)  (50.4273 , 3)  (45.9284 , 4)  (41.5947 , 8)  
(95.1122 , 4)  (71.4034 , 6)  (59.9012 , 7)  (54.4833 , 1)  (49.881 , 3)  (47.5401 , 9)  (47.0226 , 2)  (46.7301 , 5)  (41.3854 , 8)  
(104.546 , 1)  (61.0223 , 7)  (54.5328 , 4)  (50.5451 , 6)  (49.4962 , 9)  (48.5443 , 5)  (48.2578 , 2)  (47.1203 , 3)  (43.844 , 8)  
(101.648 , 6)  (62.9422 , 8)  (53.591 , 5)  (51.6077 , 4)  (51.0495 , 1)  (49.5548 , 7)  (45.5289 , 3)  (42.6617 , 2)  (40.531 , 9)  
(92.7272 , 8)  (56.2932 , 5)  (55.8058 , 7)  (55.3591 , 3)  (54.3577 , 4)  (53.3344 , 9)  (52.4259 , 1)  (51.1674 , 6)  (47.2064 , 2)  
(94.7723 , 5)  (54.3833 , 7)  (53.5119 , 6)  (53.4661 , 3)  (51.7326 , 4)  (51.6747 , 1)  (49.0114 , 2)  (45.0777 , 9)  (40.6934 , 8)  
