 -------------------875------------
(102.583 , 2)  (64.7528 , 3)  (58.1071 , 1)  (51.0569 , 9)  (49.5358 , 7)  (48.2476 , 6)  (44.8884 , 8)  (43.9965 , 4)  (42.4583 , 5)  
(92.0336 , 4)  (55.9909 , 6)  (54.8747 , 2)  (54.7377 , 7)  (54.3039 , 1)  (48.2346 , 3)  (48.043 , 8)  (42.1775 , 5)  (34.8707 , 9)  
(100.431 , 5)  (58.5195 , 2)  (54.8364 , 8)  (54.0584 , 9)  (52.6041 , 7)  (49.8172 , 6)  (46.9016 , 1)  (41.1958 , 3)  (40.156 , 4)  
(99.6872 , 6)  (52.059 , 2)  (51.1577 , 8)  (49.363 , 9)  (48.7692 , 5)  (48.1515 , 4)  (47.8581 , 1)  (47.7746 , 7)  (42.3441 , 3)  
(104.019 , 1)  (64.4012 , 7)  (51.881 , 2)  (49.1714 , 6)  (48.8912 , 3)  (48.2732 , 5)  (48.176 , 4)  (44.7541 , 9)  (44.6281 , 8)  
(90.5285 , 9)  (63.8965 , 6)  (57.7173 , 3)  (55.6167 , 7)  (53.2642 , 2)  (50.1876 , 4)  (50.01 , 5)  (46.7188 , 1)  (40.2212 , 8)  
(94.2787 , 8)  (65.0789 , 2)  (58.2413 , 4)  (53.1133 , 1)  (51.4373 , 9)  (49.8655 , 6)  (49.0362 , 7)  (47.7507 , 3)  (42.6649 , 5)  
(98.1605 , 7)  (68.8825 , 1)  (58.2467 , 2)  (56.8193 , 3)  (51.4326 , 4)  (49.0408 , 8)  (47.5591 , 9)  (47.4587 , 6)  (42.5897 , 5)  
(98.7295 , 3)  (63.626 , 8)  (58.5237 , 7)  (54.6924 , 2)  (52.7289 , 1)  (52.0348 , 4)  (51.0802 , 6)  (47.9195 , 5)  (37.6664 , 9)  
