 -------------------456------------
(89.8585 , 8)  (61.6548 , 9)  (59.3964 , 2)  (56.0876 , 6)  (54.4057 , 7)  (52.0293 , 1)  (51.1045 , 3)  (43.771 , 5)  (41.6618 , 4)  
(91.9176 , 7)  (68.9832 , 2)  (67.2757 , 3)  (59.611 , 1)  (58.3198 , 8)  (52.2075 , 4)  (52.1098 , 6)  (46.063 , 5)  (30.3118 , 9)  
(107.399 , 4)  (55.0048 , 2)  (54.1282 , 8)  (49.6174 , 1)  (47.0782 , 6)  (46.6797 , 9)  (46.4127 , 7)  (45.9053 , 3)  (45.2678 , 5)  
(108.863 , 2)  (56.4178 , 5)  (54.1413 , 6)  (51.2749 , 9)  (49.6591 , 1)  (49.5054 , 7)  (47.0095 , 8)  (45.6991 , 4)  (39.4598 , 3)  
(100.807 , 1)  (63.4568 , 6)  (60.6716 , 2)  (56.6577 , 9)  (56.0032 , 3)  (51.8476 , 5)  (45.9627 , 4)  (32.3589 , 7)  (31.4215 , 8)  
(100.117 , 9)  (55.8051 , 7)  (54.1561 , 5)  (51.7879 , 1)  (51.5373 , 3)  (50.549 , 6)  (50.5338 , 2)  (47.9713 , 4)  (45.7751 , 8)  
(95.3086 , 3)  (59.3596 , 1)  (57.9627 , 9)  (57.777 , 2)  (55.0355 , 6)  (53.7429 , 8)  (52.4263 , 7)  (49.1987 , 5)  (41.1331 , 4)  
(96.0672 , 5)  (55.9193 , 6)  (55.5688 , 3)  (54.8651 , 4)  (52.2346 , 7)  (49.2122 , 9)  (47.6087 , 8)  (47.2752 , 1)  (44.6199 , 2)  
(100.919 , 6)  (56.9683 , 8)  (56.5553 , 4)  (53.3488 , 2)  (53.0975 , 9)  (51.2111 , 7)  (51.0543 , 3)  (49.4294 , 1)  (45.0426 , 5)  
