 -------------------290------------
(88.2564 , 2)  (75.635 , 7)  (58.1837 , 8)  (56.5629 , 6)  (55.572 , 9)  (51.5112 , 5)  (50.2787 , 1)  (37.8999 , 3)  (33.9508 , 4)  
(95.648 , 9)  (61.3271 , 7)  (58.6902 , 6)  (53.3953 , 4)  (51.9929 , 2)  (49.2775 , 5)  (48.4052 , 1)  (47.6346 , 8)  (44.8356 , 3)  
(91.0099 , 7)  (73.5306 , 9)  (56.9789 , 2)  (52.3961 , 8)  (51.5403 , 1)  (51.4241 , 6)  (47.6546 , 5)  (46.1996 , 3)  (45.7544 , 4)  
(98.6624 , 6)  (55.186 , 5)  (54.7297 , 8)  (54.0475 , 4)  (52.7338 , 7)  (50.703 , 3)  (48.1465 , 1)  (44.9734 , 2)  (37.5714 , 9)  
(96.6904 , 4)  (74.5919 , 6)  (60.3059 , 7)  (54.6934 , 2)  (49.1458 , 9)  (48.1234 , 8)  (45.3154 , 1)  (44.2821 , 3)  (43.2683 , 5)  
(99.3734 , 8)  (60.9891 , 9)  (58.1989 , 2)  (57.0661 , 1)  (54.0639 , 3)  (50.9922 , 6)  (50.3342 , 4)  (44.8682 , 7)  (41.9057 , 5)  
(104.695 , 5)  (56.4258 , 3)  (52.0251 , 7)  (49.8785 , 2)  (49.6293 , 4)  (46.8041 , 9)  (46.5939 , 1)  (46.2339 , 6)  (43.7749 , 8)  
(102.732 , 1)  (65.9668 , 7)  (54.3105 , 4)  (49.4511 , 3)  (48.6417 , 6)  (47.8473 , 2)  (46.7148 , 5)  (46.0522 , 8)  (44.2725 , 9)  
(104.025 , 3)  (58.7121 , 5)  (54.5914 , 8)  (52.158 , 4)  (50.5562 , 1)  (50.232 , 7)  (48.9207 , 6)  (43.6978 , 9)  (40.9485 , 2)  
