 -------------------520------------
(106.761 , 6)  (53.5905 , 2)  (52.6734 , 8)  (51.3146 , 4)  (49.0567 , 7)  (49.0173 , 1)  (48.4163 , 9)  (47.485 , 3)  (43.1455 , 5)  
(103.95 , 7)  (61.2695 , 3)  (57.3788 , 6)  (53.0984 , 8)  (51.6025 , 2)  (51.3 , 4)  (48.7406 , 1)  (37.6714 , 5)  (37.1744 , 9)  
(103.406 , 3)  (56.1239 , 9)  (55.2229 , 6)  (54.173 , 7)  (51.0055 , 4)  (50.3311 , 1)  (49.1276 , 2)  (43.6491 , 8)  (42.9019 , 5)  
(89.555 , 2)  (65.9076 , 1)  (64.0693 , 6)  (56.8051 , 7)  (51.7686 , 8)  (51.3297 , 3)  (51.0704 , 5)  (47.0529 , 9)  (40.1947 , 4)  
(102.805 , 4)  (68.6734 , 2)  (59.6926 , 1)  (55.8789 , 7)  (53.8612 , 8)  (51.4023 , 5)  (44.509 , 6)  (44.2054 , 3)  (32.1015 , 9)  
(96.897 , 5)  (62.7442 , 1)  (61.0222 , 3)  (53.3103 , 8)  (50.3785 , 2)  (47.6815 , 9)  (47.6621 , 7)  (46.9158 , 4)  (43.2322 , 6)  
(102.356 , 1)  (65.5377 , 7)  (54.2835 , 2)  (53.7111 , 6)  (52.4252 , 9)  (51.0653 , 5)  (45.7691 , 8)  (42.0952 , 3)  (36.0457 , 4)  
(97.7379 , 8)  (71.4425 , 2)  (61.3024 , 4)  (53.4564 , 7)  (49.1622 , 6)  (47.247 , 1)  (44.7375 , 9)  (43.2568 , 3)  (38.2461 , 5)  
(96.1269 , 9)  (66.5376 , 4)  (57.5753 , 3)  (52.1978 , 2)  (49.2566 , 7)  (49.1352 , 6)  (48.2955 , 5)  (44.7124 , 1)  (38.6042 , 8)  
