 -------------------30------------
(104.621 , 6)  (60.3135 , 2)  (58.596 , 5)  (53.7875 , 7)  (50.2873 , 4)  (47.2628 , 8)  (44.526 , 3)  (41.6199 , 9)  (40.3433 , 1)  
(102.91 , 7)  (63.6632 , 3)  (51.6942 , 5)  (50.5525 , 1)  (49.6202 , 4)  (49.3731 , 2)  (48.8546 , 8)  (46.7801 , 6)  (40.3539 , 9)  
(100.977 , 5)  (57.0886 , 3)  (56.6642 , 7)  (52.1409 , 6)  (50.3486 , 8)  (46.7145 , 4)  (44.1453 , 1)  (43.9322 , 2)  (42.1282 , 9)  
(78.3884 , 2)  (66.0591 , 4)  (60.5802 , 3)  (56.8844 , 8)  (56.7477 , 1)  (53.1743 , 6)  (53.0231 , 5)  (51.344 , 7)  (50.1552 , 9)  
(93.3559 , 9)  (62.9984 , 8)  (60.1958 , 6)  (59.4586 , 2)  (58.1393 , 1)  (55.0441 , 7)  (51.81 , 3)  (40.6239 , 5)  (40.5954 , 4)  
(92.9672 , 3)  (75.6352 , 5)  (65.1068 , 2)  (58.8247 , 4)  (47.0647 , 8)  (46.1869 , 9)  (44.4886 , 7)  (44.2158 , 6)  (43.0183 , 1)  
(95.1199 , 1)  (61.5851 , 6)  (61.0123 , 2)  (60.8539 , 5)  (55.4854 , 7)  (53.2203 , 9)  (44.6876 , 3)  (42.1676 , 4)  (41.9122 , 8)  
(101.097 , 8)  (62.3342 , 2)  (58.8687 , 7)  (54.5974 , 6)  (53.5401 , 1)  (52.4787 , 9)  (50.006 , 5)  (44.4438 , 3)  (40.5585 , 4)  
(104.72 , 4)  (58.2854 , 2)  (54.447 , 1)  (52.8944 , 8)  (52.2616 , 6)  (51.7603 , 3)  (49.0211 , 9)  (44.0984 , 7)  (36.996 , 5)  
