 -------------------715------------
(79.6596 , 6)  (78.4745 , 5)  (68.5798 , 3)  (63.7439 , 8)  (63.457 , 1)  (52.7667 , 7)  (41.7378 , 4)  (40.2601 , 2)  (37.3658 , 9)  
(98.6902 , 4)  (59.5645 , 7)  (56.1323 , 2)  (54.7196 , 3)  (52.6846 , 1)  (52.1325 , 6)  (51.9201 , 5)  (50.8507 , 9)  (38.0577 , 8)  
(90.5108 , 3)  (63.5374 , 2)  (59.583 , 7)  (55.9603 , 1)  (54.3878 , 4)  (52.1919 , 6)  (50.2699 , 9)  (47.2422 , 5)  (46.9662 , 8)  
(98.7005 , 1)  (62.7013 , 7)  (60.1742 , 5)  (59.2521 , 6)  (53.7374 , 9)  (48.5852 , 2)  (42.8774 , 8)  (42.3496 , 4)  (42.2697 , 3)  
(97.4818 , 8)  (66.4951 , 2)  (66.4044 , 1)  (53.6782 , 7)  (53.4955 , 9)  (52.8679 , 6)  (42.3564 , 3)  (42.2991 , 4)  (35.2835 , 5)  
(95.6257 , 7)  (58.0496 , 6)  (55.9827 , 9)  (52.2856 , 8)  (51.589 , 3)  (47.6325 , 5)  (46.8467 , 4)  (44.178 , 2)  (42.948 , 1)  
(77.2114 , 5)  (72.0387 , 8)  (59.94 , 2)  (59.0838 , 6)  (55.7257 , 9)  (54.8442 , 1)  (47.8366 , 3)  (45.6446 , 7)  (36.1585 , 4)  
(97.8552 , 6)  (59.9099 , 4)  (56.8976 , 3)  (56.2604 , 5)  (48.9457 , 1)  (45.4492 , 8)  (43.9485 , 7)  (41.3864 , 9)  (40.0913 , 2)  
(107.931 , 2)  (58.3944 , 9)  (55.4497 , 5)  (53.4274 , 4)  (51.4573 , 7)  (46.8448 , 3)  (46.3266 , 1)  (46.0941 , 8)  (45.5904 , 6)  
