 -------------------888------------
(91.0682 , 6)  (65.9688 , 8)  (63.7147 , 1)  (62.6175 , 2)  (60.9036 , 4)  (51.514 , 7)  (48.0565 , 5)  (42.926 , 3)  (40.7006 , 9)  
(93.8137 , 7)  (74.3721 , 2)  (53.4116 , 6)  (52.1685 , 1)  (49.8866 , 8)  (49.5994 , 4)  (49.2803 , 3)  (45.2031 , 5)  (42.0298 , 9)  
(86.0456 , 4)  (81.1369 , 6)  (60.5704 , 9)  (59.5655 , 7)  (56.9228 , 1)  (51.1271 , 5)  (49.2487 , 2)  (44.7778 , 8)  (39.4808 , 3)  
(98.5996 , 2)  (57.6527 , 6)  (56.1594 , 3)  (54.8164 , 9)  (54.5679 , 1)  (47.2772 , 8)  (45.9596 , 7)  (41.0237 , 4)  (39.5942 , 5)  
(100.577 , 9)  (64.4166 , 7)  (56.9866 , 6)  (53.8766 , 2)  (53.6243 , 1)  (49.1177 , 3)  (43.4259 , 8)  (40.1162 , 5)  (39.7677 , 4)  
(102.763 , 8)  (57.4244 , 1)  (56.6904 , 3)  (55.37 , 9)  (53.3797 , 2)  (50.0002 , 4)  (48.7943 , 7)  (47.5894 , 6)  (35.3024 , 5)  
(104.125 , 3)  (62.2191 , 5)  (54.7631 , 6)  (53.1611 , 9)  (52.2435 , 1)  (51.6233 , 7)  (44.2147 , 2)  (41.1127 , 8)  (39.8599 , 4)  
(94.1023 , 5)  (65.0775 , 4)  (60.2763 , 3)  (57.1585 , 6)  (53.5159 , 8)  (48.9523 , 2)  (46.0507 , 7)  (45.9047 , 1)  (38.1227 , 9)  
(105.056 , 1)  (54.0322 , 6)  (52.7419 , 4)  (51.7237 , 2)  (50.3477 , 5)  (50.3012 , 3)  (49.0243 , 7)  (49.0214 , 8)  (44.9216 , 9)  
