 -------------------892------------
(94.0622 , 6)  (62.2409 , 2)  (62.1425 , 8)  (61.7148 , 1)  (57.3403 , 4)  (53.537 , 7)  (47.0098 , 5)  (43.3163 , 3)  (42.538 , 9)  
(94.7114 , 7)  (73.7942 , 2)  (54.2626 , 6)  (53.5387 , 1)  (50.02 , 8)  (48.1058 , 4)  (47.9549 , 3)  (45.516 , 5)  (42.9084 , 9)  
(85.3504 , 4)  (82.3032 , 6)  (61.858 , 9)  (60.0384 , 7)  (55.8291 , 1)  (50.9546 , 5)  (49.3388 , 2)  (45.3619 , 8)  (39.3412 , 3)  
(101.204 , 2)  (58.9716 , 6)  (57.3184 , 9)  (56.7947 , 1)  (46.594 , 7)  (45.7176 , 8)  (44.908 , 5)  (44.1886 , 3)  (40.769 , 4)  
(101.178 , 9)  (59.1178 , 7)  (56.2421 , 6)  (54.3809 , 1)  (53.011 , 2)  (51.5716 , 3)  (45.2309 , 8)  (40.3827 , 4)  (39.4654 , 5)  
(102.203 , 8)  (57.1372 , 1)  (56.7893 , 3)  (56.7166 , 9)  (52.3137 , 2)  (50.0349 , 6)  (48.2862 , 7)  (48.0727 , 4)  (37.4028 , 5)  
(104.478 , 3)  (55.6652 , 6)  (54.5127 , 5)  (54.3174 , 9)  (53.9188 , 1)  (50.1516 , 7)  (48.3271 , 2)  (42.6117 , 8)  (39.2972 , 4)  
(93.935 , 5)  (63.8392 , 4)  (60.8495 , 3)  (57.7292 , 6)  (53.9153 , 8)  (48.0737 , 2)  (46.5753 , 7)  (45.4756 , 1)  (38.5694 , 9)  
(105.142 , 1)  (53.5414 , 6)  (52.807 , 4)  (51.4435 , 2)  (50.2336 , 3)  (49.9257 , 5)  (48.9871 , 8)  (48.9425 , 7)  (45.6293 , 9)  
