 -------------------1164------------
(88.6254 , 2)  (68.0575 , 7)  (58.2469 , 5)  (57.2198 , 6)  (53.8838 , 1)  (53.1413 , 9)  (47.1926 , 3)  (41.4063 , 4)  (37.3122 , 8)  
(98.8575 , 1)  (67.5249 , 7)  (54.717 , 6)  (53.6618 , 4)  (51.5398 , 5)  (50.7685 , 3)  (47.613 , 9)  (44.6634 , 2)  (44.562 , 8)  
(80.615 , 5)  (69.2186 , 8)  (68.1597 , 6)  (63.0384 , 1)  (62.5838 , 3)  (50.3644 , 7)  (47.6495 , 9)  (44.5196 , 4)  (44.0633 , 2)  
(106.353 , 7)  (57.0213 , 9)  (54.7277 , 6)  (50.954 , 3)  (48.2404 , 2)  (46.7726 , 8)  (45.9466 , 1)  (43.1731 , 4)  (41.5291 , 5)  
(96.3485 , 9)  (66.5397 , 6)  (58.7297 , 7)  (53.8813 , 1)  (47.8806 , 4)  (47.5982 , 3)  (46.1832 , 2)  (43.4822 , 5)  (41.975 , 8)  
(97.2896 , 6)  (55.6174 , 8)  (53.59 , 9)  (51.9602 , 4)  (51.3521 , 5)  (50.1961 , 2)  (48.2587 , 7)  (46.6454 , 3)  (43.3534 , 1)  
(105.171 , 3)  (59.0422 , 2)  (51.8795 , 9)  (50.6522 , 1)  (49.254 , 5)  (46.446 , 6)  (45.8228 , 4)  (45.5659 , 8)  (41.1566 , 7)  
(97.4468 , 8)  (79.1399 , 4)  (57.9802 , 6)  (54.2316 , 5)  (52.8817 , 1)  (50.5045 , 7)  (50.3448 , 2)  (40.395 , 3)  (35.5938 , 9)  
(107.958 , 4)  (61.5531 , 2)  (52.6934 , 8)  (51.9785 , 5)  (50.3625 , 7)  (46.6096 , 1)  (42.8642 , 9)  (40.8986 , 6)  (36.9144 , 3)  
