 -------------------230------------
(91.1913 , 8)  (73.1227 , 3)  (54.4746 , 4)  (53.8855 , 7)  (52.4801 , 9)  (49.9323 , 5)  (49.0358 , 1)  (45.9307 , 2)  (45.1567 , 6)  
(92.9045 , 4)  (68.0208 , 6)  (56.3481 , 1)  (53.3828 , 7)  (52.2272 , 5)  (50.3275 , 8)  (48.3397 , 2)  (47.5835 , 3)  (38.4496 , 9)  
(105.095 , 6)  (59.0579 , 1)  (53.6061 , 3)  (53.5927 , 4)  (49.8727 , 7)  (49.6999 , 2)  (48.8196 , 5)  (47.5373 , 8)  (41.337 , 9)  
(91.0207 , 9)  (69.583 , 7)  (54.1083 , 6)  (54.0809 , 2)  (53.2662 , 5)  (51.3917 , 1)  (48.398 , 4)  (43.1062 , 3)  (41.0661 , 8)  
(104.767 , 1)  (55.4189 , 7)  (53.7334 , 2)  (52.182 , 9)  (51.6944 , 5)  (46.713 , 6)  (45.3485 , 8)  (43.3751 , 3)  (40.9477 , 4)  
(92.0647 , 3)  (61.3149 , 7)  (59.8739 , 5)  (57.9068 , 9)  (54.236 , 1)  (52.4414 , 2)  (51.4517 , 6)  (46.1573 , 8)  (44.6784 , 4)  
(107.75 , 7)  (55.8811 , 6)  (50.3392 , 5)  (49.7174 , 2)  (48.3396 , 1)  (48.287 , 9)  (46.3043 , 4)  (41.9357 , 8)  (39.619 , 3)  
(79.8198 , 5)  (61.0998 , 9)  (60.789 , 3)  (55.0371 , 6)  (54.9033 , 2)  (51.044 , 4)  (49.5153 , 1)  (47.1618 , 8)  (46.975 , 7)  
(74.0596 , 2)  (68.8406 , 8)  (61.7985 , 3)  (60.7876 , 7)  (57.3842 , 6)  (55.8307 , 4)  (50.3056 , 1)  (45.274 , 5)  (43.5526 , 9)  
