 -------------------952------------
(99.2299 , 7)  (75.9197 , 9)  (61.4655 , 6)  (61.2938 , 2)  (57.8509 , 1)  (46.9638 , 4)  (46.7972 , 5)  (39.0963 , 3)  (29.1622 , 8)  
(89.8859 , 5)  (73.6458 , 3)  (60.9346 , 6)  (54.7294 , 1)  (54.5949 , 9)  (50.2511 , 7)  (43.0841 , 4)  (42.2943 , 8)  (36.6402 , 2)  
(85.7698 , 6)  (70.8529 , 5)  (69.2489 , 8)  (54.2689 , 7)  (54.1679 , 1)  (51.8343 , 3)  (48.9138 , 2)  (43.3321 , 9)  (33.585 , 4)  
(92.939 , 1)  (68.8792 , 7)  (56.7807 , 4)  (56.679 , 2)  (54.6216 , 6)  (47.3844 , 3)  (47.3103 , 5)  (46.2297 , 8)  (40.1797 , 9)  
(88.8738 , 9)  (64.5047 , 6)  (61.2196 , 5)  (60.1648 , 4)  (57.9857 , 7)  (51.4796 , 8)  (50.1425 , 1)  (47.6031 , 3)  (41.3506 , 2)  
(99.8006 , 4)  (59.1216 , 7)  (56.0073 , 9)  (55.1521 , 3)  (54.7333 , 2)  (54.2002 , 1)  (52.3643 , 6)  (50.7298 , 5)  (32.2587 , 8)  
(75.9634 , 2)  (62.7464 , 3)  (58.3741 , 7)  (55.7028 , 1)  (54.2614 , 8)  (53.5947 , 6)  (50.1849 , 9)  (47.933 , 4)  (46.8156 , 5)  
(107.813 , 8)  (56.2434 , 4)  (53.8752 , 9)  (51.4029 , 1)  (49.2255 , 3)  (48.6372 , 2)  (47.6695 , 6)  (45.3169 , 7)  (41.3968 , 5)  
(98.5169 , 3)  (55.9629 , 7)  (55.0965 , 2)  (51.7099 , 4)  (51.4679 , 8)  (51.3296 , 9)  (50.5248 , 6)  (47.983 , 1)  (44.8306 , 5)  
