 -------------------1073------------
(102.21 , 3)  (61.7429 , 7)  (57.4301 , 1)  (57.3083 , 2)  (55.5981 , 6)  (53.8108 , 9)  (44.5098 , 8)  (43.0288 , 5)  (41.4618 , 4)  
(102.458 , 7)  (58.0742 , 9)  (53.74 , 3)  (52.6165 , 1)  (52.4618 , 6)  (49.8839 , 2)  (47.9101 , 5)  (45.7884 , 4)  (40.5948 , 8)  
(97.1855 , 2)  (59.792 , 9)  (56.8422 , 3)  (56.0549 , 8)  (56.0209 , 6)  (54.9388 , 1)  (49.9595 , 7)  (43.5303 , 5)  (39.3007 , 4)  
(86.2576 , 9)  (66.2575 , 7)  (63.2326 , 5)  (61.0174 , 6)  (52.9947 , 2)  (52.2116 , 3)  (50.4986 , 1)  (49.0987 , 4)  (39.8605 , 8)  
(94.2366 , 4)  (68.4017 , 6)  (64.0488 , 7)  (52.4878 , 1)  (50.9443 , 5)  (48.6412 , 3)  (45.3633 , 2)  (44.8938 , 9)  (41.0334 , 8)  
(103.659 , 1)  (66.0263 , 7)  (56.2125 , 4)  (50.5788 , 6)  (50.3803 , 3)  (46.7869 , 2)  (44.4447 , 8)  (44.3313 , 5)  (44.2296 , 9)  
(102.511 , 6)  (63.5896 , 8)  (51.8518 , 1)  (50.5456 , 7)  (49.8665 , 5)  (46.1048 , 4)  (44.4276 , 9)  (44.3808 , 2)  (42.0634 , 3)  
(92.9688 , 8)  (57.1892 , 5)  (55.9342 , 7)  (55.1067 , 9)  (55.0122 , 4)  (54.5367 , 3)  (52.5946 , 1)  (51.2294 , 6)  (46.3424 , 2)  
(90.7587 , 5)  (59.2913 , 1)  (54.8258 , 3)  (51.6829 , 8)  (50.9353 , 6)  (50.7277 , 4)  (50.4678 , 9)  (50.1418 , 7)  (46.0319 , 2)  
