 -------------------932------------
(83.1669 , 3)  (74.7917 , 5)  (68.3091 , 9)  (56.0739 , 6)  (52.4479 , 8)  (50.1171 , 1)  (49.5768 , 4)  (49.5476 , 7)  (45.2284 , 2)  
(107.14 , 7)  (52.5359 , 6)  (52.464 , 9)  (51.7934 , 2)  (50.5351 , 5)  (49.2707 , 8)  (47.5991 , 1)  (47.3922 , 4)  (44.4382 , 3)  
(102.317 , 2)  (70.7646 , 7)  (58.9992 , 9)  (54.4146 , 6)  (53.042 , 3)  (52.204 , 5)  (50.4941 , 1)  (43.6429 , 4)  (39.2514 , 8)  
(97.0246 , 4)  (66.7009 , 6)  (60.2963 , 5)  (56.2239 , 9)  (53.0799 , 2)  (50.3015 , 7)  (46.7627 , 1)  (44.278 , 3)  (34.3027 , 8)  
(94.7011 , 8)  (69.8616 , 5)  (62.079 , 6)  (61.2244 , 1)  (49.3033 , 2)  (48.7988 , 7)  (48.1879 , 9)  (43.8449 , 3)  (38.097 , 4)  
(98.291 , 9)  (64.5409 , 6)  (59.9313 , 4)  (52.8746 , 5)  (52.1248 , 1)  (51.3464 , 2)  (48.184 , 8)  (42.8375 , 7)  (39.0908 , 3)  
(92.1786 , 5)  (59.2629 , 6)  (59.02 , 9)  (57.7882 , 2)  (51.8944 , 7)  (49.2154 , 8)  (45.4475 , 1)  (38.9415 , 4)  (34.332 , 3)  
(98.4955 , 1)  (54.7474 , 2)  (54.1974 , 8)  (53.8159 , 6)  (52.0329 , 3)  (51.4554 , 4)  (47.6293 , 7)  (46.4071 , 9)  (46.0051 , 5)  
(90.3631 , 6)  (60.0527 , 9)  (57.5829 , 8)  (56.1472 , 5)  (53.8951 , 2)  (52.4463 , 4)  (46.4754 , 3)  (45.7231 , 7)  (45.6177 , 1)  
