 -------------------112------------
(96.72 , 4)  (75.0963 , 7)  (59.9383 , 5)  (58.1182 , 2)  (52.0172 , 6)  (43.9992 , 8)  (43.7919 , 3)  (43.0316 , 1)  (32.9703 , 9)  
(93.9637 , 8)  (64.4997 , 1)  (57.0131 , 3)  (53.601 , 4)  (52.137 , 5)  (51.4564 , 7)  (48.4109 , 2)  (44.5612 , 6)  (43.7327 , 9)  
(103.476 , 2)  (64.126 , 1)  (57.8225 , 3)  (54.7505 , 9)  (50.4016 , 8)  (47.1448 , 4)  (46.1601 , 5)  (44.6659 , 6)  (42.158 , 7)  
(106.25 , 7)  (54.7499 , 6)  (50.693 , 1)  (50.5305 , 5)  (50.3371 , 3)  (49.8911 , 2)  (49.5901 , 4)  (48.6072 , 9)  (46.5546 , 8)  
(99.586 , 3)  (65.1218 , 2)  (62.0334 , 7)  (59.7448 , 9)  (55.0983 , 8)  (53.2003 , 6)  (46.8277 , 1)  (41.1278 , 5)  (36.1229 , 4)  
(104.558 , 1)  (54.2563 , 9)  (52.1755 , 3)  (51.4365 , 7)  (50.991 , 6)  (50.0228 , 8)  (49.9461 , 5)  (45.1196 , 2)  (41.4218 , 4)  
(103.532 , 6)  (53.4766 , 7)  (53.344 , 5)  (52.6031 , 9)  (50.1857 , 2)  (47.521 , 1)  (46.5174 , 4)  (45.3674 , 8)  (44.3637 , 3)  
(95.0939 , 9)  (59.2869 , 6)  (59.2143 , 7)  (55.5818 , 8)  (52.383 , 3)  (51.1811 , 2)  (49.2912 , 1)  (44.8511 , 5)  (35.0424 , 4)  
(99.6994 , 5)  (58.8546 , 2)  (54.9773 , 6)  (50.1112 , 9)  (48.4627 , 7)  (47.4962 , 4)  (46.3936 , 8)  (44.4768 , 1)  (43.3694 , 3)  
