 -------------------904------------
(85.5123 , 3)  (72.4963 , 7)  (59.7213 , 2)  (58.9156 , 4)  (51.9936 , 5)  (51.0556 , 9)  (48.5827 , 8)  (47.5132 , 6)  (42.8074 , 1)  
(88.2101 , 9)  (64.1304 , 6)  (60.2507 , 7)  (53.4198 , 1)  (52.8992 , 4)  (51.9723 , 3)  (49.1856 , 2)  (48.0833 , 8)  (44.8944 , 5)  
(99.6604 , 4)  (74.693 , 6)  (57.7176 , 7)  (54.4457 , 2)  (50.3605 , 9)  (47.7025 , 1)  (46.1402 , 8)  (45.6856 , 5)  (43.6522 , 3)  
(95.5181 , 6)  (59.1434 , 8)  (57.4718 , 5)  (55.5755 , 2)  (50.2172 , 4)  (49.9317 , 7)  (46.2536 , 9)  (44.8822 , 1)  (41.5888 , 3)  
(95.5556 , 5)  (65.1533 , 6)  (62.1934 , 3)  (59.4859 , 8)  (58.675 , 1)  (54.9412 , 4)  (44.3013 , 7)  (41.6364 , 2)  (30.4469 , 9)  
(94.2304 , 8)  (63.1278 , 2)  (57.6808 , 9)  (55.674 , 4)  (52.5241 , 7)  (51.5122 , 1)  (50.0252 , 3)  (48.8155 , 6)  (38.424 , 5)  
(100.738 , 2)  (73.314 , 7)  (63.007 , 6)  (52.1582 , 5)  (50.226 , 1)  (49.0251 , 9)  (48.0877 , 4)  (43.1121 , 3)  (36.7508 , 8)  
(105.629 , 1)  (55.33 , 7)  (52.0135 , 3)  (50.3279 , 6)  (49.8519 , 4)  (47.9337 , 9)  (47.828 , 5)  (46.7349 , 8)  (46.2101 , 2)  
(93.5358 , 7)  (63.5697 , 2)  (60.6016 , 4)  (56.9015 , 6)  (56.736 , 3)  (55.6892 , 9)  (46.9311 , 8)  (46.0114 , 5)  (42.3479 , 1)  
