 -------------------256------------
(93.8915 , 1)  (79.5648 , 7)  (65.2247 , 4)  (56.3617 , 6)  (53.326 , 2)  (48.9701 , 3)  (44.996 , 5)  (35.8542 , 9)  (35.6771 , 8)  
(98.6279 , 4)  (70.0135 , 2)  (55.9022 , 7)  (55.8702 , 1)  (53.5366 , 5)  (49.188 , 6)  (49.1052 , 3)  (47.5067 , 9)  (38.8164 , 8)  
(98.8208 , 9)  (58.8273 , 4)  (56.8826 , 6)  (52.4967 , 7)  (49.1811 , 8)  (48.7398 , 1)  (47.8876 , 3)  (43.5799 , 5)  (42.8872 , 2)  
(90.5932 , 5)  (70.0861 , 9)  (60.3889 , 3)  (53.1472 , 1)  (52.8468 , 6)  (51.7082 , 8)  (46.1285 , 7)  (43.2853 , 4)  (42.0938 , 2)  
(107.724 , 3)  (52.8441 , 6)  (51.1767 , 2)  (49.7506 , 1)  (48.1478 , 5)  (47.5104 , 9)  (46.5688 , 7)  (43.3058 , 4)  (40.3354 , 8)  
(105.257 , 8)  (66.0559 , 6)  (52.5844 , 7)  (52.1388 , 1)  (50.2514 , 9)  (49.324 , 3)  (44.5644 , 4)  (41.8185 , 2)  (40.7679 , 5)  
(89.8551 , 7)  (69.2615 , 8)  (63.6297 , 2)  (59.8312 , 1)  (53.8358 , 3)  (50.5561 , 5)  (50.0443 , 6)  (44.0652 , 9)  (42.2064 , 4)  
(99.8238 , 2)  (69.5686 , 3)  (63.1611 , 8)  (57.7198 , 9)  (51.9364 , 1)  (51.8575 , 6)  (47.3896 , 4)  (41.7415 , 5)  (37.6544 , 7)  
(98.5208 , 6)  (71.8223 , 2)  (58.5467 , 5)  (58.3528 , 8)  (51.1954 , 7)  (50.3396 , 1)  (47.1313 , 4)  (46.6554 , 3)  (41.4045 , 9)  
