 -------------------637------------
(88.8006 , 8)  (67.9247 , 2)  (66.7393 , 6)  (65.8326 , 3)  (56.8561 , 1)  (56.7722 , 5)  (56.5017 , 7)  (42.3323 , 9)  (29.7256 , 4)  
(103.1 , 3)  (60.7541 , 9)  (57.829 , 7)  (52.1803 , 6)  (51.5388 , 8)  (50.8183 , 2)  (50.5505 , 1)  (48.4326 , 4)  (41.2374 , 5)  
(108.362 , 2)  (53.0484 , 9)  (52.9982 , 5)  (52.0884 , 7)  (50.752 , 1)  (48.7876 , 3)  (47.3545 , 8)  (46.522 , 4)  (43.207 , 6)  
(89.3682 , 4)  (77.453 , 9)  (57.6599 , 6)  (53.9537 , 7)  (49.5032 , 5)  (48.2407 , 1)  (44.7606 , 8)  (44.6993 , 3)  (40.9424 , 2)  
(104.334 , 7)  (58.5948 , 5)  (56.544 , 6)  (52.579 , 9)  (47.1208 , 1)  (45.5283 , 4)  (44.7111 , 8)  (44.1778 , 2)  (44.0048 , 3)  
(97.008 , 6)  (55.7785 , 5)  (50.2757 , 7)  (50.2006 , 4)  (49.9375 , 8)  (48.8829 , 1)  (47.82 , 9)  (45.4964 , 2)  (42.0155 , 3)  
(103.679 , 1)  (59.0125 , 3)  (54.0491 , 9)  (52.4703 , 7)  (51.021 , 6)  (49.5079 , 4)  (49.4527 , 5)  (46.2306 , 2)  (44.4004 , 8)  
(105.332 , 5)  (59.6971 , 3)  (57.2981 , 4)  (53.0174 , 6)  (51.8694 , 1)  (50.2727 , 2)  (48.8511 , 7)  (48.0058 , 8)  (36.2099 , 9)  
(96.4103 , 9)  (62.6668 , 6)  (56.5236 , 4)  (56.1371 , 7)  (53.1075 , 5)  (51.5616 , 2)  (49.4198 , 8)  (48.891 , 1)  (43.6426 , 3)  
