 -------------------972------------
(90.1784 , 1)  (66.7367 , 7)  (63.8266 , 4)  (59.6526 , 6)  (52.6332 , 5)  (52.2931 , 2)  (50.1218 , 3)  (44.4157 , 8)  (40.7531 , 9)  
(88.6682 , 2)  (78.3085 , 1)  (57.3543 , 4)  (52.6566 , 3)  (51.4894 , 7)  (50.4444 , 8)  (46.4276 , 6)  (46.3471 , 9)  (42.1897 , 5)  
(95.5033 , 6)  (75.9532 , 8)  (68.4366 , 5)  (58.3581 , 3)  (52.782 , 7)  (51.4318 , 4)  (49.2204 , 1)  (39.6149 , 2)  (31.6836 , 9)  
(100.446 , 3)  (57.8086 , 6)  (57.5072 , 7)  (54.5064 , 9)  (53.4811 , 1)  (50.094 , 8)  (47.8898 , 2)  (42.6638 , 4)  (41.5827 , 5)  
(97.8168 , 8)  (63.3474 , 1)  (55.7756 , 7)  (53.369 , 9)  (51.8969 , 3)  (50.8707 , 5)  (49.5098 , 6)  (46.4298 , 2)  (44.9582 , 4)  
(105.075 , 5)  (58.7822 , 9)  (54.3817 , 3)  (54.0089 , 6)  (51.7335 , 7)  (49.7546 , 2)  (49.0531 , 1)  (46.64 , 4)  (40.7444 , 8)  
(98.1226 , 4)  (61.1242 , 6)  (59.5833 , 7)  (56.339 , 1)  (52.2868 , 9)  (49.5591 , 5)  (47.9323 , 3)  (46.0603 , 2)  (42.5343 , 8)  
(100.695 , 9)  (55.5706 , 6)  (53.6626 , 7)  (51.7917 , 2)  (50.3875 , 1)  (50.1081 , 3)  (47.5928 , 4)  (45.9112 , 5)  (37.0274 , 8)  
(100.022 , 7)  (61.7658 , 1)  (58.2327 , 8)  (53.4315 , 3)  (51.0587 , 2)  (44.6566 , 6)  (44.1214 , 4)  (44.0886 , 5)  (38.3554 , 9)  
