 -------------------277------------
(103.444 , 5)  (67.5385 , 8)  (66.0228 , 2)  (50.0029 , 1)  (48.4097 , 6)  (47.4553 , 3)  (44.8507 , 9)  (41.7036 , 4)  (41.0825 , 7)  
(95.6796 , 8)  (70.8275 , 6)  (55.9698 , 2)  (55.523 , 9)  (51.3289 , 7)  (50.5314 , 3)  (49.1262 , 5)  (46.2225 , 1)  (36.315 , 4)  
(103.036 , 1)  (67.5197 , 7)  (51.2676 , 4)  (49.3754 , 5)  (49.2709 , 2)  (49.2599 , 3)  (47.38 , 6)  (45.82 , 9)  (41.8512 , 8)  
(95.5116 , 6)  (56.1527 , 9)  (55.3384 , 3)  (55.0078 , 5)  (51.2381 , 1)  (47.8794 , 4)  (47.3319 , 7)  (41.7558 , 8)  (36.4711 , 2)  
(94.4222 , 3)  (69.4672 , 7)  (57.9956 , 2)  (56.022 , 6)  (51.2713 , 9)  (50.5967 , 1)  (48.4972 , 8)  (44.6394 , 5)  (39.9879 , 4)  
(103.882 , 2)  (57.9139 , 7)  (57.7841 , 9)  (55.8736 , 6)  (52.1446 , 5)  (48.676 , 3)  (47.0995 , 1)  (43.7856 , 4)  (41.752 , 8)  
(105.513 , 7)  (56.9682 , 9)  (52.0252 , 2)  (50.8882 , 1)  (50.3972 , 6)  (49.2306 , 4)  (48.6338 , 3)  (48.0964 , 8)  (40.7825 , 5)  
(88.145 , 4)  (60.6093 , 6)  (57.0494 , 8)  (55.0655 , 5)  (49.9353 , 2)  (49.8982 , 9)  (49.4035 , 1)  (47.6459 , 7)  (42.9105 , 3)  
(89.5538 , 9)  (65.6033 , 4)  (61.2473 , 7)  (57.6055 , 3)  (50.1969 , 5)  (49.8721 , 6)  (47.47 , 2)  (39.2865 , 1)  (37.1793 , 8)  
