 -------------------441------------
(99.1379 , 5)  (62.1528 , 8)  (57.6079 , 3)  (53.3094 , 7)  (52.5125 , 1)  (50.5014 , 4)  (48.1961 , 9)  (48.1417 , 2)  (45.4594 , 6)  
(91.7269 , 2)  (75.4794 , 7)  (55.7389 , 1)  (54.8015 , 6)  (51.554 , 9)  (48.1795 , 5)  (46.1849 , 4)  (44.2026 , 8)  (43.6041 , 3)  
(105.164 , 7)  (57.3062 , 6)  (54.0907 , 9)  (50.7461 , 5)  (48.4221 , 1)  (46.725 , 3)  (46.4491 , 8)  (45.7591 , 4)  (43.6025 , 2)  
(87.2945 , 3)  (76.4016 , 7)  (60.2994 , 5)  (56.4173 , 1)  (54.002 , 6)  (51.028 , 2)  (48.9089 , 4)  (35.5659 , 9)  (32.6388 , 8)  
(102.576 , 1)  (57.6727 , 6)  (54.5146 , 5)  (51.5945 , 7)  (51.2025 , 3)  (50.9024 , 2)  (49.1648 , 4)  (44.5303 , 8)  (43.2095 , 9)  
(106.993 , 8)  (62.0972 , 6)  (53.8467 , 3)  (51.7744 , 1)  (51.0087 , 7)  (46.6315 , 9)  (45.4365 , 4)  (42.2472 , 2)  (37.9339 , 5)  
(95.4061 , 6)  (58.3264 , 2)  (57.4307 , 8)  (56.6307 , 5)  (52.9478 , 4)  (51.8361 , 9)  (51.7731 , 1)  (45.2271 , 7)  (42.5873 , 3)  
(97.6434 , 9)  (56.4645 , 7)  (55.8746 , 8)  (55.8685 , 6)  (52.7224 , 1)  (50.3899 , 4)  (50.2154 , 2)  (47.1096 , 3)  (45.197 , 5)  
(107.19 , 4)  (61.6506 , 2)  (55.8903 , 1)  (55.151 , 7)  (51.1697 , 8)  (47.5364 , 5)  (42.6088 , 3)  (39.9073 , 6)  (38.2176 , 9)  
