 -------------------584------------
(94.6211 , 4)  (74.1646 , 6)  (66.0685 , 9)  (58.7875 , 3)  (54.0056 , 1)  (51.6751 , 7)  (45.6506 , 5)  (44.6058 , 2)  (42.9984 , 8)  
(101.675 , 5)  (64.1523 , 8)  (58.8598 , 4)  (50.2495 , 7)  (49.5647 , 1)  (45.3112 , 6)  (44.161 , 2)  (42.5791 , 3)  (40.4108 , 9)  
(89.0258 , 9)  (62.365 , 4)  (55.0634 , 5)  (54.8357 , 2)  (54.0894 , 7)  (49.7834 , 6)  (48.382 , 3)  (44.3517 , 1)  (35.7573 , 8)  
(102.884 , 1)  (61.7557 , 7)  (60.3563 , 2)  (50.2148 , 9)  (48.0058 , 5)  (47.8189 , 6)  (45.9512 , 8)  (44.9949 , 4)  (35.8759 , 3)  
(90.3026 , 6)  (68.6574 , 5)  (61.7704 , 1)  (56.4478 , 8)  (56.1888 , 7)  (53.5937 , 2)  (46.8705 , 4)  (46.11 , 9)  (34.8484 , 3)  
(99.7133 , 8)  (57.3344 , 2)  (56.0295 , 1)  (54.6658 , 6)  (51.1208 , 5)  (49.8971 , 7)  (49.843 , 4)  (48.5828 , 3)  (45.8394 , 9)  
(95.7739 , 2)  (81.3237 , 7)  (60.7069 , 3)  (58.9036 , 6)  (48.5029 , 5)  (44.9432 , 8)  (44.4336 , 1)  (43.979 , 4)  (37.8066 , 9)  
(81.2475 , 7)  (69.6661 , 9)  (62.7093 , 2)  (61.3739 , 3)  (58.4144 , 1)  (54.8677 , 6)  (48.2102 , 8)  (45.4172 , 4)  (39.9558 , 5)  
(106.967 , 3)  (55.5607 , 7)  (51.2203 , 1)  (50.5133 , 6)  (49.0507 , 5)  (47.3923 , 4)  (47.0486 , 2)  (46.8082 , 8)  (45.4427 , 9)  
