 -------------------79------------
(98.121 , 4)  (72.9705 , 7)  (61.9688 , 5)  (60.5398 , 2)  (51.8032 , 6)  (44.7854 , 3)  (44.3464 , 1)  (40.2798 , 8)  (33.2536 , 9)  
(89.6113 , 8)  (68.9809 , 1)  (55.4187 , 5)  (54.7916 , 7)  (53.0361 , 2)  (52.4933 , 3)  (49.498 , 4)  (45.3741 , 6)  (43.8934 , 9)  
(104.137 , 2)  (58.9659 , 1)  (54.2755 , 9)  (51.5627 , 3)  (50.5416 , 8)  (50.0968 , 4)  (49.4487 , 5)  (47.306 , 6)  (45.051 , 7)  
(107.396 , 7)  (54.6185 , 6)  (52.9363 , 9)  (49.2215 , 5)  (49.1145 , 3)  (49.0395 , 1)  (48.6883 , 2)  (47.8323 , 4)  (44.1589 , 8)  
(102.291 , 3)  (60.8374 , 2)  (59.0931 , 7)  (55.0499 , 9)  (53.6956 , 6)  (52.0719 , 8)  (46.6295 , 1)  (42.9423 , 5)  (34.1588 , 4)  
(103.98 , 1)  (53.4757 , 9)  (52.3276 , 7)  (52.2803 , 5)  (51.7747 , 6)  (50.2244 , 3)  (46.5039 , 2)  (44.7881 , 8)  (44.7206 , 4)  
(103.915 , 6)  (55.4452 , 7)  (53.028 , 9)  (50.4764 , 8)  (49.8866 , 2)  (49.0314 , 5)  (47.2579 , 1)  (44.2491 , 3)  (41.9427 , 4)  
(95.7866 , 9)  (60.4507 , 6)  (59.7094 , 7)  (52.074 , 3)  (51.7337 , 2)  (49.1739 , 8)  (47.7356 , 5)  (44.2142 , 1)  (36.7789 , 4)  
(99.0567 , 5)  (57.9392 , 2)  (52.5291 , 6)  (50.3463 , 9)  (49.9947 , 7)  (48.1113 , 8)  (46.7124 , 4)  (45.692 , 1)  (44.7669 , 3)  
