 -------------------596------------
(89.7332 , 6)  (63.2605 , 2)  (58.1731 , 9)  (57.0477 , 5)  (53.2833 , 8)  (50.9321 , 4)  (46.861 , 7)  (44.8986 , 1)  (35.7999 , 3)  
(89.041 , 5)  (84.262 , 8)  (77.1313 , 6)  (52.3886 , 3)  (46.4791 , 9)  (44.2538 , 7)  (43.4358 , 2)  (40.3359 , 1)  (35.7302 , 4)  
(77.3092 , 9)  (68.6841 , 7)  (60.8361 , 6)  (59.2469 , 1)  (54.2685 , 8)  (47.9601 , 3)  (47.778 , 4)  (45.6475 , 2)  (45.2162 , 5)  
(99.0696 , 8)  (62.3767 , 6)  (59.4567 , 9)  (52.3423 , 1)  (50.7514 , 7)  (48.9946 , 2)  (47.4382 , 3)  (44.5465 , 4)  (40.7841 , 5)  
(77.2065 , 2)  (70.7605 , 1)  (64.9318 , 8)  (59.9859 , 3)  (55.1025 , 6)  (52.0774 , 9)  (51.8143 , 7)  (44.7197 , 5)  (37.7925 , 4)  
(94.5 , 1)  (66.8385 , 6)  (57.2392 , 2)  (55.7941 , 4)  (55.4545 , 5)  (47.0804 , 8)  (46.3128 , 7)  (41.5962 , 3)  (36.3463 , 9)  
(76.3929 , 7)  (63.0192 , 4)  (61.9832 , 9)  (56.735 , 2)  (52.9585 , 5)  (51.0309 , 1)  (48.3699 , 8)  (46.67 , 6)  (46.3221 , 3)  
(105.164 , 4)  (58.8919 , 7)  (56.3724 , 2)  (53.6831 , 1)  (51.9997 , 6)  (48.4879 , 8)  (48.3905 , 3)  (47.0875 , 5)  (43.2516 , 9)  
(90.5726 , 3)  (62.9496 , 5)  (59.1708 , 7)  (54.992 , 4)  (54.0723 , 8)  (50.4678 , 2)  (47.197 , 9)  (45.907 , 6)  (43.1793 , 1)  
