 -------------------237------------
(94.8252 , 8)  (72.2649 , 3)  (55.3464 , 7)  (50.8978 , 4)  (50.2472 , 1)  (50.0656 , 9)  (49.9163 , 6)  (48.1491 , 2)  (46.8153 , 5)  
(94.9776 , 4)  (65.601 , 6)  (57.7944 , 1)  (53.1837 , 8)  (52.3831 , 7)  (51.803 , 5)  (49.4122 , 2)  (46.9712 , 3)  (35.7303 , 9)  
(104.165 , 6)  (61.8816 , 1)  (55.907 , 4)  (53.2426 , 3)  (51.3024 , 2)  (48.448 , 7)  (47.9288 , 5)  (45.3517 , 8)  (42.3728 , 9)  
(91.1279 , 9)  (68.8824 , 7)  (53.771 , 1)  (53.483 , 2)  (52.8847 , 6)  (49.4671 , 5)  (47.607 , 4)  (47.2401 , 3)  (43.1898 , 8)  
(105.463 , 1)  (55.6469 , 7)  (52.811 , 5)  (52.1559 , 2)  (47.8748 , 6)  (46.6741 , 9)  (46.5267 , 8)  (42.7435 , 4)  (42.3056 , 3)  
(93.8978 , 3)  (60.0098 , 5)  (59.6283 , 2)  (56.7836 , 7)  (54.4986 , 1)  (52.8765 , 9)  (48.9251 , 8)  (46.3886 , 6)  (46.0333 , 4)  
(108.026 , 7)  (56.8198 , 6)  (49.2697 , 5)  (48.7549 , 2)  (47.9439 , 1)  (47.2324 , 4)  (46.6561 , 9)  (43.2155 , 8)  (42.0273 , 3)  
(79.6532 , 5)  (62.4949 , 6)  (59.0418 , 3)  (58.6472 , 9)  (51.9041 , 4)  (51.8964 , 2)  (49.4763 , 7)  (47.0556 , 8)  (46.8424 , 1)  
(77.3742 , 2)  (68.0307 , 8)  (61.7839 , 3)  (58.1459 , 7)  (58.1385 , 6)  (54.2047 , 1)  (53.6277 , 4)  (47.0636 , 5)  (42.6419 , 9)  
