 -------------------278------------
(103.513 , 5)  (67.2598 , 8)  (66.0752 , 2)  (49.696 , 1)  (47.9056 , 6)  (47.7637 , 3)  (45.0037 , 9)  (42.347 , 4)  (41.0055 , 7)  
(93.7456 , 8)  (71.6309 , 6)  (56.9379 , 9)  (54.3285 , 2)  (52.4438 , 3)  (49.7805 , 7)  (49.503 , 5)  (47.4803 , 1)  (35.8582 , 4)  
(102.975 , 1)  (66.6448 , 7)  (51.604 , 4)  (49.6329 , 2)  (49.5966 , 5)  (49.409 , 3)  (47.295 , 6)  (46.2028 , 9)  (42.1849 , 8)  
(95.5681 , 6)  (55.8402 , 9)  (55.484 , 3)  (54.7816 , 5)  (51.2638 , 1)  (48.2553 , 4)  (47.3509 , 7)  (41.7643 , 8)  (36.3925 , 2)  
(94.421 , 3)  (69.4654 , 7)  (57.994 , 2)  (56.0268 , 6)  (51.2722 , 9)  (50.5965 , 1)  (48.4937 , 8)  (44.6438 , 5)  (39.9869 , 4)  
(104.051 , 2)  (57.9709 , 9)  (57.493 , 7)  (56.2714 , 6)  (52.7436 , 5)  (48.8227 , 3)  (46.9821 , 1)  (42.6239 , 4)  (41.6288 , 8)  
(105.507 , 7)  (56.8695 , 9)  (52.2174 , 2)  (50.8732 , 1)  (50.4772 , 6)  (49.214 , 4)  (48.5089 , 3)  (48.4166 , 8)  (40.6462 , 5)  
(88.5619 , 4)  (60.0447 , 6)  (57.2893 , 8)  (56.1666 , 5)  (49.2828 , 1)  (49.1591 , 2)  (48.6751 , 9)  (48.0539 , 7)  (43.2864 , 3)  
(90.1511 , 9)  (64.0978 , 4)  (60.8447 , 7)  (57.9471 , 3)  (49.8349 , 5)  (48.6163 , 6)  (46.8827 , 2)  (39.9979 , 8)  (39.2587 , 1)  
