 -------------------837------------
(71.3678 , 5)  (70.7357 , 3)  (66.8545 , 2)  (60.9868 , 7)  (55.1965 , 6)  (53.7837 , 8)  (50.689 , 9)  (48.2235 , 1)  (44.9934 , 4)  
(100.374 , 8)  (59.3585 , 1)  (58.3691 , 7)  (53.2639 , 6)  (51.6466 , 3)  (50.3663 , 9)  (49.0133 , 2)  (47.201 , 5)  (44.6062 , 4)  
(107.873 , 7)  (57.2051 , 9)  (54.03 , 6)  (49.5006 , 2)  (49.0927 , 1)  (48.5858 , 5)  (45.1453 , 3)  (44.1991 , 4)  (40.4952 , 8)  
(98.1642 , 4)  (68.8472 , 6)  (65.6143 , 2)  (57.7423 , 5)  (49.6513 , 9)  (47.918 , 7)  (45.8573 , 1)  (36.9036 , 3)  (31.7577 , 8)  
(96.2644 , 2)  (60.6194 , 3)  (59.7867 , 7)  (57.0267 , 9)  (49.1498 , 8)  (48.0846 , 1)  (48.0633 , 6)  (46.9795 , 5)  (45.0503 , 4)  
(98.1898 , 3)  (66.265 , 8)  (57.6995 , 5)  (52.8209 , 4)  (51.2485 , 9)  (51.0522 , 7)  (49.4878 , 2)  (49.1929 , 6)  (48.4485 , 1)  
(97.2871 , 6)  (79.0962 , 8)  (58.1476 , 1)  (56.2078 , 5)  (52.4941 , 7)  (52.0864 , 4)  (47.805 , 3)  (39.0887 , 9)  (38.9056 , 2)  
(82.08 , 9)  (70.267 , 4)  (58.2049 , 2)  (57.2854 , 7)  (52.4828 , 6)  (52.1422 , 1)  (51.3618 , 5)  (44.1849 , 8)  (38.8364 , 3)  
(104.337 , 1)  (57.7995 , 7)  (51.5728 , 2)  (49.6463 , 8)  (49.0713 , 4)  (47.3779 , 5)  (46.9185 , 9)  (46.1365 , 3)  (42.8357 , 6)  
