 -------------------478------------
(101.323 , 6)  (56.2667 , 2)  (56.248 , 3)  (55.527 , 7)  (54.6101 , 4)  (51.1593 , 1)  (49.0462 , 8)  (48.099 , 9)  (44.5578 , 5)  
(93.6425 , 9)  (58.7375 , 8)  (54.7023 , 4)  (54.5859 , 1)  (53.732 , 7)  (51.1224 , 3)  (50.2907 , 6)  (47.5477 , 5)  (44.2392 , 2)  
(108.072 , 4)  (55.2641 , 7)  (49.4537 , 3)  (48.6144 , 2)  (48.339 , 6)  (46.5991 , 1)  (46.4159 , 8)  (45.9725 , 5)  (45.1027 , 9)  
(101.908 , 7)  (66.6043 , 6)  (56.4288 , 4)  (54.3662 , 1)  (50.9381 , 3)  (49.7046 , 9)  (46.2736 , 5)  (44.2625 , 8)  (44.0249 , 2)  
(98.9755 , 1)  (58.3462 , 6)  (54.4279 , 2)  (52.6859 , 7)  (52.1785 , 3)  (49.9576 , 8)  (47.076 , 4)  (45.2899 , 5)  (43.804 , 9)  
(107.111 , 5)  (57.17 , 8)  (53.8037 , 4)  (53.72 , 2)  (49.2466 , 7)  (48.8262 , 9)  (45.6987 , 1)  (43.6522 , 6)  (40.6695 , 3)  
(96.9742 , 8)  (61.1998 , 6)  (60.3057 , 7)  (58.2353 , 1)  (52.3692 , 2)  (48.7148 , 9)  (48.5067 , 5)  (46.0531 , 3)  (34.3842 , 4)  
(97.5948 , 3)  (60.4854 , 7)  (57.3978 , 1)  (54.2127 , 6)  (52.0757 , 9)  (51.3467 , 2)  (50.9382 , 5)  (41.4165 , 8)  (38.0344 , 4)  
(100.002 , 2)  (57.2226 , 8)  (54.8234 , 1)  (54.1818 , 3)  (53.9727 , 6)  (51.135 , 9)  (49.556 , 7)  (49.0611 , 5)  (43.7181 , 4)  
