 -------------------483------------
(101.565 , 6)  (56.1727 , 4)  (56.023 , 7)  (54.3537 , 2)  (52.8363 , 3)  (51.6256 , 1)  (48.8371 , 9)  (48.2279 , 8)  (44.6701 , 5)  
(94.964 , 9)  (54.1894 , 1)  (53.3753 , 4)  (52.0539 , 7)  (51.8835 , 3)  (51.3853 , 8)  (51.3514 , 6)  (47.525 , 5)  (45.8493 , 2)  
(107.275 , 4)  (56.2635 , 7)  (51.8158 , 6)  (49.5458 , 2)  (48.6259 , 9)  (46.4236 , 5)  (46.317 , 8)  (45.1125 , 1)  (43.7241 , 3)  
(102.69 , 7)  (64.3679 , 6)  (61.3624 , 4)  (54.2708 , 3)  (53.803 , 1)  (47.2758 , 8)  (44.9652 , 5)  (42.5415 , 9)  (41.4755 , 2)  
(99.4395 , 1)  (58.792 , 6)  (53.7072 , 2)  (51.4981 , 3)  (50.3545 , 7)  (48.0032 , 8)  (47.6196 , 5)  (47.1344 , 9)  (38.2747 , 4)  
(107.938 , 5)  (56.8742 , 8)  (55.7471 , 2)  (52.2935 , 9)  (51.9179 , 4)  (49.9126 , 7)  (43.6758 , 1)  (41.2267 , 6)  (35.4113 , 3)  
(93.6391 , 8)  (64.2283 , 6)  (60.8017 , 1)  (60.1115 , 7)  (52.7995 , 5)  (52.6939 , 2)  (51.6529 , 9)  (41.3106 , 3)  (32.2198 , 4)  
(92.1926 , 3)  (61.4494 , 7)  (57.0479 , 6)  (56.782 , 5)  (55.7632 , 1)  (53.7107 , 2)  (51.8656 , 9)  (42.1294 , 4)  (39.1693 , 8)  
(100.878 , 2)  (58.071 , 8)  (55.8287 , 1)  (54.4242 , 6)  (53.0907 , 3)  (52.3848 , 9)  (48.8678 , 5)  (48.8327 , 7)  (40.9743 , 4)  
