 -------------------582------------
(91.9822 , 4)  (76.517 , 6)  (68.1047 , 9)  (56.9799 , 3)  (56.9389 , 1)  (48.0513 , 7)  (44.1314 , 2)  (41.5657 , 8)  (39.122 , 5)  
(102.404 , 5)  (62.007 , 4)  (59.5513 , 8)  (49.0639 , 7)  (47.1199 , 6)  (46.3846 , 1)  (43.849 , 2)  (43.7454 , 3)  (42.7774 , 9)  
(90.4163 , 9)  (69.4014 , 4)  (58.8951 , 2)  (58.5956 , 5)  (55.3255 , 7)  (47.1211 , 6)  (43.5609 , 3)  (39.6095 , 1)  (31.5606 , 8)  
(103.477 , 1)  (60.6671 , 7)  (52.4074 , 6)  (50.1772 , 2)  (49.6653 , 4)  (48.0248 , 5)  (46.7121 , 8)  (44.4252 , 3)  (43.5227 , 9)  
(94.5878 , 6)  (66.7329 , 5)  (61.9137 , 1)  (56.8726 , 8)  (54.1009 , 2)  (50.273 , 7)  (49.525 , 9)  (41.4767 , 4)  (37.3753 , 3)  
(100.917 , 8)  (56.966 , 2)  (53.4992 , 9)  (52.639 , 1)  (52.1338 , 7)  (49.093 , 3)  (48.6824 , 6)  (45.8454 , 5)  (44.8933 , 4)  
(93.3831 , 2)  (80.5653 , 7)  (56.2556 , 6)  (53.5323 , 3)  (47.0995 , 1)  (47.0813 , 5)  (45.7711 , 9)  (45.0643 , 4)  (41.332 , 8)  
(77.5547 , 7)  (72.6641 , 3)  (68.8471 , 9)  (60.8994 , 2)  (59.6501 , 1)  (54.8729 , 6)  (47.5743 , 8)  (47.1065 , 4)  (36.4419 , 5)  
(106.336 , 3)  (57.9486 , 7)  (52.7424 , 4)  (50.9006 , 5)  (50.4171 , 6)  (49.9271 , 1)  (48.5266 , 2)  (45.2739 , 8)  (41.9034 , 9)  
