 -------------------311------------
(96.321 , 9)  (59.4817 , 2)  (59.4765 , 4)  (52.0494 , 6)  (51.4964 , 8)  (48.0152 , 5)  (45.5446 , 1)  (44.6171 , 7)  (42.258 , 3)  
(98.6953 , 8)  (60.8966 , 7)  (57.8038 , 9)  (55.2506 , 2)  (54.5577 , 1)  (52.3015 , 6)  (49.6572 , 4)  (44.9257 , 3)  (43.7745 , 5)  
(104.723 , 7)  (57.7864 , 9)  (50.5096 , 6)  (50.0219 , 1)  (49.977 , 2)  (48.9419 , 3)  (48.7647 , 4)  (48.0059 , 8)  (38.6306 , 5)  
(95.4086 , 1)  (67.3148 , 7)  (62.2368 , 6)  (49.8466 , 5)  (48.835 , 8)  (48.7433 , 2)  (47.2637 , 9)  (46.8617 , 4)  (43.8219 , 3)  
(103.793 , 2)  (60.8227 , 9)  (53.5367 , 7)  (53.3114 , 1)  (50.8897 , 5)  (48.92 , 8)  (48.7269 , 3)  (47.1789 , 6)  (41.7517 , 4)  
(78.9041 , 6)  (77.6772 , 1)  (61.8441 , 8)  (55.6486 , 2)  (51.3097 , 3)  (50.7178 , 9)  (49.955 , 7)  (49.0315 , 5)  (46.2588 , 4)  
(102.704 , 3)  (52.5536 , 4)  (51.1908 , 7)  (50.726 , 6)  (50.5254 , 1)  (49.065 , 2)  (45.8374 , 8)  (45.6421 , 5)  (44.5898 , 9)  
(92.1166 , 4)  (71.983 , 6)  (59.0439 , 8)  (58.8643 , 7)  (56.1876 , 1)  (48.1866 , 9)  (46.2505 , 3)  (44.8195 , 5)  (43.6078 , 2)  
(89.4983 , 5)  (69.3929 , 3)  (60.9576 , 9)  (59.9232 , 8)  (49.4141 , 6)  (49.0909 , 2)  (45.2515 , 1)  (41.2601 , 7)  (40.2322 , 4)  
