 -------------------810------------
(100.388 , 8)  (59.3491 , 1)  (58.3708 , 6)  (57.0434 , 7)  (51.8832 , 9)  (47.8736 , 3)  (47.1414 , 2)  (41.0797 , 4)  (38.6701 , 5)  
(102.172 , 1)  (63.4181 , 7)  (55.0723 , 2)  (53.0946 , 6)  (52.4031 , 5)  (49.3535 , 9)  (46.3584 , 3)  (43.1968 , 4)  (42.6242 , 8)  
(94.379 , 9)  (71.2066 , 7)  (65.5014 , 6)  (53.3667 , 1)  (53.0598 , 3)  (47.1886 , 8)  (45.6385 , 2)  (41.7619 , 5)  (39.8256 , 4)  
(99.8057 , 4)  (61.4343 , 7)  (53.3916 , 3)  (53.2139 , 1)  (53.0536 , 9)  (52.9304 , 2)  (52.2174 , 6)  (48.7207 , 5)  (35.9292 , 8)  
(90.2302 , 3)  (68.8769 , 9)  (63.4325 , 7)  (62.0387 , 1)  (56.826 , 6)  (52.712 , 2)  (45.0506 , 5)  (43.2411 , 4)  (36.3076 , 8)  
(79.9375 , 7)  (78.8752 , 1)  (62.3751 , 9)  (57.8524 , 5)  (54.8314 , 2)  (53.2995 , 4)  (51.5336 , 6)  (43.6791 , 3)  (40.2565 , 8)  
(80.4158 , 2)  (72.4963 , 8)  (61.7025 , 3)  (61.696 , 1)  (50.6219 , 6)  (46.9194 , 9)  (46.4552 , 7)  (46.0271 , 5)  (41.032 , 4)  
(96.8581 , 5)  (76.9379 , 3)  (59.8192 , 7)  (55.5918 , 6)  (54.5145 , 2)  (52.2445 , 4)  (44.9649 , 9)  (42.1329 , 1)  (34.3768 , 8)  
(98.629 , 6)  (72.3491 , 5)  (59.8863 , 8)  (54.0574 , 4)  (50.9889 , 3)  (50.5411 , 7)  (48.3169 , 1)  (45.9222 , 2)  (38.1998 , 9)  
