 -------------------357------------
(94.0247 , 9)  (62.2906 , 7)  (57.6684 , 4)  (54.016 , 8)  (52.8207 , 5)  (50.7665 , 2)  (48.4048 , 6)  (48.0658 , 1)  (44.7525 , 3)  
(103.842 , 8)  (57.4569 , 5)  (54.1436 , 4)  (52.9205 , 1)  (50.0588 , 9)  (48.6431 , 3)  (46.4329 , 2)  (45.883 , 7)  (44.2318 , 6)  
(95.3101 , 3)  (62.2666 , 8)  (58.0915 , 6)  (55.6141 , 2)  (52.7851 , 4)  (51.2461 , 9)  (49.1557 , 5)  (48.0221 , 1)  (46.9194 , 7)  
(89.2633 , 4)  (62.5234 , 9)  (60.0183 , 1)  (58.1968 , 6)  (52.9023 , 2)  (51.9992 , 7)  (50.4958 , 3)  (47.8184 , 5)  (41.4266 , 8)  
(107.464 , 6)  (59.2109 , 4)  (53.8288 , 5)  (53.1921 , 7)  (51.1747 , 3)  (51.063 , 9)  (51.0325 , 1)  (44.8869 , 8)  (44.4792 , 2)  
(102.392 , 1)  (58.0564 , 9)  (54.6703 , 7)  (52.2882 , 6)  (51.2012 , 8)  (49.0351 , 5)  (47.4686 , 3)  (47.439 , 2)  (45.094 , 4)  
(102.638 , 7)  (60.7259 , 2)  (59.0236 , 6)  (55.7039 , 1)  (52.5067 , 9)  (50.4279 , 3)  (41.6607 , 5)  (39.6662 , 8)  (39.1651 , 4)  
(104.464 , 5)  (59.3021 , 7)  (57.6268 , 2)  (50.8457 , 1)  (48.0288 , 6)  (47.6035 , 9)  (46.3175 , 3)  (43.8182 , 8)  (39.6769 , 4)  
(106.482 , 2)  (56.4063 , 8)  (55.7568 , 3)  (52.445 , 1)  (48.8219 , 4)  (48.6743 , 9)  (47.9979 , 6)  (46.2585 , 7)  (43.4735 , 5)  
