 -------------------594------------
(91.3669 , 6)  (64.2563 , 2)  (57.4681 , 9)  (55.958 , 5)  (53.0949 , 8)  (50.7817 , 4)  (47.1933 , 7)  (45.1796 , 1)  (34.9347 , 3)  
(88.9706 , 5)  (84.2391 , 8)  (77.5488 , 6)  (52.8378 , 3)  (45.8477 , 9)  (44.3695 , 7)  (42.8977 , 2)  (40.3931 , 1)  (36.4677 , 4)  
(77.2886 , 9)  (68.6979 , 7)  (60.8036 , 6)  (59.2453 , 1)  (54.298 , 8)  (47.9626 , 3)  (47.8195 , 4)  (45.6561 , 2)  (45.2375 , 5)  
(99.0686 , 8)  (62.4631 , 6)  (59.5844 , 9)  (52.1821 , 1)  (50.7294 , 7)  (48.8909 , 2)  (47.2174 , 3)  (44.4427 , 4)  (41.2978 , 5)  
(77.3104 , 2)  (70.1827 , 1)  (64.677 , 8)  (60.405 , 3)  (54.362 , 6)  (52.6601 , 9)  (50.6582 , 7)  (45.3543 , 5)  (37.6805 , 4)  
(94.6449 , 1)  (67.3866 , 6)  (57.9671 , 2)  (55.8856 , 4)  (55.6986 , 5)  (46.5608 , 8)  (45.8358 , 7)  (41.3603 , 3)  (35.6214 , 9)  
(76.2185 , 7)  (63.7536 , 4)  (61.4048 , 9)  (56.6063 , 2)  (53.2616 , 5)  (51.2224 , 1)  (48.4507 , 8)  (46.9181 , 6)  (46.7329 , 3)  
(105.128 , 4)  (59.1104 , 7)  (56.5018 , 2)  (53.3283 , 1)  (51.5947 , 6)  (49.55 , 3)  (49.3402 , 8)  (45.7673 , 5)  (42.6899 , 9)  
(90.8108 , 3)  (59.6394 , 5)  (55.762 , 7)  (54.43 , 8)  (51.7188 , 2)  (50.4806 , 4)  (50.336 , 9)  (48.4093 , 6)  (45.0809 , 1)  
