 -------------------678------------
(97.6509 , 1)  (61.8154 , 7)  (56.5588 , 6)  (51.1002 , 8)  (49.1786 , 2)  (48.2512 , 5)  (47.0684 , 3)  (45.9071 , 4)  (45.2872 , 9)  
(92.6498 , 8)  (57.7357 , 3)  (56.3735 , 7)  (53.1552 , 5)  (52.2546 , 4)  (51.7865 , 6)  (51.0435 , 2)  (48.2303 , 9)  (46.0686 , 1)  
(82.3799 , 5)  (65.6578 , 8)  (59.4291 , 4)  (58.6238 , 3)  (57.9192 , 6)  (56.8818 , 1)  (54.2018 , 7)  (39.695 , 9)  (33.3514 , 2)  
(101.153 , 2)  (59.6109 , 3)  (56.7998 , 9)  (55.8336 , 1)  (52.7264 , 5)  (49.6886 , 8)  (48.0256 , 4)  (43.0599 , 6)  (39.5322 , 7)  
(100.445 , 3)  (60.3246 , 1)  (54.3006 , 9)  (52.9367 , 6)  (52.0249 , 7)  (50.4429 , 2)  (44.4691 , 4)  (42.6736 , 5)  (41.4325 , 8)  
(97.3347 , 9)  (58.69 , 3)  (55.929 , 6)  (53.809 , 4)  (50.8643 , 7)  (48.7604 , 8)  (47.9258 , 1)  (45.5864 , 5)  (44.6606 , 2)  
(94.6009 , 7)  (63.0244 , 9)  (56.4734 , 6)  (54.9374 , 1)  (53.4604 , 3)  (51.4323 , 2)  (48.938 , 5)  (42.4385 , 4)  (37.178 , 8)  
(103.537 , 4)  (58.1205 , 1)  (56.4732 , 6)  (54.4491 , 9)  (49.2942 , 8)  (47.119 , 3)  (46.8703 , 7)  (43.8261 , 5)  (42.2059 , 2)  
(103.295 , 6)  (56.1283 , 4)  (55.8288 , 2)  (55.5803 , 3)  (52.6287 , 1)  (50.0191 , 9)  (48.461 , 7)  (45.3812 , 5)  (44.894 , 8)  
