 -------------------500------------
(98.8736 , 9)  (58.0134 , 6)  (57.1992 , 7)  (51.5156 , 2)  (49.6794 , 4)  (49.5084 , 8)  (48.5642 , 5)  (47.9255 , 1)  (43.222 , 3)  
(98.137 , 6)  (72.3706 , 8)  (59.7271 , 5)  (58.4866 , 4)  (55.4983 , 7)  (54.0917 , 2)  (51.7467 , 1)  (48.824 , 3)  (25.602 , 9)  
(96.2409 , 8)  (59.1895 , 9)  (58.9919 , 2)  (56.8937 , 4)  (56.0495 , 1)  (54.0264 , 6)  (52.7271 , 7)  (48.7906 , 3)  (34.3368 , 5)  
(107.878 , 7)  (59.5355 , 1)  (52.6105 , 6)  (52.5888 , 3)  (52.2686 , 9)  (46.0257 , 2)  (43.2241 , 8)  (41.5277 , 4)  (38.8389 , 5)  
(101.312 , 1)  (59.5621 , 7)  (55.073 , 2)  (54.9958 , 5)  (50.6993 , 8)  (49.4005 , 3)  (48.0923 , 6)  (46.273 , 9)  (44.8083 , 4)  
(91.6181 , 3)  (65.2346 , 9)  (58.2889 , 2)  (57.3064 , 8)  (54.1377 , 7)  (51.5395 , 4)  (46.6907 , 1)  (46.0619 , 6)  (44.7392 , 5)  
(84.8423 , 5)  (68.3229 , 9)  (66.3738 , 6)  (56.0918 , 3)  (52.4659 , 8)  (48.6317 , 4)  (47.342 , 2)  (46.4045 , 1)  (43.2404 , 7)  
(104.307 , 4)  (63.1673 , 6)  (57.0773 , 7)  (54.9703 , 2)  (51.7715 , 5)  (50.4052 , 8)  (48.3106 , 3)  (44.3533 , 1)  (35.0347 , 9)  
(96.2522 , 2)  (63.4179 , 1)  (62.565 , 9)  (55.3638 , 3)  (48.2221 , 8)  (46.4898 , 5)  (44.1663 , 7)  (43.3517 , 6)  (42.2612 , 4)  
