 -------------------716------------
(80.6448 , 6)  (76.5519 , 5)  (69.6626 , 3)  (64.1486 , 8)  (63.2272 , 1)  (53.0571 , 7)  (40.9153 , 2)  (40.5289 , 4)  (37.2037 , 9)  
(98.7651 , 4)  (59.215 , 7)  (56.2976 , 2)  (55.4079 , 3)  (53.1237 , 5)  (52.9878 , 1)  (51.4311 , 6)  (50.8768 , 9)  (37.7796 , 8)  
(90.1667 , 3)  (62.4974 , 2)  (57.9988 , 7)  (55.6975 , 1)  (55.0725 , 4)  (52.0665 , 6)  (52.0057 , 9)  (47.6316 , 5)  (47.6067 , 8)  
(99.0619 , 1)  (63.2768 , 7)  (60.3607 , 5)  (59.1713 , 6)  (52.5028 , 9)  (49.0927 , 2)  (42.7989 , 8)  (42.2248 , 4)  (40.9932 , 3)  
(96.8428 , 8)  (66.1696 , 1)  (65.9678 , 2)  (54.1179 , 9)  (54.0515 , 7)  (52.2279 , 6)  (43.3406 , 4)  (42.7696 , 3)  (35.5418 , 5)  
(95.5031 , 7)  (58.2112 , 6)  (56.0901 , 9)  (52.0812 , 8)  (51.9132 , 3)  (47.2808 , 5)  (46.8149 , 4)  (43.9914 , 2)  (43.0622 , 1)  
(72.835 , 5)  (69.105 , 8)  (62.3483 , 9)  (59.3689 , 2)  (55.7576 , 6)  (55.6305 , 3)  (54.4262 , 1)  (47.209 , 7)  (33.183 , 4)  
(97.4563 , 6)  (59.8499 , 4)  (56.8299 , 3)  (54.5535 , 5)  (48.4267 , 1)  (47.5188 , 8)  (45.2087 , 7)  (41.371 , 9)  (41.2478 , 2)  
(107.942 , 2)  (56.766 , 9)  (54.065 , 5)  (53.8211 , 4)  (51.8803 , 7)  (47.3828 , 1)  (47.0485 , 3)  (46.544 , 6)  (45.9212 , 8)  
