 -------------------326------------
(97.2504 , 2)  (60.153 , 1)  (56.7257 , 3)  (52.9599 , 5)  (50.8977 , 9)  (47.5638 , 4)  (46.825 , 7)  (46.7226 , 6)  (44.5613 , 8)  
(107.471 , 7)  (52.3647 , 9)  (51.6945 , 6)  (51.2357 , 8)  (48.0924 , 1)  (47.4037 , 2)  (45.7746 , 5)  (45.5353 , 4)  (44.7069 , 3)  
(97.0321 , 1)  (77.3035 , 7)  (59.5789 , 4)  (48.1774 , 6)  (47.8678 , 9)  (47.6048 , 2)  (47.4369 , 5)  (46.6709 , 3)  (40.6328 , 8)  
(93.2259 , 4)  (73.2428 , 6)  (56.8835 , 7)  (56.0815 , 8)  (51.7991 , 3)  (49.5401 , 1)  (47.315 , 9)  (44.8217 , 2)  (42.3171 , 5)  
(100.441 , 5)  (58.2035 , 6)  (55.7476 , 9)  (52.6326 , 7)  (52.2599 , 1)  (50.7503 , 4)  (50.6244 , 8)  (48.8377 , 3)  (48.2271 , 2)  
(106.425 , 6)  (58.6866 , 3)  (52.0652 , 8)  (50.2654 , 5)  (49.9235 , 4)  (47.012 , 9)  (46.2312 , 7)  (45.7792 , 1)  (44.3909 , 2)  
(101.17 , 8)  (55.5312 , 6)  (53.9299 , 9)  (52.8332 , 1)  (52.5868 , 7)  (51.8351 , 4)  (50.3578 , 2)  (49.4618 , 3)  (43.8927 , 5)  
(97.9769 , 9)  (55.8762 , 7)  (52.6492 , 4)  (51.6749 , 6)  (51.1897 , 1)  (49.4301 , 2)  (48.8077 , 8)  (47.4002 , 3)  (46.8516 , 5)  
(81.2104 , 3)  (63.7092 , 8)  (59.4071 , 2)  (59.242 , 5)  (57.7334 , 7)  (53.4565 , 4)  (49.1249 , 6)  (48.8695 , 1)  (47.6802 , 9)  
