 -------------------804------------
(97.7678 , 1)  (79.4628 , 7)  (58.0076 , 6)  (56.8657 , 9)  (47.0217 , 2)  (46.9254 , 5)  (45.6695 , 3)  (43.0496 , 4)  (42.7079 , 8)  
(108.103 , 7)  (52.8366 , 6)  (50.3101 , 8)  (49.8475 , 2)  (49.0973 , 1)  (47.9831 , 3)  (46.3074 , 5)  (45.9524 , 4)  (45.2131 , 9)  
(92.1009 , 4)  (72.6016 , 6)  (63.365 , 7)  (55.7647 , 1)  (48.8099 , 2)  (48.5484 , 3)  (46.5826 , 9)  (45.9565 , 5)  (42.1649 , 8)  
(99.6133 , 8)  (59.7793 , 9)  (56.169 , 4)  (53.1334 , 5)  (50.6478 , 1)  (50.1809 , 2)  (49.294 , 6)  (48.7159 , 3)  (42.8744 , 7)  
(103.023 , 6)  (64.9192 , 4)  (56.1203 , 2)  (54.8587 , 3)  (53.0937 , 5)  (52.8085 , 8)  (50.5117 , 7)  (47.4045 , 1)  (36.8943 , 9)  
(98.4518 , 2)  (66.8839 , 7)  (64.9365 , 6)  (59.9682 , 8)  (57.163 , 3)  (52.3067 , 1)  (48.9916 , 5)  (43.7701 , 9)  (37.2247 , 4)  
(100.761 , 3)  (58.3856 , 1)  (52.6046 , 5)  (51.7788 , 9)  (50.7735 , 8)  (48.4305 , 6)  (48.2395 , 7)  (47.4139 , 4)  (45.7864 , 2)  
(99.0711 , 9)  (65.0064 , 4)  (56.8776 , 6)  (54.1832 , 2)  (52.1907 , 5)  (49.389 , 1)  (48.7407 , 8)  (47.1313 , 7)  (41.8357 , 3)  
(85.4184 , 5)  (70.902 , 9)  (70.1568 , 6)  (57.6868 , 3)  (52.7041 , 7)  (49.3905 , 4)  (46.2406 , 8)  (45.3832 , 1)  (42.0604 , 2)  
