 -------------------370------------
(81.1383 , 7)  (75.192 , 9)  (66.8131 , 6)  (56.3296 , 3)  (55.8541 , 1)  (52.2301 , 5)  (45.5839 , 8)  (44.3594 , 2)  (43.5677 , 4)  
(97.0421 , 8)  (63.2815 , 1)  (60.9228 , 7)  (56.7064 , 6)  (56.5727 , 9)  (50.3627 , 5)  (50.2185 , 2)  (43.3869 , 3)  (42.429 , 4)  
(102.86 , 1)  (56.8627 , 6)  (56.0264 , 7)  (51.814 , 3)  (50.2546 , 2)  (50.0774 , 9)  (49.3363 , 8)  (48.821 , 5)  (44.7696 , 4)  
(102.97 , 3)  (61.3028 , 7)  (53.8937 , 4)  (51.153 , 6)  (50.3642 , 8)  (47.824 , 2)  (46.3139 , 1)  (41.3115 , 5)  (39.3836 , 9)  
(97.9528 , 2)  (59.6988 , 1)  (54.1591 , 9)  (53.5224 , 3)  (53.4023 , 5)  (52.5596 , 7)  (51.0766 , 4)  (49.9076 , 6)  (42.8496 , 8)  
(81.8085 , 9)  (60.7635 , 7)  (59.3504 , 8)  (59.0152 , 4)  (54.5783 , 6)  (52.1743 , 1)  (47.6007 , 3)  (42.2831 , 5)  (40.8315 , 2)  
(100.369 , 4)  (59.1226 , 3)  (53.6823 , 1)  (53.4453 , 9)  (53.1063 , 2)  (50.3963 , 6)  (50.2356 , 7)  (48.4132 , 5)  (43.8472 , 8)  
(102.799 , 5)  (70.4044 , 2)  (58.5362 , 8)  (53.2901 , 1)  (48.4638 , 6)  (45.2381 , 3)  (45.1868 , 7)  (44.4334 , 9)  (34.4409 , 4)  
(104.94 , 6)  (53.264 , 5)  (51.946 , 4)  (50.4354 , 1)  (50.043 , 2)  (49.7828 , 3)  (48.2682 , 8)  (47.4408 , 7)  (43.9778 , 9)  
