 -------------------1080------------
(102.556 , 3)  (60.0996 , 7)  (58.209 , 1)  (56.6275 , 2)  (55.6407 , 6)  (50.9329 , 9)  (46.1202 , 8)  (45.0615 , 5)  (41.3759 , 4)  
(102.832 , 7)  (55.9806 , 9)  (54.9084 , 3)  (51.7603 , 6)  (51.5109 , 1)  (49.7315 , 2)  (47.091 , 5)  (45.6334 , 4)  (40.8025 , 8)  
(97.8245 , 2)  (59.1065 , 3)  (57.2521 , 9)  (55.9907 , 1)  (53.6963 , 8)  (53.4889 , 6)  (46.9644 , 7)  (44.7769 , 5)  (38.9881 , 4)  
(86.0266 , 9)  (66.1436 , 7)  (65.3097 , 5)  (61.1718 , 6)  (52.6021 , 3)  (52.197 , 2)  (50.5132 , 1)  (49.2713 , 4)  (39.6871 , 8)  
(96.8811 , 4)  (66.4655 , 7)  (65.853 , 6)  (52.6155 , 1)  (48.5185 , 9)  (47.9523 , 3)  (45.8358 , 2)  (45.5381 , 5)  (44.3941 , 8)  
(104.768 , 1)  (62.1015 , 7)  (51.901 , 4)  (49.9904 , 6)  (49.3362 , 3)  (47.8025 , 9)  (46.6939 , 2)  (46.306 , 5)  (45.8888 , 8)  
(104.781 , 6)  (66.7522 , 8)  (52.3702 , 7)  (51.4011 , 1)  (51.154 , 5)  (51.0404 , 4)  (47.7462 , 3)  (38.2304 , 9)  (36.3704 , 2)  
(94.0498 , 8)  (56.7588 , 5)  (54.9904 , 9)  (54.9375 , 4)  (54.6442 , 3)  (54.0434 , 7)  (53.1011 , 1)  (52.0231 , 6)  (45.2504 , 2)  
(91.3939 , 5)  (58.2764 , 1)  (55.372 , 3)  (52.1328 , 6)  (50.3355 , 4)  (49.9542 , 8)  (49.6971 , 9)  (49.6592 , 7)  (47.1367 , 2)  
