 -------------------201------------
(98.1157 , 5)  (69.7083 , 3)  (63.3646 , 4)  (59.2498 , 6)  (57.497 , 1)  (55.8211 , 8)  (40.735 , 2)  (39.5271 , 9)  (37.9587 , 7)  
(90.0646 , 6)  (63.2776 , 8)  (58.427 , 4)  (55.8231 , 1)  (52.0112 , 3)  (50.6259 , 2)  (49.3417 , 9)  (47.2247 , 5)  (44.059 , 7)  
(100.097 , 8)  (61.8928 , 7)  (55.9952 , 1)  (51.9556 , 6)  (51.4588 , 5)  (51.2627 , 2)  (49.4667 , 4)  (45.5456 , 3)  (44.5815 , 9)  
(103.76 , 3)  (63.5459 , 2)  (52.4539 , 9)  (49.6655 , 6)  (47.8218 , 8)  (46.8105 , 1)  (45.5551 , 4)  (43.4281 , 5)  (40.9666 , 7)  
(101.37 , 4)  (71.1963 , 6)  (59.375 , 2)  (55.5995 , 7)  (48.876 , 3)  (46.7236 , 5)  (46.2458 , 1)  (46.0407 , 8)  (41.4574 , 9)  
(102.55 , 1)  (57.1198 , 7)  (54.6032 , 4)  (53.2382 , 3)  (49.5461 , 5)  (49.5193 , 6)  (48.4304 , 8)  (47.8666 , 2)  (47.3875 , 9)  
(101.413 , 9)  (56.9324 , 7)  (56.2347 , 8)  (52.656 , 2)  (52.6115 , 6)  (50.7844 , 1)  (50.2552 , 3)  (46.6518 , 4)  (40.1875 , 5)  
(85.9496 , 7)  (79.4352 , 1)  (66.7388 , 3)  (56.3543 , 2)  (51.3471 , 4)  (49.4733 , 8)  (48.9938 , 9)  (46.9451 , 6)  (42.0736 , 5)  
(91.4879 , 2)  (64.5898 , 5)  (62.9229 , 1)  (59.8928 , 6)  (58.395 , 9)  (53.3963 , 8)  (51.4943 , 3)  (48.6127 , 7)  (34.9314 , 4)  
