 -------------------105------------
(96.6171 , 4)  (76.4965 , 7)  (66.2039 , 5)  (59.2803 , 2)  (46.494 , 3)  (44.3905 , 6)  (40.899 , 9)  (36.9979 , 1)  (36.828 , 8)  
(94.0865 , 8)  (63.9866 , 1)  (55.9706 , 5)  (52.7814 , 4)  (52.3933 , 2)  (50.8306 , 3)  (48.0859 , 7)  (45.11 , 9)  (42.9115 , 6)  
(104.623 , 2)  (59.1549 , 1)  (54.1863 , 9)  (52.1198 , 8)  (52.074 , 3)  (48.4163 , 4)  (47.548 , 5)  (47.0422 , 6)  (44.2019 , 7)  
(106.913 , 7)  (55.9949 , 6)  (50.8853 , 5)  (50.5685 , 9)  (49.5579 , 2)  (49.2868 , 3)  (49.2094 , 1)  (47.0986 , 4)  (44.3558 , 8)  
(98.5724 , 3)  (60.1227 , 2)  (59.9751 , 9)  (58.145 , 6)  (56.3976 , 8)  (52.1733 , 7)  (49.143 , 1)  (44.0032 , 5)  (37.5289 , 4)  
(105.023 , 1)  (54.1779 , 7)  (52.9877 , 6)  (51.4516 , 9)  (49.6697 , 8)  (48.9704 , 5)  (48.8601 , 3)  (44.6982 , 2)  (39.8713 , 4)  
(102.58 , 6)  (54.7054 , 7)  (51.4394 , 8)  (51.1336 , 1)  (50.1322 , 3)  (49.3552 , 9)  (48.6254 , 2)  (46.318 , 5)  (45.0963 , 4)  
(93.2375 , 9)  (60.2569 , 7)  (60.1995 , 6)  (54.8151 , 3)  (51.9328 , 2)  (50.7909 , 8)  (47.8684 , 5)  (45.047 , 1)  (39.001 , 4)  
(99.4704 , 5)  (58.942 , 2)  (56.9887 , 6)  (52.8915 , 9)  (50.6376 , 8)  (47.8264 , 7)  (45.6402 , 4)  (45.171 , 1)  (39.4209 , 3)  
