 -------------------635------------
(86.5953 , 8)  (70.2434 , 3)  (69.3471 , 2)  (63.4462 , 6)  (58.1453 , 5)  (57.9745 , 1)  (57.5585 , 7)  (41.8673 , 9)  (33.837 , 4)  
(103.294 , 3)  (60.5726 , 9)  (57.5949 , 7)  (51.8698 , 6)  (50.9156 , 2)  (50.8028 , 8)  (50.3242 , 1)  (48.4991 , 4)  (41.9628 , 5)  
(108.373 , 2)  (52.5726 , 5)  (52.0255 , 9)  (51.6307 , 7)  (50.4665 , 1)  (49.143 , 3)  (48.5188 , 8)  (47.1174 , 4)  (43.974 , 6)  
(86.6859 , 4)  (74.3563 , 9)  (55.3692 , 7)  (55.3556 , 6)  (49.1389 , 5)  (48.9626 , 1)  (48.2273 , 8)  (45.5889 , 3)  (42.8721 , 2)  
(104.087 , 7)  (57.447 , 5)  (56.1284 , 6)  (52.5242 , 9)  (47.8676 , 1)  (45.4321 , 4)  (45.3454 , 3)  (45.1433 , 8)  (43.9508 , 2)  
(96.98 , 6)  (56.2645 , 5)  (50.2552 , 4)  (49.6385 , 7)  (49.2853 , 8)  (48.841 , 1)  (47.3814 , 9)  (45.242 , 2)  (42.5177 , 3)  
(103.638 , 1)  (59.0354 , 3)  (54.0185 , 9)  (52.56 , 7)  (51.0804 , 6)  (49.5385 , 4)  (49.4094 , 5)  (46.1669 , 2)  (44.4415 , 8)  
(105.275 , 5)  (59.7744 , 3)  (57.4456 , 4)  (53.0426 , 6)  (52.4596 , 1)  (51.3153 , 2)  (48.2018 , 8)  (48.0202 , 7)  (36.499 , 9)  
(96.0232 , 9)  (61.9948 , 6)  (57.3707 , 4)  (56.5798 , 7)  (52.0929 , 5)  (51.2667 , 2)  (49.5171 , 8)  (49.4546 , 1)  (44.3691 , 3)  
