 -------------------1------------
(100.121 , 4)  (63.4837 , 6)  (61.2918 , 9)  (57.633 , 1)  (56.5406 , 2)  (46.1365 , 3)  (45.0046 , 5)  (44.4916 , 7)  (39.972 , 8)  
(102.336 , 6)  (55.384 , 4)  (51.8907 , 3)  (51.3171 , 7)  (51.2192 , 2)  (51.0325 , 5)  (45.5688 , 1)  (43.9596 , 9)  (43.3411 , 8)  
(93.4613 , 9)  (57.6538 , 7)  (53.0021 , 6)  (52.7717 , 3)  (51.9491 , 1)  (51.1452 , 4)  (51.1344 , 5)  (50.9633 , 2)  (48.8894 , 8)  
(93.2859 , 8)  (74.1036 , 5)  (66.4356 , 1)  (57.3978 , 2)  (56.9026 , 7)  (45.6205 , 3)  (44.9499 , 4)  (41.0725 , 9)  (40.828 , 6)  
(93.0374 , 7)  (74.5011 , 9)  (53.8763 , 3)  (53.1355 , 6)  (49.0575 , 2)  (47.6865 , 5)  (46.7006 , 8)  (41.3584 , 4)  (40.4716 , 1)  
(97.7941 , 5)  (60.4244 , 6)  (55.196 , 9)  (53.5129 , 2)  (53.2591 , 3)  (50.7526 , 7)  (48.5303 , 4)  (46.9212 , 8)  (42.8205 , 1)  
(105.938 , 2)  (60.0418 , 6)  (55.5653 , 7)  (54.4426 , 9)  (53.8226 , 3)  (52.0334 , 8)  (46.5827 , 1)  (45.387 , 5)  (34.1622 , 4)  
(105.822 , 3)  (60.6805 , 1)  (54.1538 , 9)  (50.1827 , 6)  (49.5603 , 7)  (48.2715 , 8)  (46.3243 , 4)  (45.8372 , 5)  (38.8803 , 2)  
(102.716 , 1)  (53.9296 , 4)  (53.4722 , 3)  (52.8324 , 7)  (52.4519 , 9)  (52.1271 , 6)  (49.6276 , 5)  (48.2342 , 8)  (45.0667 , 2)  
