 -------------------803------------
(97.7265 , 1)  (79.2418 , 7)  (58.1997 , 6)  (57.0453 , 9)  (46.9745 , 5)  (46.7911 , 2)  (45.7068 , 3)  (42.9625 , 4)  (42.7104 , 8)  
(108.201 , 7)  (52.6411 , 6)  (49.7128 , 1)  (49.2756 , 8)  (49.1551 , 2)  (47.8321 , 3)  (47.0172 , 5)  (46.6255 , 9)  (45.8687 , 4)  
(92.603 , 4)  (72.8388 , 6)  (63.1614 , 7)  (54.9912 , 1)  (48.2252 , 3)  (48.1542 , 2)  (47.3595 , 9)  (45.7861 , 5)  (42.2816 , 8)  
(99.4189 , 8)  (59.9827 , 9)  (55.6401 , 4)  (53.116 , 5)  (51.0247 , 1)  (49.7882 , 2)  (49.254 , 6)  (49.1075 , 3)  (42.7282 , 7)  
(102.949 , 6)  (62.7301 , 4)  (54.7651 , 3)  (54.7165 , 2)  (53.8329 , 5)  (49.7899 , 7)  (49.7861 , 8)  (48.8888 , 1)  (41.3792 , 9)  
(98.64 , 2)  (66.9405 , 7)  (64.8113 , 6)  (60.4259 , 8)  (57.0338 , 3)  (52.0651 , 1)  (48.5818 , 5)  (43.7001 , 9)  (37.0308 , 4)  
(100.281 , 3)  (58.0648 , 1)  (52.5494 , 5)  (52.4036 , 9)  (51.1934 , 8)  (48.3172 , 6)  (47.5379 , 7)  (47.3982 , 4)  (46.1462 , 2)  
(99.241 , 9)  (64.7202 , 4)  (57.4207 , 6)  (53.5236 , 2)  (52.4535 , 5)  (49.0805 , 1)  (48.6235 , 8)  (46.7669 , 7)  (41.605 , 3)  
(85.6142 , 5)  (70.7008 , 9)  (69.5263 , 6)  (57.5471 , 3)  (53.2758 , 7)  (49.4964 , 4)  (46.33 , 8)  (45.1786 , 1)  (42.695 , 2)  
