 -------------------886------------
(93.5466 , 6)  (62.9199 , 8)  (61.811 , 1)  (60.9066 , 2)  (57.6426 , 4)  (53.7126 , 7)  (48.0105 , 5)  (44.9237 , 3)  (42.0627 , 9)  
(93.6172 , 7)  (74.1881 , 2)  (53.8867 , 6)  (52.0459 , 1)  (50.1407 , 8)  (49.5104 , 3)  (49.322 , 4)  (45.3119 , 5)  (41.8662 , 9)  
(86.2433 , 4)  (81.0714 , 6)  (60.9027 , 9)  (59.2324 , 7)  (56.1739 , 1)  (51.1061 , 5)  (49.2569 , 2)  (45.7151 , 8)  (39.2475 , 3)  
(98.7245 , 2)  (57.679 , 6)  (55.8236 , 3)  (55.1297 , 9)  (54.295 , 1)  (47.1023 , 8)  (45.9299 , 7)  (41.3192 , 4)  (40.005 , 5)  
(100.912 , 9)  (62.3438 , 7)  (57.043 , 6)  (54.8847 , 1)  (53.6862 , 2)  (50.849 , 3)  (45.2652 , 8)  (38.8983 , 5)  (37.1772 , 4)  
(103.162 , 8)  (59.0727 , 3)  (58.3269 , 1)  (57.7755 , 9)  (53.4511 , 2)  (50.3175 , 6)  (48.3092 , 7)  (45.0807 , 4)  (37.2521 , 5)  
(104.15 , 3)  (61.8908 , 5)  (54.8952 , 6)  (53.0111 , 9)  (52.4664 , 1)  (51.4963 , 7)  (44.306 , 2)  (41.1879 , 8)  (40.0532 , 4)  
(94.1151 , 5)  (65.172 , 4)  (60.8568 , 3)  (57.2287 , 6)  (53.1473 , 8)  (48.1519 , 2)  (45.8203 , 7)  (45.7227 , 1)  (38.7549 , 9)  
(104.966 , 1)  (53.9171 , 6)  (52.497 , 4)  (51.5265 , 2)  (50.1853 , 5)  (50.1142 , 3)  (49.9388 , 7)  (49.1583 , 8)  (44.9982 , 9)  
