 -------------------486------------
(99.6831 , 6)  (57.5385 , 2)  (54.3909 , 4)  (53.6589 , 1)  (52.9748 , 7)  (52.7349 , 8)  (51.42 , 3)  (47.8336 , 5)  (45.0016 , 9)  
(93.3607 , 9)  (54.4382 , 4)  (53.8312 , 8)  (53.491 , 1)  (53.3959 , 6)  (51.805 , 3)  (51.7268 , 7)  (48.4516 , 5)  (45.2675 , 2)  
(106.616 , 4)  (55.8248 , 7)  (53.8923 , 2)  (50.0677 , 6)  (48.3105 , 5)  (46.9735 , 9)  (46.4529 , 3)  (44.9301 , 8)  (44.7553 , 1)  
(103.616 , 7)  (63.703 , 6)  (57.8429 , 4)  (52.9687 , 3)  (51.604 , 1)  (47.37 , 5)  (44.8398 , 9)  (43.6933 , 8)  (40.2329 , 2)  
(102.164 , 1)  (58.923 , 2)  (52.7602 , 6)  (51.5257 , 7)  (48.1796 , 8)  (47.4931 , 3)  (46.5884 , 4)  (45.0979 , 5)  (41.7663 , 9)  
(107.727 , 5)  (56.5105 , 8)  (55.0936 , 2)  (51.7779 , 4)  (51.0947 , 7)  (48.9101 , 9)  (45.2611 , 1)  (42.1344 , 6)  (39.3985 , 3)  
(92.4902 , 8)  (62.9484 , 6)  (61.6437 , 1)  (59.5703 , 7)  (55.0889 , 2)  (52.1668 , 5)  (46.335 , 3)  (44.6403 , 9)  (33.255 , 4)  
(98.8332 , 3)  (56.378 , 2)  (56.1719 , 7)  (55.2476 , 6)  (54.3233 , 1)  (52.4254 , 5)  (46.3255 , 9)  (45.6798 , 8)  (38.0263 , 4)  
(100.246 , 2)  (58.3494 , 8)  (55.7658 , 1)  (53.2187 , 6)  (52.7524 , 3)  (51.7282 , 9)  (49.6786 , 5)  (48.3176 , 7)  (43.278 , 4)  
