 -------------------661------------
(91.5968 , 7)  (70.4845 , 9)  (60.3998 , 6)  (58.4171 , 1)  (54.361 , 2)  (52.9012 , 3)  (48.8393 , 5)  (43.9517 , 8)  (38.3467 , 4)  
(103.001 , 8)  (72.2118 , 9)  (60.7768 , 7)  (55.6518 , 6)  (52.7291 , 1)  (47.6466 , 2)  (46.5299 , 4)  (39.4338 , 3)  (31.4001 , 5)  
(104.086 , 6)  (61.1109 , 8)  (52.1598 , 7)  (49.3869 , 3)  (46.7089 , 1)  (43.5624 , 5)  (42.8728 , 9)  (41.6103 , 4)  (37.2057 , 2)  
(94.0442 , 5)  (67.9498 , 3)  (60.1929 , 9)  (55.1599 , 1)  (53.5283 , 6)  (50.3843 , 8)  (47.3058 , 2)  (38.1822 , 4)  (38.1503 , 7)  
(79.3488 , 4)  (67.3841 , 7)  (65.6822 , 6)  (61.2521 , 9)  (51.4518 , 2)  (50.6126 , 1)  (46.3839 , 3)  (46.0113 , 5)  (37.5225 , 8)  
(102.158 , 2)  (64.8337 , 8)  (62.5211 , 6)  (58.2114 , 7)  (51.9674 , 9)  (50.4293 , 3)  (45.4613 , 4)  (39.8838 , 5)  (38.7083 , 1)  
(92.0148 , 3)  (58.5551 , 5)  (55.1414 , 7)  (54.3784 , 8)  (51.1164 , 4)  (50.1909 , 2)  (49.8889 , 6)  (49.814 , 9)  (42.7518 , 1)  
(86.74 , 9)  (66.7761 , 4)  (60.5459 , 7)  (56.4618 , 3)  (50.2878 , 6)  (49.5757 , 5)  (47.875 , 2)  (41.4654 , 8)  (40.8198 , 1)  
(103.218 , 1)  (58.383 , 7)  (50.0955 , 4)  (49.8395 , 2)  (49.7629 , 8)  (49.4528 , 5)  (49.3689 , 3)  (44.8415 , 6)  (42.9204 , 9)  
