 -------------------52------------
(103.191 , 6)  (64.2394 , 2)  (61.3115 , 5)  (53.9974 , 7)  (48.2357 , 4)  (45.8292 , 3)  (44.4671 , 8)  (42.4749 , 1)  (41.1595 , 9)  
(103.166 , 7)  (64.6293 , 3)  (53.5101 , 1)  (49.989 , 5)  (49.8944 , 4)  (48.8569 , 2)  (46.6509 , 6)  (46.4084 , 8)  (41.5405 , 9)  
(101.288 , 5)  (65.5564 , 3)  (52.5956 , 6)  (51.934 , 2)  (50.1505 , 8)  (49.8895 , 4)  (49.1747 , 7)  (42.2769 , 9)  (41.6818 , 1)  
(76.316 , 2)  (69.5302 , 4)  (62.1085 , 3)  (60.3133 , 8)  (54.5685 , 1)  (53.892 , 5)  (52.5198 , 7)  (51.3475 , 6)  (48.3421 , 9)  
(101.504 , 9)  (57.0706 , 2)  (55.9102 , 6)  (53.5614 , 7)  (49.5465 , 3)  (49.1004 , 8)  (48.3112 , 1)  (45.0783 , 4)  (40.3995 , 5)  
(96.1926 , 3)  (76.8119 , 5)  (59.7668 , 2)  (53.0597 , 4)  (48.4913 , 6)  (45.7295 , 8)  (44.9586 , 9)  (43.2913 , 1)  (40.847 , 7)  
(95.3554 , 1)  (64.753 , 6)  (58.0656 , 5)  (57.8586 , 7)  (56.5687 , 2)  (53.443 , 9)  (47.8016 , 3)  (42.4124 , 4)  (41.1339 , 8)  
(102.511 , 8)  (60.7562 , 2)  (57.793 , 9)  (56.1532 , 1)  (52.9562 , 6)  (51.5195 , 7)  (51.4814 , 5)  (46.7667 , 3)  (39.9946 , 4)  
(102.072 , 4)  (64.7501 , 2)  (55.8674 , 6)  (54.6404 , 1)  (54.2245 , 9)  (48.9081 , 3)  (48.8759 , 8)  (44.5886 , 7)  (37.2709 , 5)  
