 -------------------325------------
(94.951 , 2)  (60.5307 , 3)  (58.6784 , 1)  (54.4929 , 5)  (49.3166 , 7)  (47.2432 , 8)  (47.1253 , 9)  (44.8915 , 4)  (42.1599 , 6)  
(107.788 , 7)  (52.0017 , 9)  (51.6766 , 8)  (50.6879 , 6)  (47.6995 , 1)  (47.407 , 2)  (46.9921 , 4)  (46.7151 , 5)  (43.5365 , 3)  
(97.9538 , 1)  (77.1926 , 7)  (60.4791 , 4)  (48.7059 , 5)  (48.3874 , 3)  (47.1725 , 6)  (46.4062 , 9)  (46.1776 , 2)  (40.7044 , 8)  
(93.5604 , 4)  (72.4713 , 6)  (56.3802 , 8)  (55.3761 , 7)  (52.0387 , 3)  (50.5678 , 1)  (47.5959 , 9)  (44.0606 , 5)  (42.4781 , 2)  
(99.1241 , 5)  (56.9016 , 6)  (56.2467 , 9)  (55.1931 , 8)  (53.2111 , 4)  (52.7469 , 7)  (51.0698 , 1)  (49.8311 , 3)  (49.3443 , 2)  
(107.026 , 6)  (53.619 , 3)  (50.9482 , 5)  (50.2613 , 9)  (50.1323 , 2)  (49.1315 , 1)  (48.5923 , 4)  (46.8994 , 7)  (46.3437 , 8)  
(100.631 , 8)  (55.6362 , 9)  (55.0898 , 1)  (54.8638 , 6)  (50.6161 , 7)  (50.1204 , 4)  (49.7119 , 2)  (49.4123 , 3)  (45.8184 , 5)  
(96.5448 , 9)  (57.5648 , 7)  (55.825 , 6)  (52.7361 , 4)  (49.872 , 5)  (49.5558 , 2)  (48.0057 , 8)  (47.4592 , 1)  (44.8881 , 3)  
(82.2174 , 3)  (61.8109 , 8)  (58.5797 , 5)  (57.6191 , 4)  (56.8269 , 2)  (56.3663 , 7)  (50.3866 , 1)  (47.7883 , 6)  (43.5923 , 9)  
