 -------------------165------------
(103.744 , 3)  (62.0798 , 5)  (55.0328 , 4)  (54.1004 , 1)  (50.8215 , 6)  (50.4596 , 2)  (48.3499 , 7)  (47.3948 , 9)  (46.2179 , 8)  
(103.6 , 8)  (54.6219 , 3)  (53.5743 , 9)  (52.106 , 4)  (49.998 , 1)  (47.7229 , 6)  (46.9874 , 2)  (45.8936 , 5)  (42.9846 , 7)  
(88.744 , 1)  (59.1672 , 4)  (58.4787 , 2)  (56.7718 , 7)  (52.6298 , 3)  (49.7699 , 5)  (49.7232 , 9)  (49.1236 , 6)  (48.8764 , 8)  
(102.363 , 4)  (74.693 , 6)  (57.6654 , 9)  (56.104 , 7)  (49.447 , 1)  (45.7934 , 3)  (45.0247 , 5)  (43.3921 , 8)  (39.1041 , 2)  
(107.967 , 7)  (60.0785 , 6)  (56.3788 , 9)  (50.8519 , 2)  (50.3108 , 1)  (47.3703 , 3)  (46.1908 , 4)  (40.9879 , 5)  (39.1907 , 8)  
(99.2524 , 9)  (55.4851 , 2)  (55.4794 , 7)  (52.945 , 4)  (52.3336 , 3)  (51.6745 , 1)  (48.6544 , 6)  (45.5146 , 5)  (44.897 , 8)  
(104.558 , 6)  (56.9378 , 5)  (56.0595 , 4)  (50.558 , 1)  (49.7578 , 9)  (49.665 , 7)  (48.5293 , 3)  (46.0154 , 2)  (39.0157 , 8)  
(109.087 , 2)  (64.3129 , 1)  (60.4722 , 9)  (51.8546 , 6)  (46.8302 , 7)  (45.0764 , 8)  (41.3814 , 3)  (40.6268 , 5)  (34.8784 , 4)  
(98.84 , 5)  (64.5056 , 3)  (60.2357 , 9)  (55.3304 , 6)  (53.0456 , 1)  (49.3074 , 7)  (42.5529 , 4)  (40.7587 , 2)  (40.6531 , 8)  
