 -------------------508------------
(97.8181 , 9)  (60.5346 , 7)  (55.6708 , 6)  (50.8604 , 2)  (49.3135 , 8)  (48.9227 , 4)  (48.4299 , 1)  (47.6665 , 5)  (43.7609 , 3)  
(98.5509 , 6)  (71.2977 , 8)  (59.0874 , 5)  (58.5831 , 4)  (54.2406 , 7)  (53.6319 , 2)  (50.9522 , 1)  (50.02 , 3)  (26.6867 , 9)  
(95.6751 , 8)  (58.9073 , 2)  (58.0918 , 9)  (57.9145 , 4)  (55.6915 , 1)  (54.6177 , 6)  (53.11 , 7)  (50.3758 , 3)  (33.8034 , 5)  
(107.718 , 7)  (58.8259 , 1)  (53.1397 , 3)  (53.0905 , 6)  (51.8121 , 9)  (45.3498 , 2)  (43.7582 , 8)  (41.6885 , 4)  (38.981 , 5)  
(100.19 , 1)  (57.4762 , 7)  (57.3662 , 2)  (55.6613 , 5)  (53.8957 , 9)  (48.6334 , 4)  (48.2827 , 8)  (46.6676 , 6)  (45.6031 , 3)  
(91.9995 , 3)  (63.4375 , 9)  (58.9887 , 8)  (57.8852 , 2)  (53.6954 , 7)  (51.31 , 4)  (47.2599 , 1)  (45.3247 , 6)  (45.1704 , 5)  
(84.6858 , 5)  (69.8286 , 9)  (68.1245 , 6)  (56.7637 , 3)  (51.8934 , 8)  (47.1015 , 1)  (44.7602 , 2)  (43.0765 , 4)  (42.7286 , 7)  
(102.537 , 4)  (64.8371 , 6)  (60.7126 , 7)  (58.9747 , 2)  (53.4785 , 8)  (51.2927 , 5)  (44.4391 , 3)  (43.1906 , 1)  (36.7444 , 9)  
(90.0769 , 2)  (66.0083 , 1)  (61.1156 , 9)  (57.1284 , 3)  (54.2689 , 8)  (48.018 , 5)  (43.3692 , 6)  (43.1146 , 7)  (39.7199 , 4)  
