 -------------------240------------
(93.1118 , 8)  (75.1129 , 3)  (57.688 , 7)  (53.1663 , 4)  (52.3874 , 1)  (51.8693 , 5)  (50.2236 , 6)  (44.4978 , 9)  (43.6702 , 2)  
(94.6722 , 4)  (68.3019 , 6)  (54.2792 , 1)  (53.311 , 7)  (52.1735 , 2)  (50.7106 , 3)  (46.8248 , 8)  (46.0652 , 5)  (38.8326 , 9)  
(105.387 , 6)  (53.7791 , 1)  (52.1259 , 3)  (51.8485 , 4)  (49.934 , 2)  (48.7629 , 9)  (48.1971 , 5)  (47.3203 , 7)  (45.6597 , 8)  
(89.0213 , 9)  (71.5356 , 7)  (53.2679 , 1)  (52.9516 , 2)  (51.9207 , 5)  (50.9655 , 6)  (50.9439 , 3)  (49.5715 , 4)  (38.7253 , 8)  
(104.317 , 1)  (56.3879 , 7)  (56.2056 , 2)  (53.6719 , 9)  (52.8646 , 5)  (48.8061 , 6)  (43.9501 , 8)  (41.3271 , 3)  (38.8453 , 4)  
(88.2496 , 3)  (63.8285 , 7)  (63.4158 , 5)  (58.9414 , 9)  (53.7403 , 1)  (51.346 , 6)  (51.265 , 2)  (46.9932 , 8)  (46.4311 , 4)  
(107.79 , 7)  (56.5444 , 6)  (51.1866 , 2)  (49.2645 , 1)  (48.8845 , 9)  (48.8206 , 5)  (46.6421 , 4)  (42.6612 , 3)  (40.9523 , 8)  
(77.6374 , 5)  (64.7809 , 3)  (63.4854 , 6)  (58.7467 , 9)  (51.3984 , 8)  (51.3474 , 2)  (48.7822 , 4)  (48.4338 , 1)  (45.1386 , 7)  
(77.6764 , 2)  (67.1079 , 8)  (61.3814 , 6)  (61.3669 , 7)  (61.3302 , 3)  (50.3714 , 4)  (50.354 , 1)  (44.1128 , 9)  (43.9152 , 5)  
