 -------------------851------------
(87.6277 , 8)  (82.7942 , 9)  (61.1793 , 2)  (59.5637 , 7)  (58.1488 , 6)  (49.3826 , 4)  (48.5845 , 3)  (40.0904 , 5)  (35.5555 , 1)  
(72.6824 , 4)  (69.1682 , 6)  (57.0858 , 8)  (56.085 , 7)  (52.6974 , 1)  (51.5729 , 2)  (49.8526 , 5)  (49.1252 , 9)  (43.1944 , 3)  
(75.3695 , 3)  (66.9681 , 7)  (64.1152 , 2)  (62.6222 , 8)  (62.5709 , 9)  (52.0102 , 4)  (51.0889 , 5)  (48.7081 , 1)  (44.8622 , 6)  
(104.328 , 7)  (55.2663 , 6)  (54.0691 , 9)  (53.6 , 1)  (50.7272 , 2)  (49.0139 , 3)  (47.5427 , 5)  (45.5374 , 8)  (43.2482 , 4)  
(89.9791 , 2)  (75.5212 , 1)  (54.2156 , 4)  (51.5166 , 3)  (50.9476 , 7)  (48.2858 , 8)  (47.7875 , 6)  (47.5264 , 5)  (45.4865 , 9)  
(87.2777 , 5)  (60.8905 , 3)  (60.4286 , 8)  (54.6064 , 6)  (50.9451 , 9)  (49.4859 , 4)  (47.4215 , 2)  (47.3901 , 7)  (45.3837 , 1)  
(97.4959 , 1)  (58.8266 , 7)  (55.726 , 5)  (54.7253 , 6)  (51.0241 , 9)  (49.6295 , 2)  (48.4955 , 3)  (45.9471 , 4)  (43.3407 , 8)  
(90.8278 , 9)  (73.6534 , 3)  (58.2363 , 5)  (53.0889 , 4)  (52.8593 , 8)  (50.7419 , 1)  (50.3894 , 2)  (48.0858 , 6)  (38.8598 , 7)  
(94.2641 , 6)  (66.9075 , 5)  (56.7342 , 8)  (56.6068 , 7)  (51.5695 , 9)  (48.7214 , 1)  (46.2209 , 4)  (44.045 , 2)  (42.3089 , 3)  
