 -------------------320------------
(86.8585 , 5)  (64.1024 , 7)  (61.5465 , 3)  (60.1506 , 9)  (57.5067 , 8)  (55.6881 , 6)  (48.2162 , 4)  (47.4207 , 1)  (47.1821 , 2)  
(98.8072 , 4)  (61.1324 , 7)  (60.1075 , 2)  (58.3897 , 6)  (53.2177 , 8)  (49.9124 , 5)  (43.3267 , 1)  (39.906 , 9)  (36.3253 , 3)  
(93.4269 , 1)  (61.6528 , 2)  (60.7194 , 5)  (57.2794 , 6)  (56.3391 , 8)  (53.7493 , 4)  (45.4998 , 7)  (44.494 , 3)  (34.6678 , 9)  
(103.912 , 3)  (59.7639 , 2)  (56.1978 , 7)  (55.3744 , 1)  (51.6639 , 6)  (50.5671 , 5)  (48.2367 , 9)  (45.5706 , 4)  (40.4351 , 8)  
(92.9446 , 6)  (73.2052 , 1)  (63.2929 , 2)  (52.1852 , 8)  (51.0809 , 9)  (49.7364 , 3)  (46.793 , 7)  (45.9822 , 4)  (44.4709 , 5)  
(96.9716 , 2)  (63.4064 , 7)  (61.3249 , 9)  (55.9957 , 5)  (55.2204 , 8)  (53.632 , 1)  (51.544 , 6)  (40.7522 , 4)  (26.814 , 3)  
(79.3885 , 9)  (77.1598 , 7)  (59.554 , 6)  (58.7265 , 4)  (55.8725 , 1)  (55.305 , 3)  (51.7072 , 5)  (45.1579 , 8)  (44.4891 , 2)  
(99.642 , 8)  (61.219 , 9)  (57.3112 , 7)  (56.0149 , 1)  (51.9546 , 6)  (50.467 , 2)  (49.4165 , 3)  (46.8747 , 4)  (44.2787 , 5)  
(106.568 , 7)  (52.8165 , 6)  (50.9269 , 3)  (50.6189 , 1)  (50.1266 , 9)  (49.8271 , 8)  (48.7013 , 2)  (47.1801 , 5)  (46.9384 , 4)  
