 -------------------813------------
(100.587 , 8)  (59.3653 , 6)  (58.4001 , 1)  (56.6479 , 7)  (51.781 , 9)  (48.7619 , 3)  (46.8074 , 2)  (40.6107 , 4)  (39.1159 , 5)  
(102.166 , 1)  (63.4686 , 7)  (55.1102 , 2)  (53.0836 , 6)  (52.3907 , 5)  (49.3779 , 9)  (46.3495 , 3)  (43.2015 , 4)  (42.5962 , 8)  
(94.379 , 9)  (71.2066 , 7)  (65.5014 , 6)  (53.3667 , 1)  (53.0598 , 3)  (47.1886 , 8)  (45.6385 , 2)  (41.7619 , 5)  (39.8256 , 4)  
(100.214 , 4)  (61.3348 , 7)  (53.79 , 3)  (53.2349 , 1)  (52.6916 , 6)  (52.5065 , 9)  (52.2779 , 2)  (48.571 , 5)  (35.8586 , 8)  
(89.5688 , 3)  (67.4901 , 9)  (62.774 , 7)  (62.5212 , 1)  (56.031 , 6)  (52.5914 , 2)  (45.8206 , 4)  (45.3626 , 5)  (36.1654 , 8)  
(81.1928 , 7)  (78.3027 , 1)  (63.7196 , 9)  (57.4957 , 2)  (54.7367 , 5)  (51.5709 , 6)  (50.5997 , 4)  (46.7791 , 3)  (38.5947 , 8)  
(80.3173 , 2)  (71.7888 , 8)  (63.2627 , 1)  (61.8143 , 3)  (50.7546 , 6)  (48.4226 , 5)  (46.1089 , 9)  (43.7032 , 7)  (42.4678 , 4)  
(96.9285 , 5)  (77.9729 , 3)  (59.2772 , 7)  (55.2168 , 6)  (54.5213 , 2)  (52.0142 , 4)  (45.1603 , 9)  (42.6891 , 1)  (33.411 , 8)  
(98.5648 , 6)  (70.4783 , 5)  (60.4987 , 8)  (52.8496 , 4)  (50.6583 , 1)  (49.8745 , 7)  (49.0088 , 3)  (46.3918 , 2)  (40.7055 , 9)  
