 -------------------579------------
(93.0116 , 4)  (76.0215 , 6)  (66.0839 , 9)  (57.2502 , 3)  (55.4381 , 1)  (47.9896 , 2)  (47.7223 , 7)  (40.6548 , 5)  (37.4987 , 8)  
(102.022 , 5)  (67.1494 , 4)  (59.114 , 8)  (48.6783 , 1)  (47.6788 , 2)  (47.5464 , 3)  (43.2935 , 7)  (40.6309 , 9)  (38.6775 , 6)  
(89.7376 , 9)  (67.7436 , 4)  (58.6876 , 2)  (55.6642 , 5)  (55.5559 , 7)  (47.9125 , 6)  (45.5931 , 3)  (38.9715 , 1)  (33.3238 , 8)  
(103.92 , 1)  (59.6704 , 7)  (54.0707 , 2)  (50.5574 , 4)  (48.2308 , 8)  (47.8557 , 9)  (47.8181 , 6)  (44.7107 , 3)  (42.4881 , 5)  
(90.2206 , 6)  (70.373 , 5)  (60.9462 , 1)  (56.8419 , 8)  (54.1876 , 7)  (51.6805 , 2)  (49.2869 , 9)  (45.4117 , 4)  (34.8703 , 3)  
(100.514 , 8)  (62.6024 , 2)  (53.771 , 1)  (51.5243 , 6)  (48.5899 , 9)  (47.4906 , 5)  (47.0419 , 4)  (46.915 , 7)  (43.5302 , 3)  
(92.8535 , 2)  (81.9989 , 7)  (53.3692 , 6)  (51.776 , 3)  (50.2633 , 5)  (47.4825 , 4)  (45.9634 , 1)  (42.8269 , 9)  (41.8724 , 8)  
(77.573 , 7)  (71.0788 , 3)  (68.2611 , 9)  (61.8561 , 2)  (58.9118 , 1)  (55.0087 , 6)  (48.594 , 4)  (47.9227 , 8)  (34.8132 , 5)  
(106.278 , 3)  (57.7928 , 7)  (50.7733 , 1)  (50.7318 , 6)  (49.6643 , 5)  (48.6307 , 2)  (48.6027 , 4)  (47.2509 , 8)  (44.1167 , 9)  
