 -------------------796------------
(98.0596 , 1)  (73.1762 , 7)  (59.1419 , 4)  (53.0248 , 6)  (51.9842 , 9)  (50.5244 , 2)  (48.2418 , 3)  (47.9912 , 5)  (40.2158 , 8)  
(108.07 , 7)  (53.7222 , 6)  (49.6751 , 2)  (49.4168 , 8)  (48.0876 , 3)  (47.9035 , 1)  (47.1975 , 9)  (46.328 , 5)  (44.9202 , 4)  
(93.4388 , 4)  (67.1754 , 6)  (62.6268 , 7)  (55.4317 , 1)  (49.3328 , 3)  (46.4301 , 5)  (46.126 , 2)  (45.3684 , 9)  (44.3439 , 8)  
(100.287 , 8)  (61.6623 , 9)  (54.4368 , 4)  (51.1213 , 5)  (49.8932 , 6)  (49.4005 , 1)  (49.2544 , 2)  (47.517 , 3)  (43.7225 , 7)  
(102.479 , 6)  (64.5515 , 4)  (56.1281 , 2)  (55.7303 , 3)  (54.9486 , 8)  (52.9349 , 5)  (50.4211 , 7)  (48.074 , 1)  (35.5126 , 9)  
(98.9222 , 2)  (68.2023 , 7)  (66.2481 , 6)  (58.5258 , 8)  (54.821 , 3)  (51.0537 , 1)  (49.0952 , 5)  (44.8759 , 9)  (37.2116 , 4)  
(100.416 , 3)  (58.4119 , 1)  (52.6867 , 8)  (51.7944 , 5)  (50.4036 , 9)  (48.0609 , 4)  (47.5445 , 7)  (46.8655 , 6)  (46.6988 , 2)  
(98.6617 , 9)  (64.6843 , 4)  (58.5949 , 6)  (54.2397 , 2)  (52.6712 , 5)  (50.0333 , 1)  (47.1322 , 8)  (44.8155 , 7)  (42.3049 , 3)  
(82.8691 , 5)  (74.2229 , 6)  (70.9875 , 9)  (54.2123 , 7)  (53.2239 , 4)  (52.8463 , 3)  (50.0901 , 8)  (43.9358 , 1)  (41.7769 , 2)  
