 -------------------233------------
(95.9414 , 8)  (73.1481 , 3)  (58.8096 , 4)  (55.3395 , 7)  (53.792 , 1)  (50.9663 , 6)  (46.1853 , 5)  (44.1806 , 9)  (42.7489 , 2)  
(96.8688 , 4)  (67.9908 , 6)  (57.154 , 1)  (50.6087 , 3)  (50.0327 , 7)  (50.0189 , 5)  (49.5479 , 2)  (49.4508 , 8)  (33.6122 , 9)  
(104.648 , 6)  (56.8611 , 1)  (53.6066 , 2)  (50.7812 , 9)  (49.0655 , 5)  (48.5391 , 4)  (48.184 , 7)  (46.7807 , 3)  (45.9377 , 8)  
(90.5067 , 9)  (67.7348 , 7)  (57.2741 , 2)  (55.6591 , 1)  (54.2184 , 5)  (52.0111 , 6)  (45.7083 , 3)  (45.2032 , 4)  (38.1893 , 8)  
(104.698 , 1)  (59.7609 , 7)  (50.5911 , 5)  (50.3185 , 2)  (47.4428 , 9)  (46.7686 , 6)  (46.4701 , 8)  (46.1951 , 4)  (42.0331 , 3)  
(89.1599 , 3)  (65.4883 , 7)  (64.838 , 5)  (55.6908 , 2)  (55.3003 , 9)  (53.8631 , 1)  (52.288 , 6)  (44.9113 , 8)  (44.1655 , 4)  
(107.741 , 7)  (58.6137 , 6)  (52.4827 , 2)  (52.3576 , 9)  (48.616 , 5)  (46.6767 , 1)  (45.0374 , 4)  (40.645 , 3)  (38.9665 , 8)  
(82.8799 , 5)  (64.6773 , 6)  (61.4213 , 3)  (56.098 , 9)  (51.0395 , 1)  (50.735 , 2)  (47.4014 , 4)  (46.5443 , 8)  (46.0885 , 7)  
(78.3654 , 2)  (70.6421 , 8)  (59.3285 , 7)  (57.2543 , 3)  (56.8414 , 6)  (53.9661 , 4)  (52.3595 , 1)  (47.0641 , 5)  (44.3961 , 9)  
