 -------------------834------------
(67.7855 , 5)  (67.1507 , 3)  (65.1376 , 7)  (60.7449 , 2)  (60.0191 , 8)  (59.8278 , 6)  (50.144 , 9)  (48.6018 , 1)  (39.2946 , 4)  
(100.219 , 8)  (59.8854 , 1)  (55.3907 , 6)  (55.0942 , 7)  (53.6543 , 9)  (52.769 , 3)  (48.3569 , 2)  (46.4852 , 5)  (44.2839 , 4)  
(108.058 , 7)  (56.7988 , 9)  (54.116 , 6)  (49.1769 , 2)  (48.9636 , 5)  (48.7339 , 1)  (45.2769 , 3)  (44.3411 , 4)  (40.1595 , 8)  
(99.6983 , 4)  (67.259 , 6)  (65.2799 , 2)  (57.4342 , 5)  (48.7481 , 9)  (47.1188 , 7)  (44.5291 , 1)  (36.6923 , 3)  (33.0187 , 8)  
(96.8109 , 2)  (60.9255 , 7)  (57.6868 , 9)  (56.8221 , 3)  (50.1655 , 8)  (48.9745 , 5)  (46.0846 , 4)  (46.0687 , 1)  (45.6301 , 6)  
(97.7832 , 3)  (67.1703 , 8)  (56.4031 , 9)  (55.3661 , 5)  (52.0676 , 7)  (51.9558 , 4)  (50.3756 , 2)  (48.3208 , 1)  (47.6125 , 6)  
(96.6936 , 6)  (77.9623 , 8)  (58.3529 , 1)  (58.0371 , 5)  (53.001 , 4)  (52.0478 , 7)  (48.2851 , 3)  (38.8708 , 9)  (38.0773 , 2)  
(82.6701 , 9)  (68.6275 , 4)  (58.7934 , 2)  (58.2047 , 7)  (51.7315 , 6)  (51.4135 , 1)  (51.0853 , 5)  (44.2208 , 8)  (39.5341 , 3)  
(104.128 , 1)  (57.3329 , 7)  (51.6169 , 2)  (50.2783 , 8)  (48.2138 , 9)  (48.1418 , 4)  (47.6396 , 5)  (46.4963 , 3)  (42.402 , 6)  
