 -------------------663------------
(91.6543 , 7)  (70.9533 , 9)  (60.8609 , 6)  (58.5004 , 1)  (53.782 , 2)  (52.3695 , 3)  (48.6019 , 5)  (43.5894 , 8)  (38.8085 , 4)  
(102.882 , 8)  (72.5554 , 9)  (61.1119 , 7)  (55.2382 , 6)  (52.6059 , 1)  (47.4708 , 2)  (46.9414 , 4)  (39.3716 , 3)  (31.785 , 5)  
(106.347 , 6)  (54.7383 , 3)  (53.4952 , 8)  (52.5105 , 7)  (45.2701 , 1)  (44.7844 , 4)  (44.6707 , 5)  (43.3664 , 9)  (36.75 , 2)  
(92.2269 , 5)  (69.5381 , 3)  (60.6252 , 9)  (55.6607 , 1)  (53.9502 , 6)  (51.1326 , 8)  (47.1762 , 2)  (38.1129 , 7)  (36.9584 , 4)  
(80.0892 , 4)  (67.4397 , 7)  (66.4078 , 6)  (60.5064 , 9)  (51.6328 , 2)  (50.5676 , 1)  (46.6481 , 5)  (45.3161 , 3)  (37.6549 , 8)  
(102.149 , 2)  (65.145 , 8)  (62.5314 , 6)  (58.4363 , 7)  (51.3596 , 9)  (50.7409 , 3)  (45.8643 , 4)  (39.58 , 5)  (38.699 , 1)  
(91.9973 , 3)  (58.566 , 5)  (55.1704 , 7)  (54.3508 , 8)  (51.0754 , 4)  (50.2421 , 2)  (49.9436 , 6)  (49.8614 , 9)  (42.7886 , 1)  
(86.6785 , 9)  (66.0734 , 4)  (59.8759 , 7)  (56.5074 , 3)  (49.7145 , 6)  (49.5709 , 5)  (48.1478 , 2)  (42.6687 , 8)  (41.0261 , 1)  
(103.145 , 1)  (58.9547 , 7)  (49.935 , 2)  (49.6806 , 5)  (49.6793 , 4)  (49.4085 , 3)  (49.3107 , 8)  (45.1797 , 6)  (42.7405 , 9)  
