 -------------------152------------
(96.1098 , 9)  (58.7718 , 7)  (56.4674 , 6)  (54.5518 , 4)  (52.8251 , 1)  (52.3374 , 8)  (50.4073 , 3)  (49.9611 , 2)  (35.5253 , 5)  
(104.023 , 7)  (56.9719 , 3)  (53.0607 , 6)  (50.3937 , 1)  (50.3074 , 5)  (50.3072 , 4)  (49.584 , 8)  (45.5157 , 2)  (43.5785 , 9)  
(104.376 , 2)  (57.4666 , 9)  (53.709 , 3)  (53.7034 , 8)  (52.6345 , 5)  (52.5472 , 4)  (51.05 , 1)  (48.4919 , 6)  (38.8768 , 7)  
(89.9845 , 8)  (75.6962 , 5)  (53.683 , 9)  (53.5608 , 2)  (52.5404 , 6)  (52.468 , 4)  (51.478 , 3)  (50.7447 , 1)  (43.1118 , 7)  
(94.1895 , 3)  (69.5669 , 2)  (63.5062 , 7)  (59.6254 , 9)  (51.213 , 4)  (50.9887 , 6)  (49.0273 , 1)  (46.3294 , 5)  (40.3347 , 8)  
(89.85 , 6)  (65.5104 , 5)  (64.7354 , 8)  (52.2623 , 7)  (52.2517 , 3)  (51.9886 , 1)  (51.424 , 2)  (45.6002 , 9)  (40.5706 , 4)  
(103.478 , 1)  (63.3046 , 7)  (50.8772 , 4)  (48.2664 , 6)  (47.9954 , 9)  (47.816 , 5)  (47.6858 , 3)  (47.2391 , 2)  (45.472 , 8)  
(98.8098 , 4)  (68.027 , 2)  (60.4276 , 6)  (55.7381 , 1)  (54.6837 , 8)  (50.3575 , 7)  (47.4936 , 5)  (40.9819 , 3)  (40.1644 , 9)  
(90.0393 , 5)  (55.9876 , 6)  (55.08 , 9)  (53.8221 , 1)  (53.5058 , 7)  (53.2097 , 3)  (47.8831 , 2)  (46.6308 , 8)  (43.0646 , 4)  
