 -------------------885------------
(95.2272 , 6)  (62.0478 , 8)  (61.5432 , 1)  (61.1101 , 2)  (57.1644 , 4)  (53.5149 , 7)  (48.1827 , 5)  (44.8283 , 3)  (41.1892 , 9)  
(94.6146 , 7)  (74.1281 , 2)  (54.0753 , 6)  (53.074 , 1)  (50.1542 , 8)  (48.2182 , 4)  (48.0255 , 3)  (45.4909 , 5)  (42.3195 , 9)  
(84.9428 , 4)  (82.5523 , 6)  (62.1908 , 9)  (60.2401 , 7)  (55.5755 , 1)  (50.8295 , 5)  (48.9619 , 2)  (45.3389 , 8)  (39.6924 , 3)  
(101.186 , 2)  (59.2067 , 6)  (58.2896 , 1)  (57.1747 , 9)  (46.7065 , 7)  (45.1816 , 8)  (45.1489 , 5)  (43.4987 , 3)  (39.8166 , 4)  
(100.912 , 9)  (62.3438 , 7)  (57.043 , 6)  (54.8847 , 1)  (53.6862 , 2)  (50.849 , 3)  (45.2652 , 8)  (38.8983 , 5)  (37.1772 , 4)  
(102.723 , 8)  (57.6255 , 1)  (56.4161 , 3)  (54.6382 , 9)  (53.0759 , 2)  (50.1067 , 4)  (49.3078 , 7)  (48.1526 , 6)  (35.4249 , 5)  
(104.06 , 3)  (61.3517 , 5)  (54.8208 , 6)  (53.5016 , 9)  (52.4543 , 1)  (51.3361 , 7)  (44.1625 , 2)  (41.4518 , 8)  (40.0612 , 4)  
(94.169 , 5)  (64.6618 , 4)  (60.8684 , 3)  (57.413 , 6)  (54.013 , 8)  (47.9289 , 2)  (46.4732 , 7)  (45.2967 , 1)  (37.898 , 9)  
(105.038 , 1)  (53.7996 , 6)  (52.6232 , 4)  (51.5415 , 2)  (50.1895 , 3)  (50.1096 , 5)  (49.6185 , 7)  (49.0203 , 8)  (45.0966 , 9)  
