 -------------------348------------
(94.0281 , 9)  (64.6213 , 7)  (60.2911 , 4)  (50.1352 , 2)  (49.7014 , 5)  (49.2019 , 6)  (49.1 , 8)  (48.4594 , 3)  (44.7617 , 1)  
(105.272 , 8)  (54.3723 , 4)  (54.0057 , 5)  (52.8209 , 3)  (50.4601 , 6)  (50.3367 , 1)  (49.9957 , 9)  (44.8456 , 7)  (39.9465 , 2)  
(102.795 , 3)  (59.665 , 6)  (55.4078 , 8)  (52.8969 , 7)  (52.1129 , 4)  (50.4581 , 2)  (48.4645 , 9)  (47.5116 , 1)  (46.9695 , 5)  
(91.55 , 4)  (60.3816 , 6)  (59.9335 , 1)  (57.8354 , 2)  (55.489 , 9)  (51.3162 , 7)  (49.4363 , 5)  (47.0503 , 3)  (42.6782 , 8)  
(105.742 , 6)  (60.9719 , 4)  (55.0318 , 9)  (51.7211 , 7)  (51.3025 , 3)  (50.8769 , 5)  (49.2315 , 2)  (47.8392 , 1)  (45.1634 , 8)  
(102.545 , 1)  (54.8904 , 9)  (52.3276 , 8)  (52.3048 , 7)  (52.0115 , 6)  (50.4507 , 5)  (50.1493 , 2)  (47.4486 , 3)  (43.5564 , 4)  
(103.988 , 7)  (60.3012 , 6)  (55.8802 , 2)  (50.2028 , 5)  (49.5681 , 9)  (47.6953 , 4)  (47.5904 , 1)  (43.9092 , 3)  (41.2726 , 8)  
(104.008 , 5)  (59.3383 , 7)  (53.6848 , 2)  (50.0103 , 3)  (49.8062 , 1)  (48.7324 , 6)  (47.1412 , 9)  (44.5023 , 8)  (40.115 , 4)  
(105.702 , 2)  (55.0295 , 8)  (54.6969 , 3)  (52.0716 , 4)  (50.9435 , 9)  (50.6738 , 1)  (48.1759 , 7)  (47.5097 , 6)  (43.8489 , 5)  
