 -------------------353------------
(95.8266 , 9)  (62.5202 , 7)  (54.3165 , 4)  (52.9254 , 2)  (51.5718 , 5)  (51.3478 , 6)  (49.5772 , 1)  (47.2304 , 8)  (42.4463 , 3)  
(105.06 , 8)  (53.7648 , 5)  (53.4512 , 4)  (51.2322 , 1)  (50.7658 , 3)  (48.3106 , 6)  (47.7097 , 9)  (46.8561 , 7)  (45.5113 , 2)  
(102.38 , 3)  (60.5882 , 6)  (57.126 , 8)  (54.4596 , 4)  (51.7877 , 7)  (49.7766 , 2)  (47.9154 , 5)  (47.5684 , 9)  (45.1851 , 1)  
(90.6191 , 4)  (60.0247 , 9)  (59.1101 , 6)  (58.9509 , 2)  (54.693 , 1)  (52.3039 , 7)  (49.3841 , 5)  (49.0995 , 3)  (38.9083 , 8)  
(105.749 , 6)  (62.594 , 4)  (53.2342 , 5)  (51.1045 , 3)  (50.9012 , 9)  (49.7889 , 1)  (49.522 , 7)  (46.5037 , 2)  (44.2156 , 8)  
(102.322 , 1)  (53.4179 , 3)  (51.8242 , 8)  (51.6008 , 7)  (50.9179 , 9)  (50.6011 , 5)  (50.3718 , 6)  (48.8697 , 2)  (45.8716 , 4)  
(104.053 , 7)  (62.0861 , 6)  (53.1204 , 2)  (52.2427 , 5)  (51.105 , 1)  (49.4926 , 9)  (45.3408 , 3)  (42.3489 , 8)  (41.2995 , 4)  
(105.492 , 5)  (59.6288 , 7)  (53.958 , 2)  (52.2751 , 1)  (47.1973 , 8)  (46.2682 , 6)  (44.3197 , 9)  (42.789 , 4)  (42.5115 , 3)  
(106 , 2)  (55.2977 , 8)  (53.7913 , 4)  (53.085 , 3)  (50.8673 , 9)  (50.5635 , 1)  (47.7562 , 7)  (47.2964 , 6)  (43.3095 , 5)  
