 -------------------641------------
(87.6262 , 8)  (70.0119 , 3)  (66.9846 , 2)  (64.6069 , 6)  (59.4442 , 1)  (58.9044 , 5)  (57.0336 , 7)  (42.5222 , 9)  (33.9817 , 4)  
(103.116 , 3)  (60.8008 , 9)  (58.2598 , 7)  (51.4912 , 2)  (51.275 , 6)  (50.5024 , 1)  (49.8608 , 8)  (49.4381 , 4)  (41.8047 , 5)  
(108.204 , 2)  (53.4097 , 5)  (51.3453 , 7)  (51.3068 , 4)  (51.1748 , 8)  (50.2826 , 1)  (49.2421 , 3)  (48.3252 , 9)  (43.5687 , 6)  
(89.3243 , 4)  (77.1923 , 9)  (57.9054 , 6)  (54.0599 , 7)  (48.8448 , 5)  (48.2732 , 1)  (45.3632 , 8)  (44.253 , 3)  (41.3302 , 2)  
(104.034 , 7)  (57.2188 , 5)  (56.1823 , 6)  (51.9383 , 9)  (47.7367 , 1)  (46.5755 , 4)  (45.8678 , 3)  (45.5994 , 8)  (43.82 , 2)  
(97.0198 , 6)  (55.6507 , 5)  (50.8091 , 4)  (50.3264 , 7)  (50.0517 , 8)  (49.3367 , 1)  (46.9179 , 9)  (45.0941 , 2)  (42.5874 , 3)  
(103.651 , 1)  (59.016 , 3)  (54.3712 , 9)  (52.7069 , 7)  (51.1454 , 6)  (49.5536 , 5)  (49.402 , 4)  (46.2429 , 2)  (43.8818 , 8)  
(105.413 , 5)  (59.4067 , 3)  (57.446 , 4)  (53.1889 , 6)  (52.0289 , 1)  (50.9997 , 2)  (48.6915 , 8)  (47.7978 , 7)  (36.0109 , 9)  
(96.1605 , 9)  (62.5505 , 6)  (57.4015 , 4)  (56.6704 , 7)  (52.0348 , 5)  (51.0583 , 2)  (49.326 , 1)  (49.289 , 8)  (44.0184 , 3)  
