 -------------------515------------
(106.713 , 6)  (54.1089 , 4)  (53.5009 , 2)  (51.36 , 1)  (50.7007 , 8)  (48.49 , 3)  (47.289 , 9)  (46.759 , 7)  (45.1765 , 5)  
(102.774 , 7)  (59.3324 , 3)  (54.9723 , 6)  (54.1651 , 8)  (52.4978 , 4)  (49.1755 , 2)  (46.7034 , 1)  (45.598 , 5)  (41.5792 , 9)  
(103.462 , 3)  (57.7404 , 9)  (54.1599 , 6)  (51.3409 , 7)  (50.3834 , 1)  (49.5226 , 4)  (48.0384 , 2)  (45.2487 , 8)  (43.2264 , 5)  
(87.4521 , 2)  (66.3874 , 1)  (66.2202 , 6)  (59.8885 , 7)  (52.178 , 8)  (51.3306 , 3)  (45.9724 , 5)  (45.5633 , 9)  (40.4131 , 4)  
(103.3 , 4)  (62.2382 , 7)  (56.8747 , 1)  (55.1671 , 2)  (53.8309 , 8)  (50.2929 , 5)  (47.3839 , 3)  (46.1688 , 6)  (35.6872 , 9)  
(86.8891 , 5)  (64.9803 , 3)  (62.7726 , 1)  (55.7983 , 8)  (53.8571 , 9)  (50.6115 , 6)  (49.1339 , 7)  (46.7405 , 2)  (35.8757 , 4)  
(101.723 , 1)  (67.0214 , 7)  (58.3786 , 2)  (52.1358 , 6)  (51.7083 , 9)  (49.8906 , 5)  (41.5502 , 8)  (41.4787 , 4)  (41.1338 , 3)  
(98.4246 , 8)  (68.6698 , 2)  (56.8902 , 4)  (52.8285 , 7)  (49.6509 , 9)  (48.9099 , 3)  (47.018 , 6)  (46.848 , 1)  (34.5894 , 5)  
(97.7274 , 9)  (55.2682 , 4)  (55.0029 , 6)  (53.9143 , 3)  (52.7855 , 2)  (51.8215 , 7)  (51.2122 , 5)  (46.0782 , 1)  (37.9965 , 8)  
