 -------------------781------------
(102.469 , 1)  (60.6321 , 7)  (56.3987 , 6)  (56.1174 , 4)  (52.5719 , 3)  (46.704 , 9)  (46.542 , 2)  (44.8344 , 5)  (41.1446 , 8)  
(87.3154 , 3)  (80.7158 , 7)  (59.952 , 6)  (57.8185 , 5)  (54.9002 , 1)  (49.5797 , 2)  (47.2809 , 4)  (36.2077 , 9)  (30.3693 , 8)  
(78.6221 , 4)  (68.7412 , 2)  (61.8066 , 1)  (61.3821 , 6)  (52.8929 , 5)  (50.0201 , 8)  (49.6171 , 7)  (47.0824 , 9)  (38.2322 , 3)  
(95.6658 , 8)  (65.5045 , 9)  (59.7631 , 6)  (59.5127 , 3)  (57.4428 , 2)  (50.0277 , 7)  (46.3893 , 4)  (43.7883 , 1)  (38.6124 , 5)  
(98.5401 , 6)  (59.1749 , 4)  (57.1261 , 3)  (55.7187 , 1)  (53.0668 , 2)  (51.4357 , 7)  (49.0763 , 5)  (47.4356 , 9)  (37.0725 , 8)  
(102.112 , 2)  (67.6439 , 3)  (57.2295 , 5)  (55.9113 , 1)  (50.9863 , 9)  (49.0912 , 4)  (48.668 , 7)  (37.9041 , 6)  (35.8197 , 8)  
(103.742 , 5)  (60.8066 , 3)  (54.698 , 7)  (51.716 , 2)  (51.0041 , 6)  (49.9847 , 9)  (47.1578 , 1)  (42.5022 , 8)  (41.1073 , 4)  
(98.9031 , 7)  (62.4992 , 1)  (58.0205 , 2)  (54.2274 , 3)  (53.5993 , 9)  (53.2848 , 6)  (47.9558 , 8)  (42.0988 , 4)  (38.7358 , 5)  
(79.4611 , 5)  (76.0405 , 9)  (59.2424 , 2)  (53.957 , 4)  (53.9357 , 6)  (53.594 , 7)  (46.4159 , 1)  (44.4536 , 3)  (39.2161 , 8)  
