 -------------------431------------
(99.5682 , 5)  (62.3608 , 8)  (57.7262 , 3)  (54.0927 , 7)  (52.2972 , 1)  (51.4851 , 4)  (47.9009 , 2)  (46.4202 , 6)  (44.3879 , 9)  
(92.2941 , 2)  (75.3685 , 7)  (54.5976 , 6)  (53.7718 , 1)  (51.9279 , 9)  (48.3241 , 8)  (46.9636 , 5)  (46.8349 , 4)  (40.0727 , 3)  
(105.208 , 7)  (57.3203 , 6)  (53.8797 , 9)  (50.8093 , 5)  (48.209 , 1)  (46.8465 , 3)  (46.4799 , 8)  (46.0855 , 4)  (43.358 , 2)  
(85.0269 , 3)  (77.057 , 7)  (61.1317 , 5)  (56.2997 , 1)  (55.5049 , 6)  (51.4024 , 2)  (48.1489 , 4)  (34.188 , 9)  (32.8759 , 8)  
(102.664 , 1)  (57.2279 , 6)  (54.481 , 5)  (51.784 , 7)  (51.6523 , 3)  (50.8419 , 2)  (50.339 , 4)  (44.5794 , 8)  (42.6516 , 9)  
(107.097 , 8)  (62.1016 , 6)  (54.4279 , 3)  (51.9667 , 1)  (50.9236 , 7)  (47.8629 , 4)  (45.5281 , 9)  (40.8617 , 2)  (37.1095 , 5)  
(96.164 , 6)  (58.0206 , 8)  (56.8698 , 2)  (55.7439 , 5)  (53.0081 , 4)  (51.6094 , 1)  (50.7811 , 9)  (45.1018 , 7)  (43.102 , 3)  
(98.0045 , 9)  (56.5676 , 7)  (56.4104 , 6)  (55.6276 , 8)  (53.0021 , 1)  (50.2152 , 4)  (49.8452 , 2)  (47.4316 , 3)  (44.3956 , 5)  
(106.951 , 4)  (62.0456 , 2)  (57.1846 , 1)  (55.4876 , 7)  (52.0278 , 8)  (46.7731 , 5)  (42.2222 , 3)  (40.0271 , 6)  (37.5519 , 9)  
