 -------------------287------------
(102.406 , 5)  (70.7477 , 9)  (59.3088 , 4)  (55.0227 , 6)  (47.6477 , 1)  (44.6554 , 2)  (43.607 , 3)  (42.4066 , 7)  (37.3821 , 8)  
(107.962 , 6)  (53.7114 , 2)  (51.6452 , 4)  (50.8909 , 8)  (49.0138 , 7)  (48.8943 , 3)  (47.5942 , 9)  (46.0404 , 5)  (44.7577 , 1)  
(98.4513 , 2)  (55.9316 , 9)  (54.2603 , 3)  (53.6191 , 7)  (49.91 , 1)  (49.4527 , 8)  (49.3063 , 5)  (49.2426 , 6)  (46.1675 , 4)  
(97.0758 , 9)  (60.5682 , 4)  (57.936 , 7)  (53.9304 , 1)  (51.0063 , 6)  (47.4037 , 8)  (44.731 , 3)  (44.2776 , 2)  (42.1469 , 5)  
(98.5827 , 3)  (61.8476 , 7)  (56.4465 , 8)  (54.8226 , 2)  (54.5202 , 6)  (52.4414 , 1)  (48.2475 , 4)  (46.8956 , 5)  (37.549 , 9)  
(98.1353 , 8)  (66.1125 , 9)  (63.3633 , 7)  (57.7608 , 6)  (57.495 , 3)  (51.4778 , 1)  (43.5304 , 4)  (42.1339 , 2)  (35.6727 , 5)  
(105.779 , 4)  (59.4344 , 6)  (55.5529 , 2)  (53.2667 , 3)  (52.6317 , 1)  (46.933 , 8)  (45.7902 , 7)  (42.6826 , 9)  (36.3051 , 5)  
(100.349 , 1)  (61.4187 , 6)  (60.0821 , 7)  (52.0395 , 2)  (51.9256 , 5)  (50.5922 , 9)  (50.1145 , 4)  (49.8596 , 8)  (37.8905 , 3)  
(107.541 , 7)  (61.9256 , 5)  (60.1669 , 3)  (56.1109 , 6)  (50.5803 , 1)  (49.7565 , 8)  (43.4785 , 4)  (36.3488 , 9)  (28.674 , 2)  
