 -------------------331------------
(98.273 , 2)  (59.7863 , 1)  (57.4182 , 3)  (51.7753 , 5)  (51.5792 , 9)  (48.8759 , 4)  (45.4255 , 7)  (45.4104 , 8)  (44.4967 , 6)  
(106.788 , 7)  (54.0424 , 9)  (52.8048 , 8)  (49.3359 , 4)  (48.8945 , 1)  (48.182 , 2)  (47.6518 , 6)  (46.3329 , 3)  (44.0306 , 5)  
(99.3578 , 1)  (78.4648 , 7)  (56.822 , 4)  (50.4551 , 6)  (48.5936 , 5)  (48.5526 , 9)  (46.8137 , 2)  (41.5984 , 3)  (41.3056 , 8)  
(90.7417 , 4)  (72.1684 , 6)  (58.9966 , 7)  (51.9471 , 8)  (51.441 , 3)  (50.8165 , 1)  (48.2505 , 9)  (47.2792 , 2)  (42.8908 , 5)  
(100.408 , 5)  (57.1165 , 6)  (53.5984 , 7)  (53.1744 , 9)  (50.6943 , 4)  (49.5646 , 2)  (49.4335 , 1)  (48.8766 , 3)  (47.0583 , 8)  
(106.659 , 6)  (55.6419 , 3)  (50.0902 , 4)  (49.7489 , 9)  (49.1387 , 5)  (48.4654 , 8)  (48.1156 , 7)  (47.3596 , 2)  (47.2899 , 1)  
(100.537 , 8)  (57.4786 , 6)  (56.186 , 9)  (52.6277 , 1)  (52.2275 , 4)  (51.108 , 7)  (50.0795 , 2)  (48.968 , 3)  (44.6604 , 5)  
(96.7036 , 9)  (56.538 , 7)  (53.143 , 4)  (52.0701 , 1)  (51.3208 , 5)  (50.2198 , 6)  (49.991 , 2)  (48.7667 , 8)  (43.6177 , 3)  
(78.0518 , 3)  (62.8614 , 8)  (60.664 , 5)  (59.1233 , 2)  (56.4744 , 7)  (55.8155 , 4)  (50.581 , 6)  (48.29 , 9)  (47.6887 , 1)  
