 -------------------835------------
(72.1486 , 5)  (70.6002 , 3)  (66.1949 , 2)  (61.3998 , 7)  (54.961 , 6)  (52.9478 , 8)  (51.1088 , 9)  (48.0576 , 1)  (45.3391 , 4)  
(100.226 , 8)  (59.0161 , 1)  (57.2316 , 7)  (53.0242 , 3)  (52.8818 , 6)  (52.6323 , 9)  (49.3492 , 2)  (45.7002 , 5)  (44.3141 , 4)  
(108.87 , 7)  (49.9883 , 4)  (49.6245 , 6)  (49.5033 , 9)  (49.2297 , 2)  (48.9334 , 8)  (47.5634 , 1)  (46.4818 , 3)  (45.0553 , 5)  
(98.3574 , 4)  (69.2159 , 6)  (65.3036 , 2)  (57.4742 , 5)  (49.3675 , 9)  (47.7112 , 7)  (46.0212 , 1)  (37.3583 , 3)  (32.3067 , 8)  
(96.4532 , 2)  (61.3921 , 3)  (59.2615 , 7)  (55.8339 , 9)  (49.6385 , 8)  (48.499 , 1)  (47.5544 , 6)  (46.4102 , 5)  (46.0866 , 4)  
(97.8072 , 3)  (67.5844 , 8)  (56.7259 , 9)  (55.7866 , 5)  (52.5915 , 7)  (52.2179 , 4)  (49.583 , 2)  (48.474 , 1)  (47.8235 , 6)  
(96.7264 , 6)  (78.0132 , 8)  (58.6922 , 1)  (57.9877 , 5)  (52.8553 , 4)  (52.338 , 7)  (48.2299 , 3)  (38.5454 , 9)  (38.056 , 2)  
(84.2076 , 9)  (68.4543 , 4)  (59.2562 , 2)  (57.551 , 7)  (51.6827 , 1)  (51.669 , 6)  (51.1878 , 5)  (44.0335 , 8)  (38.0141 , 3)  
(104.201 , 1)  (57.0451 , 7)  (51.7059 , 2)  (49.8821 , 8)  (49.1646 , 4)  (47.7994 , 9)  (47.5437 , 5)  (46.3677 , 3)  (42.957 , 6)  
