 -------------------817------------
(100.858 , 8)  (57.918 , 1)  (57.6525 , 6)  (56.7331 , 7)  (52.4651 , 9)  (48.7762 , 3)  (47.399 , 2)  (41.5112 , 4)  (37.3818 , 5)  
(102.199 , 1)  (63.2045 , 7)  (55.0639 , 2)  (53.0527 , 6)  (52.462 , 5)  (49.3623 , 9)  (46.4954 , 3)  (43.297 , 4)  (42.6656 , 8)  
(94.379 , 9)  (71.2066 , 7)  (65.5014 , 6)  (53.3667 , 1)  (53.0598 , 3)  (47.1886 , 8)  (45.6385 , 2)  (41.7619 , 5)  (39.8256 , 4)  
(99.8994 , 4)  (61.6205 , 7)  (53.6714 , 3)  (53.108 , 1)  (52.7228 , 6)  (52.6729 , 9)  (52.2891 , 2)  (48.7919 , 5)  (35.666 , 8)  
(88.4628 , 3)  (66.9781 , 9)  (62.9361 , 7)  (61.6004 , 1)  (54.8166 , 6)  (53.7393 , 2)  (46.7687 , 4)  (45.789 , 5)  (36.3229 , 8)  
(80.2825 , 7)  (79.5029 , 1)  (62.2634 , 9)  (57.3461 , 5)  (55.4002 , 2)  (52.5937 , 6)  (52.0632 , 4)  (44.6681 , 3)  (40.0181 , 8)  
(80.2135 , 2)  (72.4857 , 8)  (62.7354 , 1)  (61.5307 , 3)  (50.3219 , 6)  (47.4544 , 9)  (46.6363 , 5)  (44.6416 , 7)  (41.7433 , 4)  
(96.7507 , 5)  (77.6665 , 3)  (59.6712 , 7)  (56.1036 , 6)  (54.6609 , 2)  (51.5919 , 4)  (45.5994 , 9)  (42.6976 , 1)  (32.9165 , 8)  
(98.8697 , 6)  (70.4098 , 5)  (59.7569 , 8)  (53.0241 , 4)  (51.0144 , 1)  (49.464 , 7)  (48.1768 , 3)  (46.495 , 2)  (41.3195 , 9)  
