 -------------------499------------
(96.4487 , 9)  (57.25 , 6)  (55.231 , 4)  (54.5413 , 7)  (52.8733 , 2)  (51.353 , 8)  (49.3891 , 1)  (47.6002 , 5)  (42.9572 , 3)  
(96.6309 , 6)  (69.8225 , 8)  (62.7271 , 4)  (58.8172 , 5)  (58.3964 , 2)  (52.175 , 7)  (51.6419 , 1)  (48.264 , 3)  (26.4804 , 9)  
(95.1565 , 8)  (61.3436 , 2)  (61.213 , 4)  (59.2649 , 9)  (55.4488 , 1)  (52.6468 , 7)  (50.5126 , 3)  (48.7505 , 6)  (36.6368 , 5)  
(107.328 , 7)  (59.4523 , 1)  (53.6943 , 9)  (52.1835 , 3)  (51.4577 , 6)  (46.265 , 2)  (43.7192 , 8)  (41.7009 , 4)  (40.359 , 5)  
(100.341 , 1)  (61.5485 , 7)  (56.3691 , 5)  (55.7277 , 2)  (50.9423 , 8)  (48.5125 , 6)  (48.2244 , 9)  (48.0751 , 3)  (40.9357 , 4)  
(91.4078 , 3)  (66.177 , 9)  (58.2623 , 2)  (55.4974 , 8)  (54.4428 , 7)  (50.652 , 4)  (48.7716 , 6)  (46.8413 , 1)  (45.4906 , 5)  
(82.8827 , 5)  (70.1557 , 9)  (70.1253 , 6)  (59.0358 , 3)  (50.7175 , 8)  (47.1263 , 1)  (45.1885 , 2)  (44.07 , 7)  (38.3572 , 4)  
(103.224 , 4)  (64.4278 , 6)  (57.4337 , 7)  (54.4604 , 2)  (50.0165 , 5)  (49.2135 , 3)  (47.1937 , 8)  (42.5561 , 9)  (41.8747 , 1)  
(96.2126 , 2)  (64.3857 , 1)  (60.3197 , 9)  (52.5521 , 3)  (49.8649 , 8)  (46.7778 , 5)  (43.6251 , 7)  (43.3093 , 4)  (42.173 , 6)  
