 -------------------631------------
(88.4349 , 8)  (67.6546 , 2)  (66.2692 , 3)  (66.095 , 6)  (57.5098 , 5)  (57.1937 , 1)  (55.8493 , 7)  (43.6568 , 9)  (29.8771 , 4)  
(103.136 , 3)  (60.538 , 9)  (57.7426 , 7)  (52.0621 , 6)  (51.4529 , 8)  (50.9638 , 2)  (50.5903 , 1)  (48.4873 , 4)  (41.6147 , 5)  
(108.45 , 2)  (52.9765 , 5)  (52.5873 , 9)  (51.3225 , 1)  (51.2384 , 7)  (48.4691 , 3)  (48.3632 , 8)  (46.5358 , 4)  (43.8847 , 6)  
(87.3697 , 4)  (74.3185 , 9)  (55.1736 , 6)  (54.7538 , 7)  (49.068 , 5)  (48.6997 , 1)  (48.3253 , 8)  (45.9265 , 3)  (42.6935 , 2)  
(104.053 , 7)  (56.6066 , 5)  (56.4027 , 6)  (52.1767 , 9)  (48.1425 , 1)  (46.0208 , 3)  (45.9179 , 8)  (45.1616 , 4)  (43.343 , 2)  
(96.9443 , 6)  (55.8503 , 5)  (50.3088 , 4)  (50.1524 , 8)  (50.1274 , 7)  (48.908 , 1)  (47.3835 , 9)  (45.0128 , 2)  (42.2702 , 3)  
(103.66 , 1)  (59.2379 , 3)  (54.4567 , 9)  (52.3292 , 7)  (51.0363 , 6)  (49.8214 , 5)  (49.5285 , 4)  (46.1564 , 2)  (43.4919 , 8)  
(105.233 , 5)  (59.287 , 3)  (57.3092 , 4)  (53.6487 , 6)  (52.2809 , 1)  (50.6037 , 2)  (49.0264 , 8)  (47.5256 , 7)  (36.1792 , 9)  
(96.7138 , 9)  (62.6663 , 6)  (55.8875 , 4)  (55.6891 , 7)  (53.473 , 5)  (52.0115 , 2)  (49.0033 , 1)  (48.9004 , 8)  (43.3869 , 3)  
