 -------------------84------------
(97.6306 , 4)  (72.5865 , 7)  (64.6943 , 5)  (58.5653 , 2)  (48.5143 , 6)  (43.2658 , 8)  (42.5333 , 1)  (40.5584 , 3)  (36.4804 , 9)  
(94.0395 , 8)  (63.3833 , 1)  (55.8149 , 3)  (53.3143 , 4)  (52.6959 , 5)  (50.9652 , 7)  (49.4922 , 2)  (45.3174 , 9)  (43.2778 , 6)  
(101.016 , 2)  (59.5644 , 1)  (55.6129 , 3)  (51.6666 , 8)  (50.476 , 5)  (48.8276 , 4)  (47.9904 , 7)  (47.9622 , 6)  (47.0992 , 9)  
(106.97 , 7)  (55.4976 , 6)  (51.2254 , 9)  (50.2499 , 5)  (50.2486 , 2)  (49.6814 , 1)  (48.1302 , 3)  (46.9935 , 4)  (44.1399 , 8)  
(102.77 , 3)  (60.8624 , 2)  (57.8855 , 7)  (54.5641 , 9)  (54.045 , 6)  (53.8311 , 8)  (48.2307 , 1)  (38.6346 , 5)  (35.8106 , 4)  
(104.944 , 1)  (53.6365 , 6)  (52.6435 , 7)  (51.9759 , 9)  (51.4159 , 3)  (48.6099 , 5)  (48.4625 , 8)  (42.9143 , 2)  (39.8975 , 4)  
(103.386 , 6)  (54.3533 , 7)  (51.7415 , 5)  (50.131 , 2)  (49.4816 , 8)  (48.1737 , 4)  (47.7063 , 9)  (46.2805 , 1)  (45.7834 , 3)  
(95.413 , 9)  (62.1274 , 6)  (61.6261 , 7)  (51.6625 , 3)  (50.461 , 8)  (49.8487 , 2)  (48.8148 , 5)  (44.7923 , 1)  (36.054 , 4)  
(99.6043 , 5)  (57.6638 , 6)  (56.0787 , 2)  (51.7429 , 9)  (49.0407 , 8)  (48.128 , 7)  (45.1873 , 1)  (44.1997 , 4)  (42.2314 , 3)  
