 -------------------309------------
(96.4569 , 9)  (59.4323 , 4)  (59.1234 , 2)  (52.077 , 6)  (51.3944 , 8)  (48.0827 , 5)  (45.4129 , 1)  (44.6864 , 7)  (42.3289 , 3)  
(98.3583 , 8)  (61.4353 , 7)  (56.8674 , 9)  (56.1433 , 2)  (53.3319 , 1)  (53.0463 , 6)  (49.0901 , 4)  (45.1503 , 3)  (43.7206 , 5)  
(104.751 , 7)  (58.0084 , 9)  (50.6275 , 6)  (50.0413 , 1)  (50.0137 , 2)  (48.8655 , 3)  (48.6975 , 4)  (47.8385 , 8)  (38.6179 , 5)  
(95.7073 , 1)  (67.6996 , 7)  (61.5446 , 6)  (49.3933 , 8)  (48.8994 , 5)  (48.3968 , 2)  (46.8247 , 9)  (46.2807 , 4)  (44.5085 , 3)  
(104.27 , 2)  (57.8918 , 9)  (54.6829 , 3)  (51.9687 , 7)  (51.465 , 1)  (48.6931 , 5)  (48.5379 , 8)  (48.0651 , 4)  (45.2387 , 6)  
(78.9007 , 6)  (77.6757 , 1)  (61.8411 , 8)  (55.6545 , 2)  (51.3154 , 3)  (50.7219 , 9)  (49.9537 , 7)  (49.032 , 5)  (46.238 , 4)  
(102.605 , 3)  (52.442 , 4)  (51.0535 , 7)  (50.4804 , 6)  (50.2754 , 1)  (49.309 , 2)  (46.1506 , 5)  (45.6296 , 8)  (44.5813 , 9)  
(93.039 , 4)  (69.5002 , 6)  (58.0413 , 8)  (57.375 , 7)  (55.2216 , 1)  (48.5441 , 9)  (47.4658 , 3)  (44.8831 , 2)  (43.4655 , 5)  
(89.3007 , 5)  (69.4332 , 3)  (60.905 , 9)  (59.7245 , 8)  (49.6256 , 6)  (48.8913 , 2)  (45.3852 , 1)  (41.3061 , 7)  (39.8963 , 4)  
