 -------------------905------------
(85.0412 , 3)  (73.106 , 7)  (60.0194 , 2)  (59.2592 , 4)  (52.1477 , 5)  (50.3977 , 9)  (48.8248 , 8)  (47.6942 , 6)  (42.7583 , 1)  
(87.6931 , 9)  (63.9174 , 6)  (60.3474 , 7)  (53.5875 , 1)  (52.8432 , 4)  (51.9454 , 3)  (48.6509 , 8)  (48.5883 , 2)  (44.938 , 5)  
(99.8366 , 4)  (74.1701 , 6)  (57.7283 , 7)  (54.7769 , 2)  (49.0889 , 9)  (47.8264 , 1)  (46.5042 , 8)  (46.1159 , 5)  (44.0646 , 3)  
(92.3758 , 6)  (61.1612 , 2)  (58.3548 , 5)  (57.8751 , 8)  (55.0019 , 4)  (52.7969 , 1)  (49.5248 , 9)  (47.7049 , 7)  (41.9558 , 3)  
(94.3335 , 5)  (66.0678 , 6)  (63.8828 , 3)  (61.9817 , 8)  (57.6006 , 1)  (52.5109 , 4)  (44.9222 , 7)  (38.6776 , 2)  (30.5184 , 9)  
(94.0185 , 8)  (60.8099 , 2)  (56.8929 , 9)  (56.3401 , 4)  (53.1698 , 1)  (51.6283 , 7)  (51.0535 , 6)  (49.2502 , 3)  (39.1929 , 5)  
(102.62 , 2)  (63.2184 , 7)  (56.1674 , 3)  (53.0126 , 8)  (52.8759 , 6)  (50.7578 , 4)  (48.5943 , 5)  (46.6903 , 9)  (41.7124 , 1)  
(105.597 , 1)  (55.0225 , 7)  (51.7949 , 3)  (50.3235 , 4)  (50.2865 , 6)  (48.1212 , 5)  (47.8835 , 9)  (46.2857 , 8)  (46.0767 , 2)  
(94.018 , 7)  (64.9187 , 2)  (61.321 , 4)  (56.0814 , 6)  (56.0169 , 3)  (54.4716 , 9)  (46.9646 , 8)  (46.0582 , 5)  (41.5119 , 1)  
