 -------------------1000------------
(90.3802 , 2)  (62.9653 , 3)  (60.5089 , 6)  (56.1855 , 1)  (51.7864 , 8)  (48.0797 , 7)  (47.6651 , 5)  (47.506 , 4)  (43.6216 , 9)  
(107.054 , 3)  (55.6988 , 2)  (51.8133 , 6)  (48.6083 , 9)  (47.7656 , 5)  (47.3758 , 1)  (46.2342 , 4)  (45.4591 , 7)  (41.0559 , 8)  
(95.2283 , 4)  (70.0593 , 6)  (56.6755 , 5)  (52.3719 , 9)  (51.9341 , 2)  (46.7733 , 7)  (46.5295 , 1)  (45.1918 , 3)  (40.3144 , 8)  
(101.521 , 1)  (58.1591 , 7)  (54.3559 , 6)  (53.2033 , 9)  (52.9693 , 3)  (52.217 , 4)  (50.3348 , 5)  (47.6554 , 2)  (42.8203 , 8)  
(85.6556 , 5)  (66.9791 , 6)  (60.2022 , 8)  (58.6583 , 1)  (57.2861 , 3)  (48.2002 , 9)  (45.5068 , 4)  (45.3298 , 7)  (39.7068 , 2)  
(93.2109 , 9)  (65.7734 , 5)  (63.4424 , 6)  (59.9562 , 7)  (51.0115 , 4)  (48.8779 , 2)  (47.8649 , 1)  (46.6069 , 8)  (44.2112 , 3)  
(106.227 , 8)  (60.1853 , 6)  (55.5872 , 1)  (52.9017 , 7)  (50.8274 , 3)  (45.9095 , 9)  (43.713 , 2)  (43.3713 , 4)  (40.9685 , 5)  
(100.316 , 6)  (67.4812 , 8)  (56.624 , 4)  (55.5187 , 1)  (54.421 , 5)  (49.179 , 7)  (47.0037 , 3)  (45.2032 , 2)  (40.4054 , 9)  
(86.2706 , 7)  (64.4791 , 9)  (59.5842 , 2)  (56.7484 , 8)  (55.954 , 6)  (54.5215 , 1)  (51.85 , 5)  (43.7138 , 3)  (40.8849 , 4)  
