 -------------------61------------
(96.1726 , 2)  (64.0356 , 1)  (57.7084 , 8)  (56.8317 , 6)  (55.8249 , 3)  (46.3886 , 9)  (41.9409 , 7)  (39.4386 , 4)  (35.2783 , 5)  
(96.4062 , 6)  (57.5791 , 3)  (55.4166 , 4)  (52.6591 , 1)  (47.3131 , 7)  (46.6115 , 5)  (44.4236 , 8)  (40.1372 , 9)  (37.4576 , 2)  
(106.562 , 7)  (62.8059 , 6)  (57.5832 , 4)  (49.6013 , 5)  (46.5706 , 9)  (46.0705 , 1)  (45.7284 , 2)  (45.0693 , 3)  (40.2689 , 8)  
(101.591 , 5)  (65.5756 , 6)  (62.7604 , 2)  (55.5286 , 4)  (49.7735 , 3)  (48.4683 , 7)  (47.5576 , 1)  (46.142 , 9)  (43.0692 , 8)  
(92.5175 , 8)  (62.3162 , 2)  (58.4705 , 9)  (53.2507 , 1)  (53.2344 , 4)  (51.0415 , 7)  (49.8257 , 6)  (48.8427 , 3)  (39.4908 , 5)  
(74.3341 , 4)  (66.3564 , 1)  (56.3359 , 5)  (56.1853 , 6)  (54.2149 , 9)  (52.0254 , 2)  (47.4804 , 7)  (46.9083 , 8)  (42.1084 , 3)  
(87.9787 , 3)  (66.871 , 7)  (63.1415 , 9)  (57.8879 , 4)  (54.5651 , 2)  (53.9671 , 8)  (50.6605 , 5)  (48.7126 , 1)  (46.0751 , 6)  
(102.373 , 1)  (60.8527 , 7)  (55.2273 , 3)  (51.9594 , 6)  (49.4142 , 4)  (49.3184 , 8)  (47.0385 , 2)  (46.8335 , 9)  (46.1487 , 5)  
(94.8191 , 9)  (56.9 , 4)  (55.8436 , 7)  (54.9258 , 6)  (54.453 , 3)  (50.0998 , 2)  (48.6006 , 1)  (47.7034 , 8)  (46.8395 , 5)  
