 -------------------469------------
(106.016 , 7)  (60.2613 , 6)  (53.921 , 4)  (49.1453 , 1)  (48.8333 , 5)  (47.9914 , 9)  (47.1279 , 8)  (46.4202 , 3)  (40.5307 , 2)  
(98.6439 , 4)  (58.2082 , 2)  (57.7624 , 7)  (53.5995 , 5)  (53.2814 , 1)  (52.4646 , 9)  (51.2144 , 6)  (50.997 , 3)  (40.5338 , 8)  
(99.5001 , 6)  (62.4313 , 4)  (61.0719 , 9)  (54.799 , 8)  (53.2006 , 7)  (51.3971 , 2)  (43.7797 , 3)  (42.9106 , 1)  (36.6173 , 5)  
(100.745 , 1)  (58.9548 , 7)  (56.1478 , 2)  (52.8927 , 6)  (52.363 , 5)  (47.4057 , 9)  (47.2166 , 4)  (46.3647 , 3)  (44.5734 , 8)  
(74.2882 , 5)  (70.39 , 9)  (59.3423 , 4)  (58.486 , 6)  (55.2938 , 1)  (52.6778 , 3)  (52.393 , 8)  (47.75 , 2)  (45.492 , 7)  
(95.5869 , 2)  (62.8796 , 9)  (60.4366 , 7)  (55.758 , 3)  (51.5913 , 5)  (49.989 , 8)  (48.829 , 1)  (48.146 , 6)  (42.675 , 4)  
(106.781 , 8)  (56.1737 , 3)  (53.3717 , 4)  (51.711 , 2)  (51.6776 , 5)  (50.623 , 7)  (49.3254 , 6)  (48.8334 , 9)  (46.0976 , 1)  
(84.2373 , 5)  (67.307 , 3)  (64.9446 , 6)  (58.4629 , 1)  (57.6955 , 4)  (52.4575 , 8)  (46.194 , 7)  (43.3051 , 9)  (41.2606 , 2)  
(100.899 , 3)  (58.0607 , 5)  (56.0102 , 9)  (55.8111 , 6)  (53.1568 , 1)  (48.3612 , 7)  (46.6086 , 8)  (43.8749 , 2)  (43.8294 , 4)  
