 -------------------197------------
(102.003 , 3)  (65.4571 , 5)  (57.603 , 6)  (54.2556 , 2)  (51.8265 , 1)  (51.0427 , 7)  (50.1919 , 4)  (47.9434 , 8)  (47.1831 , 9)  
(101.098 , 8)  (57.0734 , 9)  (56.8379 , 3)  (52.218 , 6)  (51.2812 , 4)  (48.5316 , 7)  (47.5615 , 2)  (46.0969 , 1)  (44.2879 , 5)  
(88.0035 , 1)  (60.8106 , 2)  (57.9847 , 4)  (56.2777 , 7)  (52.2268 , 9)  (51.8456 , 3)  (50.5228 , 8)  (49.9509 , 5)  (46.1288 , 6)  
(101.141 , 4)  (74.4283 , 6)  (58.1949 , 9)  (57.943 , 7)  (53.2587 , 1)  (50.8815 , 3)  (43.8171 , 8)  (41.5349 , 5)  (41.5287 , 2)  
(107.947 , 7)  (58.7889 , 6)  (53.9067 , 9)  (51.8747 , 2)  (49.8525 , 1)  (48.4091 , 4)  (44.1885 , 5)  (41.8157 , 8)  (41.4548 , 3)  
(98.1545 , 9)  (58.0306 , 7)  (54.2765 , 2)  (53.6374 , 4)  (52.1456 , 1)  (50.3892 , 5)  (49.8479 , 6)  (49.671 , 3)  (42.259 , 8)  
(103.714 , 6)  (56.5255 , 1)  (55.7623 , 4)  (51.0216 , 3)  (50.0245 , 5)  (49.3157 , 7)  (48.4606 , 9)  (44.3428 , 2)  (43.6077 , 8)  
(108.133 , 2)  (60.9855 , 1)  (56.8292 , 9)  (52.868 , 6)  (51.3969 , 7)  (46.4077 , 3)  (44.7734 , 8)  (43.6545 , 5)  (35.6453 , 4)  
(97.8974 , 5)  (66.2183 , 3)  (59.5549 , 6)  (57.7219 , 9)  (55.045 , 1)  (50.2485 , 7)  (44.1748 , 2)  (42.4085 , 8)  (40.6062 , 4)  
