 -------------------814------------
(102.639 , 8)  (57.893 , 7)  (56.5441 , 1)  (54.5887 , 6)  (51.3237 , 3)  (50.4516 , 2)  (46.8175 , 4)  (45.1891 , 9)  (36.2234 , 5)  
(102.184 , 1)  (62.7342 , 7)  (54.837 , 2)  (53.1471 , 6)  (52.6165 , 5)  (49.2173 , 9)  (46.4718 , 3)  (43.0388 , 4)  (42.755 , 8)  
(94.6623 , 9)  (71.0512 , 7)  (65.7616 , 6)  (53.316 , 1)  (52.9952 , 3)  (47.3733 , 8)  (45.6253 , 2)  (41.4581 , 5)  (39.5886 , 4)  
(99.6861 , 4)  (61.5593 , 7)  (53.622 , 3)  (53.0218 , 1)  (52.7875 , 9)  (52.5469 , 2)  (52.4167 , 6)  (49.0886 , 5)  (35.7053 , 8)  
(88.4628 , 3)  (66.9781 , 9)  (62.9361 , 7)  (61.6004 , 1)  (54.8166 , 6)  (53.7393 , 2)  (46.7687 , 4)  (45.789 , 5)  (36.3229 , 8)  
(80.074 , 7)  (79.9703 , 1)  (62.0973 , 9)  (57.4341 , 5)  (55.285 , 2)  (52.5319 , 6)  (52.0642 , 4)  (44.8468 , 3)  (39.9106 , 8)  
(80.5276 , 2)  (72.8287 , 8)  (62.0196 , 3)  (60.8612 , 1)  (51.8237 , 6)  (46.3273 , 5)  (46.2622 , 7)  (46.0912 , 9)  (41.4849 , 4)  
(97.0857 , 5)  (77.6437 , 3)  (59.5676 , 7)  (55.9604 , 6)  (54.6707 , 2)  (52.0119 , 4)  (46.0836 , 9)  (42.4075 , 1)  (32.8001 , 8)  
(98.5316 , 6)  (72.2815 , 5)  (60.0257 , 8)  (54.1861 , 4)  (51.1504 , 3)  (50.4382 , 7)  (48.1846 , 1)  (45.6928 , 2)  (38.4877 , 9)  
