 -------------------1075------------
(101.843 , 3)  (63.6056 , 7)  (57.2515 , 6)  (57.0162 , 1)  (55.0987 , 2)  (53.6428 , 9)  (47.433 , 8)  (41.6779 , 4)  (41.607 , 5)  
(103.703 , 7)  (55.4383 , 9)  (53.6339 , 3)  (53.2448 , 1)  (52.7188 , 6)  (52.2657 , 2)  (48.0759 , 5)  (44.355 , 4)  (39.3248 , 8)  
(94.4674 , 2)  (62.8739 , 3)  (57.3713 , 9)  (56.2657 , 1)  (52.3645 , 6)  (50.6248 , 8)  (48.4202 , 7)  (43.7359 , 5)  (39.7453 , 4)  
(85.4522 , 9)  (67.3449 , 5)  (67.0117 , 7)  (61.6395 , 6)  (53.0776 , 2)  (51.6628 , 1)  (51.2301 , 3)  (47.9339 , 4)  (38.8765 , 8)  
(96.0855 , 4)  (69.6569 , 6)  (65.2597 , 7)  (54.3516 , 1)  (51.0315 , 3)  (47.8165 , 2)  (44.4417 , 9)  (44.0819 , 5)  (42.4577 , 8)  
(104.745 , 1)  (59.8857 , 7)  (51.9923 , 4)  (49.4118 , 3)  (49.4036 , 6)  (48.7161 , 9)  (47.9594 , 5)  (47.1371 , 2)  (45.8618 , 8)  
(103.629 , 6)  (68.4526 , 8)  (51.8715 , 7)  (50.9154 , 1)  (50.8023 , 4)  (50.2312 , 5)  (48.0445 , 3)  (39.4362 , 9)  (36.9327 , 2)  
(92.9671 , 8)  (57.2635 , 3)  (54.8271 , 5)  (54.1603 , 4)  (54.0306 , 7)  (53.8458 , 6)  (51.9898 , 1)  (50.2494 , 9)  (48.5096 , 2)  
(91.7289 , 5)  (57.3571 , 1)  (54.6235 , 3)  (53.0918 , 4)  (50.2962 , 8)  (49.7945 , 6)  (49.4722 , 9)  (49.2568 , 7)  (47.2054 , 2)  
