 -------------------168------------
(92.8463 , 8)  (67.4447 , 3)  (63.6692 , 2)  (62.8733 , 9)  (56.1042 , 6)  (52.5683 , 4)  (51.3333 , 7)  (44.7279 , 1)  (36.4171 , 5)  
(93.8177 , 3)  (71.7225 , 9)  (61.505 , 2)  (57.1295 , 7)  (53.4501 , 1)  (50.5282 , 4)  (49.304 , 6)  (48.6989 , 8)  (37.1541 , 5)  
(93.6562 , 9)  (65.3228 , 6)  (61.0544 , 5)  (58.1736 , 7)  (50.6517 , 1)  (50.4908 , 8)  (49.7718 , 4)  (44.9517 , 2)  (41.3824 , 3)  
(87.3847 , 5)  (82.6373 , 8)  (73.6354 , 6)  (58.6255 , 3)  (45.854 , 9)  (43.9125 , 1)  (42.5965 , 2)  (41.4386 , 7)  (41.1709 , 4)  
(76.4218 , 4)  (62.2165 , 9)  (57.158 , 6)  (55.5062 , 7)  (53.6724 , 1)  (52.5689 , 5)  (51.9576 , 2)  (50.6408 , 8)  (46.1541 , 3)  
(94.3094 , 6)  (64.2977 , 3)  (54.6074 , 7)  (53.4842 , 5)  (51.1881 , 8)  (48.7942 , 1)  (45.7242 , 4)  (41.6625 , 9)  (38.3897 , 2)  
(106.019 , 7)  (53.601 , 6)  (52.221 , 4)  (51.6517 , 9)  (49.3004 , 5)  (48.3517 , 1)  (47.4852 , 3)  (46.5135 , 8)  (45.8334 , 2)  
(101.254 , 1)  (60.996 , 7)  (57.5359 , 4)  (49.7944 , 2)  (49.7125 , 6)  (48.2246 , 3)  (47.7371 , 5)  (46.0954 , 9)  (45.335 , 8)  
(105.261 , 2)  (71.5207 , 1)  (55.9035 , 9)  (52.6153 , 5)  (47.9264 , 6)  (47.8581 , 4)  (47.0355 , 8)  (43.4947 , 7)  (43.3172 , 3)  
