 -------------------82------------
(98.0476 , 4)  (73.5881 , 7)  (61.1419 , 5)  (58.2717 , 2)  (51.2083 , 6)  (44.8572 , 8)  (44.3252 , 3)  (42.7255 , 1)  (33.2353 , 9)  
(94.0947 , 8)  (61.7661 , 1)  (57.6024 , 5)  (53.1639 , 4)  (53.1116 , 3)  (52.7216 , 7)  (48.8897 , 2)  (44.7738 , 6)  (38.2811 , 9)  
(104.074 , 2)  (57.0583 , 1)  (53.3659 , 3)  (51.8394 , 8)  (51.2754 , 4)  (51.2495 , 9)  (47.7738 , 5)  (46.1172 , 6)  (45.5045 , 7)  
(107.233 , 7)  (56.4838 , 6)  (51.0436 , 5)  (49.8448 , 1)  (49.7772 , 9)  (49.3241 , 3)  (49.2841 , 2)  (47.2189 , 4)  (45.5784 , 8)  
(99.8201 , 3)  (63.8499 , 2)  (59.3014 , 7)  (57.8143 , 9)  (56.6945 , 8)  (53.2685 , 6)  (46.9145 , 1)  (39.5888 , 5)  (39.2836 , 4)  
(104.401 , 1)  (54.3673 , 9)  (53.1105 , 6)  (53.0115 , 5)  (51.623 , 7)  (49.8599 , 3)  (47.7059 , 8)  (43.9185 , 2)  (42.8109 , 4)  
(104.333 , 6)  (54.9133 , 9)  (53.8897 , 5)  (53.3212 , 7)  (52.606 , 2)  (47.2853 , 1)  (46.6864 , 8)  (43.1669 , 3)  (41.8684 , 4)  
(96.3231 , 9)  (60.1249 , 7)  (58.7148 , 6)  (52.4915 , 2)  (51.6742 , 3)  (49.6594 , 8)  (47.1445 , 5)  (45.9405 , 1)  (37.5222 , 4)  
(99.444 , 5)  (54.8058 , 2)  (51.0256 , 8)  (50.5721 , 6)  (50.4771 , 9)  (49.3563 , 7)  (47.5019 , 4)  (45.1342 , 3)  (44.3667 , 1)  
