 -------------------319------------
(89.2976 , 5)  (63.1289 , 7)  (61.7979 , 3)  (60.6674 , 9)  (56.6272 , 8)  (55.3951 , 6)  (48.5819 , 4)  (47.1949 , 1)  (45.7798 , 2)  
(98.8012 , 4)  (61.1988 , 7)  (60.2475 , 2)  (58.3521 , 6)  (53.0439 , 8)  (50.1091 , 5)  (43.2657 , 1)  (39.5529 , 9)  (36.4863 , 3)  
(93.3842 , 1)  (61.6118 , 2)  (60.5821 , 5)  (57.2325 , 6)  (56.842 , 8)  (53.8306 , 4)  (45.4816 , 7)  (44.6625 , 3)  (34.4019 , 9)  
(104.282 , 3)  (59.1699 , 2)  (55.4941 , 1)  (55.2565 , 7)  (51.5759 , 6)  (50.9597 , 5)  (47.3769 , 9)  (46.6769 , 4)  (38.8872 , 8)  
(93.0878 , 6)  (73.3243 , 1)  (63.4623 , 2)  (51.7681 , 8)  (51.5445 , 9)  (49.3225 , 3)  (46.6129 , 7)  (45.7547 , 4)  (44.4466 , 5)  
(95.6717 , 2)  (65.6161 , 7)  (61.9167 , 9)  (54.9505 , 8)  (54.8929 , 1)  (54.2525 , 5)  (50.978 , 6)  (38.0383 , 4)  (28.4589 , 3)  
(82.2783 , 9)  (76.4378 , 7)  (61.7451 , 6)  (55.1945 , 1)  (55.181 , 4)  (54.4328 , 3)  (49.0102 , 5)  (47.4104 , 8)  (44.0975 , 2)  
(99.3706 , 8)  (60.0167 , 9)  (56.9465 , 7)  (55.6708 , 1)  (54.3442 , 6)  (49.9703 , 3)  (49.0494 , 2)  (48.6155 , 4)  (44.8732 , 5)  
(106.391 , 7)  (53.074 , 6)  (52.0478 , 3)  (51.3329 , 1)  (50.385 , 8)  (49.7477 , 9)  (47.6002 , 5)  (47.4625 , 4)  (47.2881 , 2)  
