 -------------------206------------
(101.227 , 3)  (64.6072 , 5)  (54.8747 , 1)  (54.4146 , 4)  (52.7203 , 2)  (50.1044 , 6)  (47.6106 , 9)  (46.3189 , 8)  (44.8943 , 7)  
(102.471 , 8)  (57.3903 , 9)  (55.4278 , 3)  (53.1401 , 4)  (48.4144 , 6)  (47.8458 , 2)  (46.9278 , 1)  (46.1002 , 5)  (43.5301 , 7)  
(88.2503 , 1)  (64.1506 , 2)  (57.6326 , 4)  (55.9284 , 7)  (53.1215 , 9)  (52.1291 , 5)  (49.4138 , 6)  (47.0102 , 8)  (46.9641 , 3)  
(102.116 , 4)  (68.0894 , 6)  (61.2007 , 9)  (54.643 , 7)  (50.8664 , 3)  (50.2488 , 1)  (46.4607 , 5)  (45.5201 , 8)  (38.4438 , 2)  
(107.205 , 7)  (59.9508 , 6)  (58.3532 , 9)  (51.9093 , 2)  (49.7532 , 1)  (48.1826 , 4)  (44.5979 , 3)  (40.9099 , 5)  (39.2369 , 8)  
(99.2548 , 9)  (55.7412 , 7)  (54.73 , 4)  (53.2207 , 2)  (51.3411 , 3)  (50.4976 , 1)  (47.9308 , 5)  (47.7525 , 6)  (43.2275 , 8)  
(103.307 , 6)  (56.4152 , 4)  (53.5276 , 5)  (50.877 , 1)  (50.6204 , 9)  (50.303 , 7)  (49.958 , 3)  (45.0901 , 2)  (39.2352 , 8)  
(109.126 , 2)  (62.405 , 1)  (54.1993 , 9)  (51.5553 , 6)  (46.0248 , 3)  (44.7903 , 5)  (43.5154 , 7)  (43.3286 , 8)  (42.6505 , 4)  
(98.7852 , 5)  (61.2263 , 3)  (59.5499 , 9)  (58.7021 , 6)  (55.9971 , 1)  (50.9351 , 7)  (43.256 , 2)  (41.9662 , 8)  (37.3385 , 4)  
