 -------------------51------------
(97.2656 , 6)  (70.0065 , 8)  (56.1815 , 3)  (55.9594 , 2)  (55.644 , 5)  (54.8202 , 7)  (48.4755 , 4)  (47.357 , 1)  (33.6706 , 9)  
(99.3041 , 8)  (59.4448 , 9)  (57.2747 , 6)  (54.3441 , 1)  (53.7663 , 2)  (52.5173 , 3)  (49.9775 , 7)  (48.0703 , 4)  (38.603 , 5)  
(86.2235 , 9)  (63.986 , 6)  (58.8615 , 2)  (56.3929 , 8)  (51.7631 , 4)  (50.611 , 7)  (49.9886 , 5)  (47.8195 , 1)  (37.7865 , 3)  
(93.1475 , 3)  (72.2735 , 7)  (55.6006 , 2)  (54.7116 , 8)  (52.7024 , 9)  (51.2103 , 6)  (48.9777 , 1)  (48.076 , 5)  (42.3033 , 4)  
(106.459 , 7)  (52.7672 , 2)  (51.8053 , 5)  (51.7462 , 6)  (51.5652 , 8)  (49.5836 , 1)  (48.4776 , 4)  (45.047 , 9)  (43.0879 , 3)  
(105.972 , 1)  (56.5224 , 7)  (51.6013 , 3)  (49.236 , 6)  (48.8129 , 4)  (46.2151 , 8)  (46.2103 , 9)  (46.0249 , 5)  (42.237 , 2)  
(102.914 , 5)  (65.1002 , 3)  (58.223 , 6)  (57.7913 , 1)  (53.0955 , 7)  (45.357 , 2)  (42.9558 , 4)  (41.7157 , 8)  (38.7218 , 9)  
(105.945 , 2)  (58.1533 , 9)  (54.152 , 1)  (51.023 , 7)  (49.8609 , 5)  (49.7477 , 3)  (48.2345 , 6)  (45.8041 , 4)  (45.3227 , 8)  
(100.548 , 4)  (61.4034 , 9)  (59.3381 , 1)  (55.6997 , 7)  (52.8578 , 6)  (48.8808 , 5)  (46.2557 , 2)  (44.8102 , 8)  (43.8959 , 3)  
