 -------------------266------------
(106.892 , 7)  (56.3239 , 6)  (52.819 , 9)  (50.5038 , 3)  (49.0716 , 2)  (48.6422 , 1)  (48.1377 , 5)  (47.6818 , 4)  (43.8372 , 8)  
(93.5404 , 3)  (68.1194 , 2)  (63.0439 , 1)  (57.79 , 4)  (57.2578 , 9)  (55.1359 , 8)  (54.0598 , 6)  (42.0869 , 7)  (40.966 , 5)  
(100.635 , 8)  (63.3886 , 5)  (57.5858 , 6)  (55.8243 , 7)  (51.6597 , 3)  (50.0427 , 4)  (49.076 , 2)  (48.2245 , 1)  (46.411 , 9)  
(97.1875 , 1)  (73.9806 , 7)  (56.257 , 6)  (55.815 , 4)  (51.1602 , 2)  (48.5643 , 5)  (47.5333 , 3)  (46.77 , 9)  (41.7724 , 8)  
(99.8746 , 9)  (62.9127 , 7)  (55.2364 , 6)  (54.2589 , 2)  (52.5199 , 1)  (52.0985 , 8)  (47.1924 , 3)  (45.9092 , 4)  (40.4264 , 5)  
(88.4128 , 5)  (71.8738 , 3)  (64.1467 , 6)  (61.8596 , 1)  (50.1611 , 8)  (50.1569 , 7)  (47.9601 , 9)  (44.1348 , 4)  (38.255 , 2)  
(101.624 , 6)  (59.612 , 8)  (59.1093 , 4)  (53.5497 , 3)  (52.8949 , 7)  (49.0926 , 1)  (43.9956 , 5)  (39.2031 , 9)  (36.8479 , 2)  
(86.966 , 4)  (75.826 , 6)  (58.6889 , 7)  (52.2243 , 8)  (51.31 , 1)  (48.9862 , 2)  (48.8577 , 9)  (48.3546 , 5)  (46.1919 , 3)  
(101.906 , 2)  (60.0587 , 3)  (58.646 , 6)  (58.0249 , 8)  (56.5453 , 9)  (55.4175 , 1)  (46.4871 , 4)  (41.5707 , 5)  (39.9566 , 7)  
