 -------------------985------------
(85.1629 , 4)  (81.0795 , 6)  (67.3128 , 9)  (56.2652 , 7)  (54.5481 , 1)  (52.3363 , 5)  (44.649 , 3)  (43.9135 , 8)  (43.8375 , 2)  
(92.133 , 8)  (70.9489 , 9)  (64.5628 , 2)  (60.314 , 5)  (52.6979 , 7)  (49.8787 , 6)  (48.8915 , 4)  (40.4055 , 3)  (38.8549 , 1)  
(94.0668 , 5)  (76.3634 , 3)  (60.6604 , 6)  (56.6162 , 9)  (49.6547 , 1)  (44.1024 , 7)  (43.6397 , 2)  (41.7373 , 4)  (41.717 , 8)  
(108.235 , 2)  (54.118 , 8)  (52.6875 , 9)  (52.1546 , 1)  (49.0797 , 7)  (48.5531 , 4)  (48.226 , 5)  (46.2767 , 6)  (45.2199 , 3)  
(92.1041 , 6)  (56.4187 , 5)  (55.0386 , 4)  (53.8136 , 7)  (52.299 , 9)  (50.5787 , 1)  (46.7783 , 3)  (44.1762 , 8)  (40.7487 , 2)  
(101.524 , 9)  (59.4056 , 7)  (56.7984 , 2)  (56.3903 , 6)  (53.1251 , 4)  (47.8159 , 3)  (45.7675 , 5)  (41.5823 , 1)  (37.5462 , 8)  
(103.161 , 1)  (61.582 , 7)  (59.9949 , 4)  (47.5858 , 2)  (47.1181 , 6)  (46.8069 , 5)  (46.2511 , 9)  (46.1164 , 3)  (44.8153 , 8)  
(107.194 , 7)  (55.7941 , 1)  (52.3511 , 6)  (50.9987 , 5)  (50.8362 , 4)  (48.932 , 3)  (48.213 , 8)  (47.2116 , 2)  (45.9342 , 9)  
(103.861 , 3)  (60.978 , 5)  (60.6916 , 2)  (49.7784 , 6)  (49.694 , 4)  (48.6746 , 7)  (46.7519 , 1)  (45.6603 , 9)  (38.5082 , 8)  
