 -------------------480------------
(101.634 , 6)  (61.7543 , 7)  (54.6836 , 3)  (52.9749 , 2)  (52.7069 , 4)  (50.6358 , 1)  (50.0722 , 8)  (46.9082 , 9)  (42.0307 , 5)  
(94.914 , 9)  (58.1557 , 8)  (53.5643 , 1)  (52.5676 , 7)  (51.8586 , 4)  (51.3739 , 3)  (51.1718 , 6)  (48.5104 , 5)  (45.064 , 2)  
(107.983 , 4)  (54.8934 , 7)  (51.5868 , 2)  (48.3612 , 6)  (48.0923 , 3)  (46.5361 , 8)  (46.4277 , 5)  (46.2488 , 9)  (45.4493 , 1)  
(101.991 , 7)  (65.7645 , 6)  (59.5844 , 4)  (54.8216 , 1)  (52.4734 , 3)  (46.0897 , 5)  (44.5057 , 9)  (44.2217 , 8)  (43.5511 , 2)  
(100.762 , 1)  (56.887 , 2)  (54.7616 , 6)  (52.9225 , 7)  (51.9187 , 8)  (48.1792 , 5)  (47.4506 , 3)  (47.2008 , 9)  (38.0062 , 4)  
(107.977 , 5)  (57.3095 , 8)  (53.5586 , 2)  (53.2052 , 4)  (49.5295 , 7)  (49.4367 , 9)  (45.1438 , 1)  (42.2433 , 6)  (38.7218 , 3)  
(95.512 , 8)  (64.1131 , 6)  (59.7395 , 1)  (59.614 , 7)  (52.2995 , 5)  (49.6832 , 9)  (49.0541 , 2)  (45.1274 , 3)  (30.7811 , 4)  
(92.8829 , 3)  (62.0285 , 7)  (59.1909 , 1)  (56.9507 , 6)  (55.086 , 5)  (53.3258 , 9)  (52.4279 , 2)  (39.3084 , 8)  (35.7436 , 4)  
(101.794 , 2)  (60.6183 , 8)  (57.943 , 6)  (54.9033 , 1)  (53.5818 , 9)  (49.5368 , 3)  (48.9329 , 7)  (47.5343 , 5)  (37.5154 , 4)  
