 -------------------831------------
(67.9717 , 5)  (67.2957 , 3)  (65.2938 , 7)  (60.8533 , 2)  (60.3978 , 6)  (59.118 , 8)  (50.2517 , 9)  (48.2069 , 1)  (38.697 , 4)  
(100.34 , 8)  (59.5668 , 1)  (55.2538 , 6)  (55.2379 , 7)  (54 , 9)  (53.0284 , 3)  (48.234 , 2)  (46.0685 , 5)  (43.9749 , 4)  
(108.065 , 7)  (57.0502 , 9)  (53.9574 , 6)  (48.9903 , 2)  (48.903 , 5)  (48.8007 , 1)  (45.1933 , 3)  (44.3514 , 4)  (40.191 , 8)  
(100.264 , 4)  (67.9985 , 6)  (64.6424 , 2)  (57.2285 , 5)  (47.9338 , 9)  (47.5107 , 7)  (44.0229 , 1)  (36.7978 , 3)  (34.075 , 8)  
(97.1512 , 2)  (60.4826 , 9)  (57.9706 , 7)  (57.1411 , 3)  (50.2743 , 8)  (48.8262 , 5)  (47.2215 , 1)  (45.6192 , 6)  (44.6268 , 4)  
(98.1357 , 3)  (66.945 , 8)  (56.258 , 9)  (55.2838 , 5)  (51.6293 , 4)  (51.5767 , 7)  (50.0527 , 2)  (48.5914 , 1)  (47.2666 , 6)  
(96.2244 , 6)  (78.9056 , 8)  (59.1249 , 1)  (57.3363 , 5)  (52.6529 , 4)  (51.6423 , 7)  (47.7921 , 3)  (39.572 , 9)  (38.4621 , 2)  
(82.9393 , 9)  (69.2498 , 4)  (58.9173 , 2)  (58.1413 , 7)  (51.4342 , 1)  (51.1488 , 6)  (50.9811 , 5)  (44.9875 , 8)  (39.1195 , 3)  
(104.227 , 1)  (57.0614 , 7)  (51.8171 , 2)  (50.9223 , 8)  (48.1385 , 4)  (47.7369 , 5)  (47.2739 , 9)  (46.1644 , 3)  (42.0342 , 6)  
