 -------------------327------------
(96.801 , 2)  (60.8233 , 3)  (60.1014 , 1)  (52.2228 , 5)  (51.0707 , 9)  (47.8015 , 4)  (47.1004 , 8)  (45.377 , 7)  (40.6464 , 6)  
(107.862 , 7)  (54.6077 , 8)  (51.202 , 9)  (49.6999 , 4)  (47.9288 , 6)  (47.6409 , 2)  (47.6081 , 1)  (46.5703 , 3)  (45.4968 , 5)  
(99.0095 , 1)  (76.5819 , 7)  (56.1691 , 4)  (50.0744 , 6)  (49.5121 , 9)  (48.2721 , 5)  (47.3075 , 2)  (43.9918 , 3)  (40.6724 , 8)  
(92.4404 , 4)  (70.6393 , 6)  (55.3922 , 7)  (51.6038 , 8)  (51.5481 , 3)  (50.8144 , 1)  (49.8528 , 9)  (46.6663 , 2)  (46.0905 , 5)  
(98.9809 , 5)  (59.0038 , 6)  (54.6686 , 9)  (54.1625 , 7)  (51.1381 , 3)  (50.285 , 1)  (49.7965 , 4)  (48.5017 , 2)  (47.7921 , 8)  
(106.684 , 6)  (57.4982 , 3)  (49.6938 , 8)  (48.9429 , 1)  (48.6494 , 4)  (48.618 , 5)  (48.3511 , 9)  (48.2388 , 7)  (45.488 , 2)  
(99.5941 , 8)  (55.9693 , 1)  (53.8706 , 6)  (53.6273 , 7)  (53.5279 , 9)  (50.3704 , 4)  (49.685 , 3)  (48.506 , 2)  (47.5953 , 5)  
(97.4922 , 9)  (55.9655 , 7)  (53.6171 , 4)  (51.7884 , 1)  (50.673 , 2)  (50.6472 , 6)  (48.4516 , 8)  (46.6622 , 5)  (46.4786 , 3)  
(78.4623 , 3)  (65.1523 , 8)  (61.9547 , 2)  (57.4109 , 7)  (53.7274 , 5)  (52.8481 , 4)  (51.6734 , 9)  (50.4172 , 6)  (46.6268 , 1)  
