 -------------------870------------
(102.217 , 2)  (66.0547 , 3)  (57.3861 , 1)  (49.0005 , 4)  (48.3141 , 9)  (46.4438 , 5)  (46.1484 , 7)  (45.1039 , 8)  (43.4368 , 6)  
(92.7396 , 4)  (56.4522 , 6)  (56.1593 , 2)  (54.6067 , 1)  (53.9685 , 7)  (48.5921 , 3)  (46.2667 , 8)  (43.1412 , 5)  (34.517 , 9)  
(102.105 , 5)  (64.9243 , 2)  (51.9925 , 9)  (50.2434 , 4)  (49.5486 , 8)  (48.1757 , 7)  (46.4872 , 1)  (45.9554 , 6)  (37.6381 , 3)  
(98.3158 , 6)  (52.3752 , 2)  (51.9564 , 8)  (49.699 , 7)  (48.8291 , 5)  (48.1126 , 1)  (47.7505 , 9)  (47.0953 , 4)  (40.9189 , 3)  
(103.948 , 1)  (64.0007 , 7)  (51.0423 , 2)  (49.9597 , 6)  (48.7237 , 5)  (48.6749 , 3)  (47.8144 , 4)  (45.6773 , 9)  (44.9116 , 8)  
(90.5533 , 9)  (62.5778 , 6)  (56.5112 , 3)  (56.0832 , 7)  (52.874 , 2)  (50.459 , 5)  (48.3808 , 4)  (44.8896 , 1)  (43.2205 , 8)  
(91.6444 , 8)  (65.0935 , 2)  (55.604 , 4)  (54.5389 , 9)  (52.3238 , 1)  (51.9455 , 6)  (51.1183 , 7)  (46.8995 , 3)  (42.8044 , 5)  
(96.6111 , 7)  (71.0673 , 1)  (57.0448 , 2)  (56.0526 , 3)  (53.9379 , 4)  (50.3449 , 8)  (46.102 , 6)  (45.2846 , 9)  (45.0811 , 5)  
(99.5553 , 3)  (61.4033 , 8)  (54.6498 , 7)  (53.6745 , 1)  (52.2394 , 2)  (52.1948 , 4)  (50.9295 , 5)  (49.5807 , 6)  (40.1569 , 9)  
