 -------------------999------------
(89.9161 , 2)  (64.3711 , 3)  (60.9753 , 6)  (56.0867 , 1)  (53.3041 , 8)  (47.7168 , 5)  (47.3227 , 4)  (46.5498 , 7)  (44.3715 , 9)  
(106.592 , 3)  (56.7512 , 2)  (51.9451 , 6)  (49.0556 , 5)  (49.0295 , 9)  (47.7537 , 1)  (46.2136 , 4)  (45.8655 , 7)  (41.1863 , 8)  
(88.8697 , 4)  (70.2295 , 6)  (62.9304 , 5)  (53.5889 , 9)  (53.4201 , 2)  (51.5285 , 7)  (44.4833 , 1)  (41.6108 , 8)  (41.0288 , 3)  
(101.142 , 1)  (60.0009 , 7)  (54.7139 , 6)  (53.9623 , 9)  (52.1892 , 3)  (51.6769 , 4)  (50.3594 , 5)  (47.6022 , 2)  (42.2222 , 8)  
(85.9981 , 5)  (65.3198 , 6)  (58.6702 , 1)  (58.3956 , 8)  (57.4613 , 3)  (52.9861 , 9)  (44.9156 , 4)  (43.0371 , 7)  (39.9889 , 2)  
(94.33 , 9)  (66.6973 , 6)  (61.6299 , 7)  (60.8217 , 5)  (49.1272 , 2)  (48.6703 , 4)  (47.8324 , 8)  (46.0953 , 1)  (43.627 , 3)  
(107.32 , 8)  (57.4565 , 6)  (55.66 , 1)  (52.931 , 3)  (50.8051 , 7)  (46.9241 , 4)  (43.5388 , 5)  (43.1985 , 2)  (41.405 , 9)  
(99.9725 , 6)  (64.531 , 8)  (57.6977 , 1)  (57.455 , 4)  (54.0512 , 5)  (48.7197 , 7)  (46.6241 , 2)  (44.367 , 3)  (41.0965 , 9)  
(89.4966 , 7)  (63.5922 , 9)  (59.5463 , 8)  (58.5775 , 2)  (52.4456 , 1)  (51.5482 , 6)  (49.3727 , 5)  (44.0059 , 4)  (42.475 , 3)  
