 -------------------439------------
(99.1158 , 5)  (61.7617 , 8)  (57.9155 , 3)  (53.5327 , 7)  (52.4402 , 1)  (50.4678 , 4)  (48.2803 , 2)  (47.9794 , 9)  (45.7438 , 6)  
(92.1485 , 2)  (74.9419 , 7)  (54.9025 , 6)  (52.8364 , 1)  (52.063 , 9)  (49.3913 , 8)  (46.8418 , 4)  (46.6784 , 5)  (40.6594 , 3)  
(105.203 , 7)  (57.2316 , 6)  (54.1474 , 9)  (50.7703 , 5)  (48.3869 , 1)  (46.744 , 3)  (46.2263 , 8)  (45.7931 , 4)  (43.6395 , 2)  
(87.8851 , 3)  (75.9008 , 7)  (59.3837 , 5)  (56.9918 , 1)  (52.8782 , 6)  (49.861 , 4)  (49.8573 , 2)  (35.2421 , 9)  (33.1203 , 8)  
(102.752 , 1)  (57.6384 , 6)  (54.3322 , 5)  (51.6724 , 7)  (51.1483 , 3)  (50.5728 , 2)  (48.654 , 4)  (45.1608 , 8)  (43.0706 , 9)  
(106.928 , 8)  (61.8911 , 6)  (54.0472 , 3)  (52.0532 , 1)  (51.1373 , 7)  (46.564 , 9)  (46.5271 , 4)  (41.9103 , 2)  (37.3378 , 5)  
(95.5908 , 6)  (57.7434 , 2)  (57.6671 , 8)  (56.4064 , 5)  (53.0307 , 4)  (51.7924 , 1)  (51.5944 , 9)  (45.2732 , 7)  (42.9112 , 3)  
(98.5823 , 9)  (56.6267 , 8)  (55.7508 , 7)  (55.4214 , 6)  (52.2151 , 1)  (50.9492 , 4)  (50.466 , 2)  (47.4829 , 3)  (44.1455 , 5)  
(107.016 , 4)  (61.9197 , 2)  (55.9707 , 1)  (55.4659 , 7)  (51.1878 , 8)  (47.8572 , 5)  (42.1194 , 3)  (40.57 , 6)  (38.3911 , 9)  
