 -------------------239------------
(92.7726 , 8)  (69.8074 , 3)  (56.3653 , 9)  (56.093 , 4)  (54.521 , 5)  (50.839 , 7)  (47.6667 , 1)  (47.25 , 2)  (43.5044 , 6)  
(95.0544 , 4)  (65.4296 , 6)  (56.6535 , 1)  (53.0914 , 5)  (52.8883 , 2)  (52.3078 , 7)  (49.1469 , 8)  (45.2592 , 3)  (35.2167 , 9)  
(104.328 , 6)  (57.2597 , 1)  (53.5951 , 2)  (52.1111 , 3)  (50.787 , 4)  (48.0138 , 5)  (46.6434 , 9)  (46.3414 , 7)  (44.1479 , 8)  
(90.3689 , 9)  (68.7172 , 7)  (53.7362 , 1)  (52.6211 , 6)  (49.8441 , 2)  (49.4385 , 4)  (48.7776 , 5)  (46.7058 , 3)  (43.6207 , 8)  
(103.736 , 1)  (58.916 , 2)  (52.2038 , 9)  (52.1352 , 5)  (51.8139 , 6)  (50.8212 , 3)  (46.8434 , 7)  (40.5987 , 4)  (39.1803 , 8)  
(95.9958 , 3)  (58.8295 , 5)  (58.1703 , 2)  (57.0159 , 7)  (54.3825 , 1)  (53.5328 , 9)  (49.2782 , 8)  (46.8798 , 4)  (45.6457 , 6)  
(108.053 , 7)  (56.8517 , 6)  (51.4579 , 9)  (50.6989 , 2)  (48.5317 , 5)  (48.3778 , 1)  (44.9051 , 4)  (43.1602 , 8)  (40.2391 , 3)  
(79.517 , 5)  (64.24 , 3)  (59.7618 , 6)  (59.6531 , 9)  (51.7425 , 4)  (51.3427 , 2)  (50.195 , 1)  (49.8763 , 8)  (44.1146 , 7)  
(79.6061 , 2)  (72.0853 , 8)  (57.7944 , 3)  (55.8485 , 6)  (55.8367 , 7)  (51.4489 , 1)  (50.929 , 4)  (45.5089 , 5)  (43.0981 , 9)  
