 -------------------591------------
(91.0427 , 6)  (63.1342 , 2)  (57.4597 , 9)  (55.7143 , 5)  (53.4153 , 8)  (51.139 , 4)  (47.7529 , 7)  (44.9752 , 1)  (34.9739 , 3)  
(88.4078 , 5)  (84.7096 , 8)  (77.255 , 6)  (53.1735 , 3)  (46.1178 , 9)  (43.8458 , 7)  (43.1958 , 2)  (40.4585 , 1)  (36.4174 , 4)  
(77.355 , 9)  (68.7584 , 7)  (60.933 , 6)  (59.2121 , 1)  (54.368 , 8)  (47.9394 , 3)  (47.7312 , 4)  (45.4679 , 2)  (45.0783 , 5)  
(98.745 , 8)  (62.5195 , 6)  (59.4486 , 9)  (52.012 , 1)  (51.1892 , 7)  (49.2694 , 2)  (47.4194 , 3)  (44.1978 , 4)  (40.8048 , 5)  
(77.3237 , 2)  (70.7342 , 1)  (65.2456 , 8)  (59.9811 , 3)  (54.8901 , 6)  (51.9813 , 9)  (51.2176 , 7)  (45.0338 , 5)  (38.0047 , 4)  
(94.5292 , 1)  (67.1422 , 6)  (57.6871 , 2)  (55.9956 , 4)  (55.6012 , 5)  (46.8535 , 8)  (45.8982 , 7)  (40.9263 , 3)  (36.472 , 9)  
(76.6901 , 7)  (62.962 , 4)  (61.6881 , 9)  (56.3431 , 2)  (52.9622 , 5)  (50.8269 , 1)  (48.4997 , 8)  (46.7951 , 6)  (46.6056 , 3)  
(104.908 , 4)  (59.7056 , 7)  (56.2977 , 2)  (53.8461 , 1)  (51.9092 , 6)  (49.4987 , 3)  (49.3767 , 8)  (45.9491 , 5)  (42.4409 , 9)  
(91.2713 , 3)  (62.1942 , 5)  (59.4696 , 7)  (55.7741 , 4)  (54.0384 , 8)  (50.5841 , 2)  (46.3693 , 6)  (46.1179 , 9)  (43.1814 , 1)  
