 -------------------527------------
(83.6992 , 7)  (73.7483 , 9)  (62.9333 , 6)  (61.4663 , 1)  (60.402 , 3)  (48.5464 , 5)  (46.7886 , 2)  (42.8495 , 8)  (42.4999 , 4)  
(102.178 , 9)  (60.2921 , 6)  (54.2208 , 7)  (48.5785 , 2)  (48.5341 , 1)  (46.6109 , 8)  (45.597 , 4)  (45.1546 , 3)  (42.1993 , 5)  
(82.0125 , 5)  (73.3607 , 6)  (61.2661 , 1)  (55.3661 , 8)  (50.941 , 7)  (49.6852 , 2)  (45.2892 , 3)  (42.3564 , 9)  (40.1194 , 4)  
(103.101 , 1)  (58.76 , 7)  (54.572 , 6)  (52.9757 , 4)  (52.7456 , 9)  (52.4297 , 2)  (50.7917 , 3)  (46.5163 , 5)  (38.315 , 8)  
(104.185 , 4)  (63.3543 , 6)  (59.9398 , 9)  (55.2341 , 2)  (54.2194 , 5)  (49.7621 , 7)  (44.5898 , 8)  (44.0709 , 1)  (39.4217 , 3)  
(101.306 , 2)  (56.3694 , 3)  (55.9444 , 1)  (55.1028 , 5)  (49.9329 , 7)  (49.7542 , 9)  (49.2399 , 6)  (47.4935 , 4)  (45.7682 , 8)  
(101.663 , 3)  (60.3615 , 6)  (55.7369 , 2)  (50.9172 , 9)  (49.4183 , 1)  (47.5871 , 5)  (47.5818 , 7)  (46.9359 , 8)  (44.996 , 4)  
(100.249 , 6)  (56.4149 , 5)  (55.8513 , 4)  (55.3696 , 1)  (54.2097 , 2)  (53.6682 , 3)  (50.2486 , 7)  (44.2037 , 8)  (40.9598 , 9)  
(91.7914 , 8)  (68.8331 , 9)  (62.1053 , 6)  (59.6389 , 3)  (57.1477 , 2)  (49.0394 , 1)  (46.9069 , 7)  (46.415 , 5)  (31.103 , 4)  
