 -------------------433------------
(99.1026 , 5)  (62.1908 , 8)  (57.9861 , 3)  (54.2124 , 7)  (52.3847 , 1)  (50.6991 , 4)  (48.2012 , 2)  (46.1075 , 6)  (45.2077 , 9)  
(92.2514 , 2)  (76.0153 , 7)  (54.4218 , 6)  (53.4557 , 1)  (52.561 , 9)  (49.1342 , 8)  (46.8444 , 4)  (46.4753 , 5)  (39.753 , 3)  
(105.169 , 7)  (57.2609 , 6)  (54.1321 , 9)  (50.6663 , 5)  (48.3609 , 1)  (46.9398 , 3)  (46.3356 , 8)  (45.668 , 4)  (43.7169 , 2)  
(86.4792 , 3)  (76.9784 , 7)  (60.509 , 5)  (56.4622 , 1)  (55.2824 , 6)  (50.0749 , 2)  (48.5892 , 4)  (34.3792 , 9)  (33.3436 , 8)  
(102.663 , 1)  (57.226 , 6)  (54.4802 , 5)  (51.7688 , 7)  (51.647 , 3)  (50.8355 , 2)  (50.3418 , 4)  (44.5888 , 8)  (42.6676 , 9)  
(106.963 , 8)  (62.0503 , 6)  (53.9625 , 3)  (51.9082 , 7)  (51.3963 , 1)  (47.1586 , 4)  (46.8001 , 9)  (41.428 , 2)  (37.3972 , 5)  
(95.7827 , 6)  (58.0835 , 8)  (57.3527 , 2)  (55.8492 , 5)  (53.1807 , 4)  (52.1569 , 1)  (51.3912 , 9)  (45.0625 , 7)  (43.4566 , 3)  
(98.2395 , 9)  (57.0593 , 7)  (55.964 , 6)  (55.7566 , 8)  (52.6561 , 1)  (50.6325 , 4)  (49.9538 , 2)  (46.5647 , 3)  (44.8576 , 5)  
(107.016 , 4)  (61.9197 , 2)  (55.9707 , 1)  (55.4659 , 7)  (51.1878 , 8)  (47.8572 , 5)  (42.1194 , 3)  (40.57 , 6)  (38.3911 , 9)  
