 -------------------1004------------
(90.604 , 2)  (61.8413 , 3)  (60.1403 , 6)  (55.5348 , 1)  (52.8455 , 8)  (48.8837 , 7)  (48.6382 , 4)  (47.1031 , 5)  (43.4137 , 9)  
(107.579 , 3)  (54.2161 , 2)  (54.0725 , 6)  (50.5093 , 9)  (48.3112 , 7)  (47.6468 , 1)  (43.7908 , 5)  (43.1847 , 4)  (39.223 , 8)  
(92.5507 , 4)  (67.8595 , 6)  (59.5529 , 5)  (54.4386 , 2)  (52.6868 , 9)  (50.3991 , 7)  (46.4669 , 1)  (42.7677 , 3)  (40.3483 , 8)  
(101.709 , 1)  (58.5702 , 7)  (54.0745 , 6)  (53.1772 , 3)  (52.748 , 9)  (52.5604 , 4)  (50.16 , 5)  (47.5837 , 2)  (43.1382 , 8)  
(86.2639 , 5)  (64.8316 , 6)  (60.1793 , 8)  (58.2533 , 3)  (57.3858 , 1)  (48.5428 , 4)  (48.2742 , 9)  (44.0103 , 7)  (39.7004 , 2)  
(93.7379 , 9)  (64.0905 , 5)  (63.729 , 6)  (59.2985 , 7)  (50.285 , 4)  (48.9638 , 1)  (47.623 , 2)  (46.0867 , 8)  (44.0106 , 3)  
(107.244 , 8)  (60.423 , 6)  (55.6801 , 1)  (52.7384 , 3)  (51.1758 , 7)  (49.0712 , 4)  (45.6745 , 5)  (41.9188 , 2)  (37.6066 , 9)  
(100.537 , 6)  (66.6922 , 8)  (57.3399 , 4)  (55.7365 , 1)  (54.5119 , 5)  (48.6634 , 7)  (47.5869 , 3)  (44.6121 , 2)  (40.3875 , 9)  
(90.4897 , 7)  (62.957 , 9)  (59.6471 , 8)  (58.0866 , 2)  (51.4361 , 6)  (51.0663 , 1)  (47.3283 , 5)  (44.5136 , 3)  (41.6586 , 4)  
