 -------------------283------------
(103.506 , 5)  (67.6561 , 8)  (66.1558 , 2)  (49.6431 , 1)  (48.0436 , 6)  (47.7269 , 3)  (44.7509 , 9)  (42.4804 , 4)  (40.9526 , 7)  
(95.7036 , 8)  (70.5223 , 6)  (55.9561 , 9)  (55.8206 , 2)  (51.8672 , 7)  (50.6152 , 3)  (49.0015 , 5)  (45.2075 , 1)  (36.3478 , 4)  
(103.032 , 1)  (67.5632 , 7)  (51.3143 , 4)  (49.3663 , 5)  (49.301 , 3)  (49.2862 , 2)  (47.3213 , 6)  (45.8214 , 9)  (41.8722 , 8)  
(96.1142 , 6)  (55.9887 , 3)  (55.7096 , 9)  (54.3762 , 5)  (51.2081 , 1)  (48.2746 , 4)  (47.8248 , 7)  (42.0607 , 8)  (35.2032 , 2)  
(94.6312 , 3)  (69.2032 , 7)  (57.7343 , 2)  (55.865 , 6)  (51.9041 , 9)  (50.2555 , 1)  (48.5708 , 8)  (44.4206 , 5)  (40.1724 , 4)  
(104.082 , 2)  (58.2611 , 9)  (57.9368 , 7)  (56.3115 , 6)  (52.9838 , 5)  (48.6113 , 3)  (46.5194 , 1)  (42.7213 , 4)  (41.2715 , 8)  
(105.343 , 7)  (57.5976 , 9)  (52.2983 , 2)  (51.1114 , 1)  (50.3328 , 6)  (49.2005 , 4)  (48.85 , 3)  (48.2086 , 8)  (40.528 , 5)  
(88.1391 , 4)  (60.2956 , 6)  (57.106 , 8)  (55.0306 , 5)  (50.0224 , 9)  (49.6971 , 1)  (49.6717 , 2)  (47.7415 , 7)  (43.3768 , 3)  
(89.0763 , 9)  (61.7147 , 7)  (61.3585 , 4)  (55.109 , 3)  (52.9967 , 5)  (48.4982 , 2)  (47.4041 , 6)  (41.3957 , 1)  (41.1451 , 8)  
