 -------------------528------------
(85.0513 , 7)  (71.9751 , 9)  (63.0837 , 6)  (60.9621 , 1)  (60.3515 , 3)  (49.4453 , 5)  (45.7039 , 2)  (43.1641 , 4)  (42.6967 , 8)  
(101.121 , 9)  (61.3202 , 6)  (56.0895 , 7)  (47.6403 , 1)  (47.3373 , 4)  (47.0349 , 2)  (46.1412 , 8)  (43.9446 , 3)  (43.597 , 5)  
(83.4237 , 5)  (72.9152 , 6)  (60.6357 , 1)  (54.0767 , 8)  (50.7998 , 7)  (47.772 , 2)  (47.5362 , 3)  (44.2073 , 9)  (39.4904 , 4)  
(103.103 , 1)  (59.0077 , 7)  (54.5548 , 6)  (53.1382 , 4)  (52.384 , 2)  (52.2799 , 9)  (50.6195 , 3)  (46.3361 , 5)  (38.9051 , 8)  
(104.655 , 4)  (60.8616 , 6)  (59.5716 , 9)  (55.3469 , 2)  (54.1247 , 5)  (49.4584 , 7)  (45.263 , 8)  (43.8684 , 1)  (40.1369 , 3)  
(100.892 , 2)  (57.7398 , 3)  (55.2319 , 1)  (54.2066 , 5)  (50.2599 , 7)  (49.6107 , 9)  (49.4255 , 6)  (48.7515 , 4)  (45.8757 , 8)  
(101.691 , 3)  (60.3128 , 6)  (55.4001 , 2)  (50.4424 , 9)  (49.5122 , 1)  (47.4729 , 7)  (47.1174 , 5)  (46.8021 , 8)  (45.5889 , 4)  
(100.268 , 6)  (57.0139 , 5)  (56.0105 , 1)  (55.7418 , 4)  (54.4645 , 2)  (51.2962 , 3)  (49.3844 , 7)  (44.3012 , 8)  (40.9682 , 9)  
(83.8319 , 8)  (68.8736 , 9)  (64.2789 , 6)  (61.1738 , 5)  (56.8929 , 3)  (53.4545 , 2)  (47.5864 , 7)  (45.6172 , 1)  (32.7245 , 4)  
