 -------------------481------------
(101.258 , 6)  (59.135 , 7)  (56.7136 , 2)  (54.7315 , 4)  (52.4903 , 3)  (52.1195 , 1)  (49.3165 , 8)  (47.1027 , 9)  (43.7469 , 5)  
(92.8713 , 9)  (56.409 , 4)  (55.5164 , 3)  (54.5396 , 1)  (54.1264 , 8)  (52.2542 , 6)  (50.1857 , 7)  (47.0023 , 5)  (44.8233 , 2)  
(107.889 , 4)  (57.8469 , 7)  (51.2744 , 2)  (50.9808 , 6)  (47.1438 , 3)  (46.8457 , 8)  (45.0906 , 5)  (44.5784 , 1)  (43.1755 , 9)  
(103.239 , 7)  (66.3693 , 6)  (55.5988 , 4)  (51.7013 , 1)  (50.1463 , 3)  (49.544 , 9)  (47.2824 , 5)  (44.1179 , 2)  (43.872 , 8)  
(99.1292 , 1)  (56.1688 , 6)  (55.8335 , 2)  (51.3475 , 8)  (51.1013 , 7)  (49.6859 , 3)  (48.892 , 5)  (46.0091 , 9)  (39.8302 , 4)  
(107.01 , 5)  (52.7243 , 2)  (52.4986 , 8)  (51.805 , 4)  (50.2444 , 7)  (49.7017 , 9)  (46.2503 , 6)  (45.0025 , 1)  (42.9191 , 3)  
(94.5626 , 8)  (63.0115 , 1)  (59.9792 , 6)  (58.9573 , 7)  (54.6308 , 5)  (52.2986 , 2)  (50.8692 , 9)  (41.137 , 3)  (31.6716 , 4)  
(93.1977 , 3)  (62.4413 , 7)  (58.1719 , 1)  (55.9824 , 6)  (54.8766 , 5)  (53.0221 , 9)  (51.7609 , 2)  (39.1418 , 8)  (37.0798 , 4)  
(99.962 , 2)  (56.9772 , 8)  (55.4339 , 1)  (53.5668 , 3)  (52.353 , 6)  (51.9949 , 9)  (48.8903 , 5)  (48.1301 , 7)  (43.6758 , 4)  
