 -------------------71------------
(94.6071 , 4)  (77.6374 , 7)  (64.0918 , 2)  (63.9903 , 5)  (48.4592 , 3)  (41.0596 , 6)  (39.7122 , 9)  (38.726 , 8)  (38.0311 , 1)  
(90.6507 , 8)  (64.1375 , 1)  (55.276 , 7)  (55.056 , 5)  (52.7842 , 2)  (49.5591 , 3)  (49.2772 , 4)  (48.9792 , 9)  (46.4255 , 6)  
(102.748 , 2)  (63.4306 , 1)  (55.3829 , 3)  (49.9467 , 8)  (47.8927 , 9)  (47.8591 , 4)  (47.2527 , 5)  (45.7751 , 7)  (45.3178 , 6)  
(106.952 , 7)  (56.8522 , 6)  (54.2493 , 5)  (51.4289 , 2)  (49.2811 , 9)  (47.038 , 1)  (46.8472 , 4)  (46.1393 , 3)  (41.8917 , 8)  
(101.355 , 3)  (61.2138 , 2)  (57.1187 , 9)  (56.935 , 8)  (55.9785 , 7)  (55.3986 , 6)  (47.4216 , 1)  (41.0284 , 5)  (34.7248 , 4)  
(104.869 , 1)  (53.5717 , 7)  (52.6404 , 9)  (50.5698 , 6)  (50.2248 , 8)  (49.152 , 5)  (48.939 , 3)  (47.6931 , 2)  (39.8549 , 4)  
(104.557 , 6)  (55.9951 , 7)  (52.1703 , 2)  (51.6073 , 5)  (50.9574 , 9)  (46.9011 , 8)  (46.1591 , 1)  (44.6079 , 4)  (43.8135 , 3)  
(92.2261 , 9)  (62.1606 , 7)  (58.0253 , 6)  (53.8406 , 3)  (52.1745 , 8)  (52.1316 , 2)  (47.7794 , 5)  (47.1011 , 1)  (38.0184 , 4)  
(100.286 , 5)  (56.5482 , 2)  (53.0879 , 6)  (51.2099 , 9)  (49.6588 , 8)  (48.6948 , 7)  (47.8 , 4)  (44.874 , 1)  (42.2289 , 3)  
