 -------------------1076------------
(102.396 , 3)  (60.5694 , 7)  (59.4327 , 1)  (55.8875 , 2)  (55.8772 , 6)  (53.8874 , 9)  (47.8409 , 8)  (41.3826 , 4)  (40.628 , 5)  
(103.902 , 7)  (56.7401 , 9)  (52.6193 , 3)  (52.5977 , 6)  (51.7062 , 1)  (50.3868 , 2)  (47.2202 , 5)  (45.8049 , 4)  (40.3016 , 8)  
(95.7623 , 2)  (60.6854 , 9)  (57.9029 , 3)  (56.0093 , 1)  (52.312 , 6)  (50.8195 , 8)  (47.4496 , 7)  (44.4678 , 4)  (42.1737 , 5)  
(80.2157 , 9)  (75.0994 , 7)  (65.4438 , 5)  (62.5823 , 6)  (51.8688 , 2)  (51.7392 , 1)  (51.5864 , 3)  (50.3653 , 4)  (39.8501 , 8)  
(92.7917 , 4)  (74.0387 , 6)  (65.5422 , 7)  (52.3746 , 1)  (48.3039 , 3)  (46.394 , 9)  (45.7273 , 2)  (43.9574 , 5)  (43.7304 , 8)  
(105.299 , 1)  (58.8414 , 7)  (50.4767 , 4)  (49.9066 , 3)  (49.231 , 6)  (48.9274 , 9)  (47.7715 , 5)  (47.2854 , 2)  (44.5794 , 8)  
(101.745 , 6)  (63.6586 , 8)  (50.8278 , 7)  (50.4258 , 1)  (50.3906 , 5)  (45.9693 , 4)  (44.5952 , 9)  (44.5594 , 2)  (42.9159 , 3)  
(93.2358 , 8)  (57.8049 , 5)  (56.4274 , 3)  (55.6968 , 7)  (55.3757 , 4)  (52.2084 , 1)  (51.8236 , 9)  (50.8293 , 6)  (47.5427 , 2)  
(91.8137 , 5)  (57.8931 , 1)  (55.0794 , 3)  (53.4279 , 6)  (51.6004 , 7)  (49.6541 , 9)  (46.2897 , 2)  (45.9694 , 4)  (42.0052 , 8)  
