 -------------------293------------
(101.903 , 5)  (72.3389 , 9)  (53.698 , 4)  (51.5627 , 6)  (48.4368 , 1)  (46.4988 , 2)  (46.0125 , 7)  (43.0022 , 3)  (41.6073 , 8)  
(107.747 , 6)  (53.5236 , 2)  (50.8952 , 4)  (49.4076 , 3)  (49.1324 , 7)  (48.7982 , 8)  (47.4294 , 9)  (46.9666 , 5)  (45.4735 , 1)  
(97.5892 , 2)  (56.5385 , 9)  (54.7252 , 3)  (53.4484 , 7)  (50.8508 , 5)  (49.5771 , 1)  (49.2248 , 6)  (47.2968 , 8)  (46.0707 , 4)  
(94.2116 , 9)  (59.3603 , 4)  (58.3726 , 7)  (53.6454 , 1)  (53.211 , 8)  (51.579 , 6)  (45.6278 , 3)  (41.5657 , 2)  (36.9698 , 5)  
(100.665 , 3)  (61.6107 , 8)  (61.3413 , 7)  (58.8053 , 6)  (54.6554 , 2)  (53.165 , 4)  (44.6502 , 1)  (40.2731 , 5)  (37.7228 , 9)  
(98.4851 , 8)  (63.5319 , 7)  (62.5416 , 9)  (58.6211 , 3)  (56.8808 , 6)  (50.595 , 1)  (43.1402 , 2)  (42.6614 , 4)  (40.1768 , 5)  
(104.83 , 4)  (59.0722 , 6)  (52.8234 , 7)  (51.0943 , 2)  (50.969 , 8)  (50.3071 , 3)  (49.8515 , 1)  (45.1502 , 9)  (40.8124 , 5)  
(103.103 , 1)  (56.4931 , 6)  (55.9593 , 7)  (49.8507 , 8)  (49.192 , 3)  (49.0553 , 2)  (48.2505 , 9)  (48.0673 , 5)  (46.8518 , 4)  
(106.967 , 7)  (59.4365 , 3)  (53.5851 , 5)  (53.0417 , 8)  (52.9583 , 1)  (50.8789 , 6)  (45.4854 , 4)  (35.3602 , 9)  (34.4949 , 2)  
