 -------------------687------------
(95.7118 , 1)  (59.5709 , 3)  (59.0829 , 6)  (55.0621 , 7)  (51.7269 , 8)  (51.2966 , 2)  (50.7464 , 9)  (45.8518 , 5)  (42.4502 , 4)  
(89.9931 , 8)  (55.443 , 7)  (55.0562 , 5)  (54.3028 , 3)  (52.5162 , 6)  (51.0477 , 4)  (50.0556 , 2)  (49.2064 , 9)  (48.5723 , 1)  
(83.7924 , 5)  (66.2139 , 8)  (58.1502 , 4)  (57.8563 , 3)  (57.8041 , 6)  (57.4585 , 1)  (54.1365 , 7)  (41.8729 , 9)  (32.0736 , 2)  
(101.287 , 2)  (56.8111 , 9)  (53.9586 , 3)  (52.7892 , 1)  (51.1499 , 8)  (50.1468 , 5)  (47.0945 , 6)  (44.6244 , 7)  (44.4886 , 4)  
(99.5259 , 3)  (61.7411 , 1)  (54.9246 , 9)  (53.2497 , 7)  (52.4179 , 2)  (51.1769 , 6)  (44.5701 , 4)  (41.8671 , 5)  (41.368 , 8)  
(96.4742 , 9)  (61.4385 , 6)  (56.6831 , 3)  (53.5667 , 7)  (52.5483 , 4)  (48.1241 , 2)  (45.8696 , 8)  (45.2125 , 1)  (40.8554 , 5)  
(94.1589 , 7)  (63.4447 , 9)  (57.0601 , 1)  (54.8581 , 6)  (51.3634 , 3)  (50.3802 , 2)  (50.0633 , 5)  (40.6243 , 4)  (39.2983 , 8)  
(99.2532 , 4)  (63.1816 , 9)  (62.1129 , 6)  (59.5777 , 1)  (51.4052 , 2)  (49.6017 , 7)  (47.9637 , 5)  (42.4447 , 8)  (36.9099 , 3)  
(103.027 , 6)  (57.4245 , 2)  (56.9704 , 4)  (54.2519 , 3)  (53.2304 , 1)  (50.4217 , 9)  (48.3907 , 7)  (47.9015 , 5)  (42.5928 , 8)  
