 -------------------574------------
(90.9776 , 4)  (71.8626 , 6)  (69.3975 , 9)  (55.3383 , 1)  (53.2586 , 3)  (51.8755 , 2)  (48.7249 , 7)  (45.9435 , 5)  (36.592 , 8)  
(101.689 , 5)  (63.0302 , 4)  (59.4177 , 8)  (49.0838 , 1)  (47.5234 , 3)  (47.4695 , 6)  (46.6161 , 7)  (42.5219 , 9)  (41.8191 , 2)  
(88.1324 , 9)  (64.2207 , 4)  (57.2773 , 2)  (56.873 , 5)  (54.7959 , 7)  (48.8159 , 6)  (47.3886 , 3)  (40.2115 , 1)  (34.9809 , 8)  
(104.917 , 1)  (53.8255 , 7)  (50.742 , 4)  (49.8658 , 8)  (49.5086 , 2)  (48.473 , 3)  (47.6637 , 6)  (43.6643 , 9)  (42.9033 , 5)  
(90.2538 , 6)  (73.983 , 5)  (58.3718 , 1)  (57.051 , 8)  (54.2845 , 2)  (50.3891 , 7)  (49.3499 , 9)  (38.3015 , 4)  (36.5822 , 3)  
(100.364 , 8)  (60.4243 , 2)  (54.0854 , 1)  (53.219 , 7)  (52.9764 , 4)  (50.9859 , 5)  (50.7103 , 6)  (49.4642 , 3)  (42.06 , 9)  
(93.9313 , 2)  (80.6504 , 7)  (54.6393 , 6)  (52.9738 , 3)  (46.7174 , 5)  (45.6396 , 9)  (45.4436 , 4)  (45.1101 , 1)  (43.3471 , 8)  
(79.6422 , 7)  (66.8815 , 9)  (64.1655 , 2)  (63.198 , 3)  (58.5004 , 1)  (54.4572 , 6)  (48.9291 , 8)  (48.2633 , 4)  (37.6587 , 5)  
(105.684 , 3)  (57.9996 , 7)  (54.7692 , 4)  (51.7906 , 5)  (48.9583 , 2)  (48.9475 , 6)  (48.1565 , 1)  (46.8265 , 8)  (42.1747 , 9)  
