 -------------------102------------
(98.3362 , 4)  (69.7217 , 7)  (64.9887 , 5)  (55.6681 , 2)  (50.5881 , 6)  (48.6545 , 3)  (41.6481 , 8)  (40.1797 , 1)  (35.6365 , 9)  
(95.1894 , 8)  (63.6208 , 1)  (56.3423 , 5)  (53.6952 , 4)  (49.8952 , 3)  (49.5791 , 2)  (48.3604 , 7)  (44.426 , 9)  (42.8557 , 6)  
(104.433 , 2)  (60.3113 , 1)  (54.968 , 3)  (53.2149 , 9)  (51.5681 , 8)  (49.03 , 4)  (48.0109 , 5)  (46.2937 , 6)  (42.6094 , 7)  
(107.152 , 7)  (57.1316 , 6)  (51.936 , 5)  (50.6036 , 2)  (48.3016 , 1)  (48.1151 , 9)  (46.9105 , 3)  (46.1834 , 4)  (44.8452 , 8)  
(102.805 , 3)  (59.3782 , 2)  (56.6767 , 7)  (56.2585 , 9)  (55.3622 , 6)  (54.4209 , 8)  (46.4272 , 1)  (37.8093 , 5)  (37.1443 , 4)  
(104.721 , 1)  (54.3261 , 6)  (53.8109 , 7)  (53.3667 , 9)  (50.9055 , 5)  (49.2381 , 3)  (47.2922 , 8)  (46.4371 , 2)  (39.6114 , 4)  
(103.821 , 6)  (53.6297 , 7)  (51.4587 , 9)  (51.2365 , 2)  (49.2308 , 8)  (48.2682 , 5)  (47.3139 , 1)  (47.0507 , 4)  (44.5382 , 3)  
(91.1087 , 9)  (65.6171 , 7)  (59.0984 , 6)  (52.629 , 8)  (51.3949 , 3)  (50.2122 , 2)  (46.4187 , 1)  (45.4325 , 5)  (37.9833 , 4)  
(99.9442 , 5)  (60.7179 , 6)  (53.5529 , 9)  (53.0847 , 7)  (52.7235 , 2)  (50.0804 , 8)  (44.3314 , 1)  (43.2395 , 3)  (39.51 , 4)  
