 -------------------920------------
(79.5983 , 1)  (64.7773 , 2)  (63.2442 , 5)  (61.5774 , 6)  (51.9907 , 8)  (49.9801 , 7)  (48.2518 , 9)  (42.5174 , 3)  (39.8288 , 4)  
(91.703 , 9)  (68.3969 , 6)  (61.5959 , 7)  (60.3975 , 3)  (51.2143 , 1)  (47.4435 , 2)  (45.7355 , 4)  (45.0113 , 5)  (39.2699 , 8)  
(86.7844 , 2)  (69.8726 , 3)  (56.9019 , 7)  (55.093 , 1)  (49.3628 , 8)  (46.234 , 9)  (45.5087 , 5)  (42.8463 , 4)  (41.5391 , 6)  
(100.567 , 8)  (74.6347 , 5)  (63.5802 , 9)  (56.3418 , 7)  (52.4643 , 1)  (51.8567 , 6)  (47.7658 , 2)  (45.3676 , 4)  (38.1798 , 3)  
(95.477 , 5)  (67.4893 , 3)  (61.6532 , 6)  (56.0434 , 9)  (52.5441 , 7)  (50.9576 , 1)  (42.5261 , 2)  (42.2649 , 4)  (37.9035 , 8)  
(83.8563 , 3)  (70.4534 , 7)  (65.9242 , 9)  (57.8372 , 8)  (55.1694 , 2)  (54.1761 , 4)  (50.4362 , 6)  (48.8503 , 5)  (48.1383 , 1)  
(105.457 , 6)  (55.6408 , 4)  (53.1666 , 3)  (52.3461 , 7)  (52.2085 , 8)  (50.8996 , 5)  (47.7795 , 1)  (45.7477 , 9)  (40.0231 , 2)  
(96.2226 , 7)  (67.3317 , 9)  (66.3372 , 6)  (60.2356 , 1)  (56.1416 , 2)  (55.9551 , 5)  (50.3382 , 3)  (43.2255 , 4)  (35.8804 , 8)  
(86.7859 , 4)  (85.7232 , 6)  (69.6651 , 7)  (66.9339 , 5)  (65.4321 , 9)  (48.0987 , 2)  (47.7627 , 1)  (35.1253 , 8)  (34.6555 , 3)  
