 -------------------464------------
(106.489 , 7)  (60.2728 , 6)  (50.2454 , 1)  (49.628 , 4)  (49.5492 , 5)  (47.5139 , 8)  (46.3525 , 9)  (45.522 , 3)  (44.3256 , 2)  
(99.6758 , 4)  (56.7848 , 7)  (56.7827 , 2)  (54.5245 , 3)  (54.4665 , 6)  (52.8587 , 5)  (52.3175 , 1)  (52.2794 , 9)  (39.3551 , 8)  
(99.874 , 6)  (66.0359 , 4)  (56.1979 , 9)  (54.83 , 2)  (53.2901 , 8)  (50.1822 , 7)  (47.7915 , 3)  (42.1219 , 1)  (39.629 , 5)  
(101.072 , 1)  (57.7352 , 2)  (55.518 , 7)  (54.0466 , 6)  (51.7795 , 5)  (49.7826 , 9)  (48.7504 , 3)  (45.3472 , 8)  (42.8477 , 4)  
(72.9291 , 5)  (69.3668 , 9)  (57.5972 , 6)  (55.9672 , 4)  (53.9429 , 3)  (52.9979 , 2)  (52.895 , 8)  (50.4597 , 1)  (45.7377 , 7)  
(95.5079 , 2)  (59.2205 , 3)  (58.6828 , 7)  (57.7359 , 9)  (51.3773 , 8)  (49.9244 , 6)  (49.8688 , 5)  (48.1066 , 1)  (44.7224 , 4)  
(106.724 , 8)  (57.2621 , 3)  (55.1257 , 9)  (52.4922 , 4)  (50.7513 , 2)  (48.7738 , 7)  (47.4084 , 1)  (46.123 , 6)  (45.5185 , 5)  
(86.665 , 5)  (65.1335 , 6)  (65.098 , 3)  (57.0527 , 4)  (56.8242 , 1)  (55.5238 , 8)  (45.6401 , 7)  (43.9371 , 9)  (37.4011 , 2)  
(99.1704 , 3)  (60.9015 , 5)  (56.0335 , 6)  (54.7492 , 9)  (53.0669 , 1)  (51.157 , 7)  (45.2163 , 2)  (43.9513 , 8)  (41.6787 , 4)  
