 -------------------665------------
(92.7579 , 7)  (65.3137 , 9)  (56.4985 , 6)  (56.4552 , 1)  (55.9447 , 2)  (54.3355 , 3)  (48.4632 , 5)  (46.7021 , 8)  (44.8166 , 4)  
(103.317 , 8)  (70.8 , 9)  (61.8164 , 7)  (55.3913 , 6)  (53.1418 , 1)  (46.0234 , 4)  (45.4431 , 2)  (40.9276 , 3)  (31.3676 , 5)  
(104.03 , 6)  (61.362 , 8)  (52.3043 , 7)  (49.3153 , 3)  (46.1657 , 1)  (44.103 , 9)  (43.8016 , 5)  (41.112 , 4)  (38.2202 , 2)  
(93.6702 , 5)  (68.8127 , 3)  (59.8297 , 9)  (55.6057 , 1)  (53.0228 , 6)  (51.9016 , 8)  (46.988 , 2)  (37.9913 , 4)  (37.2414 , 7)  
(76.7051 , 4)  (75.1161 , 7)  (59.7631 , 9)  (59.3181 , 6)  (49.8636 , 1)  (49.4199 , 2)  (49.1525 , 3)  (45.9547 , 5)  (36.6088 , 8)  
(101.999 , 2)  (64.2402 , 8)  (62.4153 , 6)  (58.2251 , 7)  (52.9116 , 9)  (50.1951 , 3)  (45.7632 , 4)  (40.2314 , 5)  (38.4353 , 1)  
(91.9375 , 3)  (58.5421 , 5)  (55.1552 , 7)  (54.4247 , 8)  (51.2006 , 4)  (50.1245 , 2)  (50.0227 , 9)  (49.9615 , 6)  (42.6608 , 1)  
(86.3689 , 9)  (65.661 , 4)  (59.4968 , 7)  (57.0426 , 3)  (50.949 , 5)  (49.4755 , 6)  (47.6931 , 2)  (43.7051 , 8)  (40.1114 , 1)  
(104.084 , 1)  (55.5575 , 7)  (52.3778 , 8)  (50.0754 , 3)  (49.9943 , 2)  (48.6325 , 4)  (48.3346 , 5)  (45.9056 , 6)  (43.0756 , 9)  
