 -------------------178------------
(93.0396 , 8)  (65.7521 , 2)  (63.9826 , 3)  (62.191 , 9)  (54.3817 , 6)  (54.2401 , 7)  (49.3453 , 4)  (46.0477 , 1)  (37.284 , 5)  
(94.1049 , 3)  (69.8387 , 9)  (60.6521 , 2)  (57.0768 , 7)  (54.2021 , 1)  (51.9669 , 4)  (49.29 , 8)  (49.1751 , 6)  (36.8092 , 5)  
(94.1114 , 9)  (65.7975 , 6)  (58.1128 , 5)  (57.9096 , 7)  (51.8451 , 8)  (50.8666 , 1)  (49.7833 , 4)  (44.369 , 2)  (42.1676 , 3)  
(87.1992 , 5)  (82.3204 , 8)  (73.2847 , 6)  (59.1626 , 3)  (44.9873 , 9)  (44.462 , 1)  (42.5525 , 2)  (41.9439 , 4)  (41.6474 , 7)  
(75.6448 , 4)  (61.6585 , 9)  (56.6342 , 6)  (55.8131 , 7)  (53.9133 , 1)  (52.9736 , 5)  (52.4058 , 2)  (51.4163 , 8)  (46.1267 , 3)  
(93.8753 , 6)  (64.8534 , 3)  (54.7194 , 7)  (52.5687 , 5)  (52.0411 , 8)  (49.7168 , 1)  (45.8794 , 4)  (42.2629 , 9)  (38.1979 , 2)  
(106.058 , 7)  (56.7439 , 9)  (54.0659 , 6)  (50.2536 , 1)  (49.35 , 5)  (47.2996 , 2)  (45.8762 , 3)  (44.6281 , 8)  (44.3052 , 4)  
(101.293 , 1)  (61.1299 , 7)  (57.4332 , 4)  (49.8261 , 2)  (49.763 , 6)  (48.2541 , 3)  (47.7991 , 5)  (45.9773 , 9)  (45.2462 , 8)  
(105.085 , 2)  (71.6412 , 1)  (54.6384 , 9)  (52.3432 , 5)  (49.5307 , 4)  (47.2676 , 6)  (47.1945 , 8)  (44.5528 , 3)  (44.073 , 7)  
