 -------------------1071------------
(102.003 , 3)  (61.7859 , 7)  (57.029 , 1)  (56.9846 , 2)  (56.8682 , 6)  (53.3433 , 9)  (44.4316 , 8)  (44.2908 , 5)  (40.8102 , 4)  
(103.716 , 7)  (56.1854 , 3)  (53.7373 , 9)  (53.5625 , 6)  (53.0729 , 1)  (49.6151 , 2)  (46.1974 , 5)  (45.0872 , 4)  (38.5953 , 8)  
(97.7556 , 2)  (59.1087 , 3)  (56.0467 , 1)  (55.0787 , 9)  (54.2136 , 8)  (53.8001 , 6)  (49.8321 , 7)  (41.9875 , 5)  (39.1788 , 4)  
(85.9497 , 9)  (66.5577 , 7)  (63.1232 , 5)  (61.1275 , 6)  (52.7223 , 2)  (52.5731 , 3)  (50.837 , 1)  (48.9148 , 4)  (39.5053 , 8)  
(93.6475 , 4)  (69.4809 , 6)  (60.7099 , 7)  (53.7227 , 1)  (49.0142 , 3)  (48.3889 , 5)  (46.7632 , 9)  (45.3219 , 2)  (41.5131 , 8)  
(103.467 , 1)  (66.2048 , 7)  (55.9208 , 4)  (51.1651 , 6)  (50.0212 , 3)  (46.6564 , 2)  (44.7911 , 8)  (44.67 , 9)  (44.161 , 5)  
(104.242 , 6)  (61.8725 , 8)  (52.0305 , 1)  (51.033 , 4)  (51.0227 , 5)  (50.2727 , 7)  (47.4391 , 3)  (41.6076 , 2)  (40.6485 , 9)  
(94.389 , 8)  (56.0738 , 5)  (55.1408 , 7)  (54.9798 , 4)  (54.6718 , 3)  (54.4632 , 9)  (53.0281 , 1)  (51.4401 , 6)  (45.9952 , 2)  
(90.8022 , 5)  (59.3367 , 1)  (55.6023 , 3)  (51.1072 , 8)  (50.6742 , 9)  (50.6256 , 6)  (50.54 , 7)  (49.547 , 4)  (45.735 , 2)  
