 -------------------808------------
(103.194 , 8)  (58.2993 , 7)  (56.8291 , 1)  (53.3083 , 6)  (51.6532 , 3)  (50.9615 , 2)  (46.8027 , 4)  (44.8938 , 9)  (34.6597 , 5)  
(102.176 , 1)  (63.3672 , 7)  (55.1218 , 2)  (52.9721 , 6)  (52.4022 , 5)  (49.3383 , 9)  (46.4764 , 3)  (43.3287 , 4)  (42.6842 , 8)  
(94.5083 , 9)  (71.4897 , 7)  (66.3992 , 6)  (53.6786 , 1)  (52.1485 , 3)  (47.2349 , 8)  (45.5537 , 2)  (42.9729 , 5)  (38.9829 , 4)  
(99.8908 , 4)  (61.9687 , 7)  (53.1117 , 1)  (53.0073 , 3)  (52.9723 , 2)  (52.7889 , 9)  (52.3205 , 6)  (48.8164 , 5)  (35.9015 , 8)  
(89.2863 , 3)  (67.2626 , 9)  (63.57 , 7)  (62.7197 , 1)  (56.5122 , 6)  (52.2968 , 2)  (45.6633 , 4)  (44.8167 , 5)  (36.0233 , 8)  
(79.5757 , 7)  (79.1112 , 1)  (64.6018 , 9)  (55.612 , 2)  (55.5159 , 5)  (51.5674 , 6)  (51.1665 , 4)  (45.0388 , 3)  (40.8889 , 8)  
(80.4756 , 2)  (72.9224 , 8)  (62.0722 , 3)  (60.8852 , 1)  (51.8599 , 6)  (46.2791 , 7)  (46.1978 , 5)  (46.0475 , 9)  (41.5049 , 4)  
(96.8803 , 5)  (77.6336 , 3)  (59.7505 , 7)  (55.4995 , 6)  (54.8544 , 2)  (52.1427 , 4)  (44.8278 , 9)  (42.1902 , 1)  (34.0317 , 8)  
(99.0298 , 6)  (70.6483 , 5)  (59.4003 , 8)  (53.0212 , 4)  (50.6327 , 1)  (49.591 , 7)  (47.8541 , 3)  (46.5544 , 2)  (41.1845 , 9)  
