 -------------------471------------
(100.933 , 6)  (55.0104 , 2)  (54.3231 , 1)  (53.4556 , 8)  (52.2425 , 4)  (51.8388 , 7)  (50.2898 , 3)  (48.8718 , 5)  (46.4598 , 9)  
(94.3327 , 9)  (54.709 , 1)  (54.6374 , 4)  (53.3908 , 8)  (52.8172 , 7)  (51.1796 , 3)  (50.3329 , 5)  (49.2116 , 6)  (45.3431 , 2)  
(107.872 , 4)  (56.8332 , 7)  (52.6321 , 2)  (48.434 , 8)  (48.2174 , 3)  (47.9682 , 6)  (45.1233 , 1)  (43.376 , 5)  (43.0541 , 9)  
(101.5 , 7)  (65.9229 , 6)  (62.2805 , 4)  (54.315 , 1)  (50.3663 , 3)  (48.3877 , 5)  (45.1839 , 9)  (43.7388 , 8)  (43.1639 , 2)  
(103.109 , 1)  (57.3229 , 3)  (56.2825 , 2)  (51.7923 , 8)  (48.4583 , 4)  (47.4011 , 7)  (46.0768 , 6)  (42.2041 , 5)  (41.5397 , 9)  
(107.455 , 5)  (56.2237 , 8)  (54.1693 , 2)  (51.8572 , 7)  (50.1674 , 4)  (50.0745 , 9)  (45.4939 , 6)  (45.1073 , 1)  (37.6988 , 3)  
(95.5104 , 8)  (64.6254 , 6)  (60.9681 , 1)  (59.8415 , 7)  (50.2687 , 2)  (50.2057 , 5)  (49.961 , 9)  (43.5291 , 3)  (30.8311 , 4)  
(95.3913 , 3)  (59.1681 , 7)  (56.2711 , 1)  (56.0589 , 9)  (54.3572 , 5)  (54.2442 , 2)  (54.0322 , 6)  (39.3997 , 8)  (35.936 , 4)  
(98.9667 , 2)  (60.719 , 8)  (56.8302 , 3)  (55.0396 , 1)  (52.8676 , 6)  (50.247 , 9)  (49.2155 , 7)  (48.8197 , 5)  (42.8896 , 4)  
