 -------------------304------------
(95.2942 , 9)  (60.4981 , 2)  (59.2296 , 4)  (56.4402 , 6)  (51.3857 , 7)  (46.5294 , 5)  (46.4955 , 8)  (43.3981 , 1)  (40.9094 , 3)  
(97.4894 , 8)  (60.8329 , 9)  (59.7816 , 7)  (53.7268 , 1)  (53.3225 , 2)  (51.6701 , 6)  (50.2523 , 4)  (45.1678 , 3)  (44.0082 , 5)  
(103.293 , 7)  (61.5081 , 9)  (54.2851 , 6)  (51.1262 , 2)  (49.6568 , 1)  (46.9394 , 3)  (46.5125 , 4)  (45.0312 , 8)  (40.3947 , 5)  
(97.1036 , 1)  (65.248 , 7)  (61.4827 , 6)  (50.4569 , 5)  (49.5967 , 4)  (49.1783 , 3)  (47.718 , 2)  (45.3036 , 9)  (42.1795 , 8)  
(104.197 , 2)  (60.6219 , 9)  (54.0387 , 7)  (50.8767 , 1)  (50.6077 , 8)  (49.2479 , 3)  (47.6687 , 6)  (45.9281 , 5)  (44.0256 , 4)  
(80.5199 , 6)  (76.131 , 1)  (60.3596 , 8)  (55.6291 , 2)  (52.2436 , 3)  (51.963 , 7)  (49.97 , 9)  (48.1948 , 4)  (45.8601 , 5)  
(102.473 , 3)  (56.5282 , 7)  (52.5307 , 4)  (52.1165 , 6)  (49.6631 , 2)  (48.3322 , 8)  (47.4302 , 5)  (46.1699 , 1)  (40.6828 , 9)  
(92.0925 , 4)  (69.8675 , 6)  (57.5103 , 8)  (55.6685 , 1)  (55.1377 , 7)  (51.735 , 9)  (48.024 , 3)  (46.7254 , 2)  (45.9313 , 5)  
(90.3497 , 5)  (70.1774 , 3)  (60.0632 , 8)  (58.2564 , 9)  (49.6877 , 2)  (48.8031 , 6)  (47.1928 , 1)  (41.1998 , 4)  (40.945 , 7)  
