 -------------------333------------
(92.6173 , 9)  (66.1612 , 7)  (55.1968 , 4)  (52.5651 , 5)  (51.9707 , 6)  (50.89 , 8)  (48.1666 , 2)  (48.1439 , 3)  (47.63 , 1)  
(105.018 , 8)  (56.2481 , 5)  (55.6937 , 4)  (51.6159 , 1)  (49.2412 , 3)  (48.5631 , 9)  (46.6383 , 6)  (46.0888 , 7)  (43.8461 , 2)  
(103.273 , 3)  (60.751 , 6)  (54.9735 , 8)  (51.6668 , 7)  (50.6608 , 4)  (49.215 , 1)  (47.7771 , 9)  (47.4062 , 2)  (47.0388 , 5)  
(89.9262 , 4)  (65.2125 , 9)  (60.205 , 6)  (55.9251 , 2)  (55.731 , 1)  (54.0294 , 7)  (51.3429 , 3)  (46.4239 , 5)  (36.9196 , 8)  
(107.359 , 6)  (58.014 , 4)  (53.9476 , 5)  (52.8928 , 7)  (52.1118 , 9)  (51.0277 , 1)  (49.8903 , 3)  (47.4502 , 2)  (43.8448 , 8)  
(101.451 , 1)  (55.8403 , 7)  (55.3318 , 9)  (53.9535 , 6)  (51.1701 , 8)  (50.5748 , 5)  (49.2492 , 3)  (47.871 , 2)  (43.5572 , 4)  
(103.19 , 7)  (60.6644 , 6)  (55.1011 , 2)  (52.5645 , 1)  (49.9247 , 5)  (49.922 , 9)  (47.2755 , 3)  (42.9735 , 4)  (38.5662 , 8)  
(103.863 , 5)  (60.1217 , 7)  (53.7966 , 2)  (50.4208 , 3)  (50.1792 , 1)  (49.362 , 6)  (44.3753 , 9)  (43.0329 , 8)  (39.3214 , 4)  
(106.895 , 2)  (57.5629 , 3)  (57.0121 , 8)  (51.6038 , 1)  (49.9498 , 4)  (47.699 , 6)  (46.3809 , 7)  (45.6661 , 5)  (45.0265 , 9)  
