 -------------------740------------
(94.8866 , 8)  (67.9161 , 7)  (64.7021 , 1)  (58.3973 , 6)  (54.3914 , 3)  (47.6218 , 4)  (47.4146 , 2)  (45.0557 , 9)  (38.1051 , 5)  
(90.5255 , 6)  (63.0597 , 1)  (62.8101 , 3)  (57.4682 , 4)  (49.6069 , 5)  (45.7004 , 7)  (44.0109 , 8)  (43.911 , 9)  (40.052 , 2)  
(108.034 , 7)  (53.0535 , 5)  (51.9383 , 6)  (50.999 , 2)  (50.2454 , 1)  (49.0784 , 9)  (46.9618 , 4)  (46.6953 , 3)  (46.5495 , 8)  
(93.3868 , 3)  (66.6395 , 2)  (62.2702 , 9)  (56.7081 , 1)  (55.8561 , 5)  (54.7173 , 7)  (50.4873 , 4)  (43.5802 , 6)  (32.8337 , 8)  
(88.0708 , 4)  (77.0033 , 6)  (59.2421 , 1)  (53.6592 , 7)  (52.2917 , 2)  (51.7551 , 5)  (46.2967 , 9)  (43.8937 , 8)  (38.3215 , 3)  
(94.927 , 9)  (68.6176 , 7)  (59.4943 , 6)  (52.5638 , 2)  (50.7406 , 1)  (49.1811 , 3)  (48.6403 , 4)  (45.4647 , 8)  (43.9951 , 5)  
(80.4114 , 2)  (72.2721 , 1)  (66.0869 , 8)  (58.3724 , 3)  (50.9806 , 5)  (50.6962 , 6)  (49.5681 , 9)  (44.2701 , 7)  (39.2721 , 4)  
(100.911 , 1)  (66.8867 , 7)  (59.5216 , 4)  (50.1446 , 2)  (47.8404 , 3)  (46.3275 , 6)  (44.9766 , 5)  (42.8699 , 9)  (42.7876 , 8)  
(103.165 , 5)  (69.6973 , 8)  (54.1398 , 6)  (53.2921 , 4)  (49.3803 , 1)  (45.8126 , 2)  (45.1802 , 9)  (42.2691 , 3)  (41.2542 , 7)  
