 -------------------871------------
(102.426 , 2)  (65.7253 , 3)  (56.7409 , 1)  (50.7682 , 4)  (48.1862 , 7)  (46.578 , 9)  (46.2925 , 5)  (46.2101 , 8)  (41.8961 , 6)  
(92.7435 , 4)  (56.3827 , 6)  (55.8393 , 2)  (53.7914 , 7)  (53.7618 , 1)  (49.059 , 3)  (46.845 , 8)  (41.5794 , 5)  (36.125 , 9)  
(99.8241 , 5)  (64.132 , 2)  (53.6949 , 9)  (53.4897 , 7)  (50.7367 , 6)  (49.3482 , 4)  (48.3774 , 8)  (39.3948 , 3)  (37.9285 , 1)  
(95.5524 , 6)  (52.4175 , 2)  (50.8198 , 8)  (50.6567 , 9)  (49.3474 , 1)  (48.5983 , 5)  (48.3812 , 4)  (47.2794 , 7)  (40.6306 , 3)  
(104.288 , 1)  (65.3503 , 7)  (51.4479 , 2)  (49.2105 , 6)  (48.7636 , 3)  (48.7135 , 5)  (48.2741 , 4)  (44.5406 , 9)  (43.7003 , 8)  
(91.1114 , 9)  (61.9263 , 6)  (57.6585 , 7)  (55.6319 , 3)  (51.7256 , 2)  (49.5648 , 5)  (47.7805 , 4)  (46.2798 , 1)  (44.3099 , 8)  
(91.7691 , 8)  (65.6687 , 2)  (57.0789 , 4)  (55.2878 , 9)  (53.4509 , 1)  (51.9427 , 6)  (49.1801 , 7)  (46.909 , 3)  (43.0665 , 5)  
(97.107 , 7)  (69.8423 , 1)  (57.6909 , 2)  (57.175 , 3)  (52.0331 , 4)  (51.1391 , 8)  (47.3355 , 6)  (46.3782 , 9)  (43.5669 , 5)  
(98.8583 , 3)  (65.1511 , 8)  (58.9672 , 7)  (53.4887 , 1)  (53.3472 , 2)  (51.6891 , 6)  (51.2489 , 4)  (47.7872 , 5)  (37.8728 , 9)  
