 -------------------314------------
(89.4003 , 5)  (63.9495 , 3)  (62.2844 , 7)  (58.134 , 9)  (54.6755 , 8)  (53.5406 , 4)  (51.0155 , 1)  (49.4737 , 6)  (45.5912 , 2)  
(96.9292 , 4)  (61.6563 , 7)  (59.9574 , 2)  (56.8729 , 6)  (50.9977 , 5)  (48.9184 , 8)  (45.6243 , 1)  (41.0541 , 9)  (36.0525 , 3)  
(93.1067 , 1)  (61.5071 , 2)  (60.4844 , 5)  (58.3167 , 6)  (57.4192 , 8)  (54.0418 , 4)  (45.9752 , 7)  (44.0453 , 3)  (33.8832 , 9)  
(101.954 , 3)  (64.1382 , 2)  (56.2884 , 7)  (54.4343 , 1)  (52.2611 , 6)  (49.7254 , 5)  (47.4123 , 9)  (45.2444 , 4)  (44.8021 , 8)  
(93.7074 , 6)  (71.3478 , 1)  (62.8341 , 2)  (55.2575 , 9)  (53.2367 , 8)  (48.5698 , 3)  (46.7333 , 7)  (43.4427 , 5)  (43.4388 , 4)  
(97.3996 , 2)  (62.4923 , 9)  (61.8031 , 7)  (56.2409 , 5)  (55.99 , 8)  (55.5489 , 1)  (50.4495 , 6)  (40.6735 , 4)  (26.7572 , 3)  
(86.0302 , 9)  (70.6653 , 7)  (58.7767 , 6)  (58.4996 , 3)  (55.2722 , 4)  (54.3386 , 1)  (50.8508 , 5)  (46.6195 , 8)  (44.5397 , 2)  
(98.9592 , 8)  (60.5579 , 9)  (56.9093 , 7)  (56.1482 , 1)  (52.0457 , 6)  (50.7107 , 2)  (49.5851 , 3)  (46.813 , 4)  (45.8383 , 5)  
(106.164 , 7)  (53.24 , 3)  (51.9098 , 6)  (50.8568 , 1)  (50.7731 , 8)  (50.4475 , 9)  (48.5587 , 4)  (48.0195 , 2)  (44.679 , 5)  
