 -------------------198------------
(102.143 , 3)  (63.7439 , 5)  (55.1652 , 2)  (52.8021 , 1)  (52.4817 , 4)  (51.6021 , 6)  (48.8285 , 7)  (47.4488 , 9)  (43.6149 , 8)  
(101.053 , 8)  (55.7619 , 9)  (53.1681 , 3)  (52.5652 , 6)  (51.8118 , 4)  (50.728 , 7)  (49.1578 , 2)  (44.745 , 5)  (43.9243 , 1)  
(91.2618 , 1)  (61.2818 , 2)  (56.4606 , 4)  (53.2105 , 5)  (52.7014 , 7)  (50.1376 , 8)  (49.5089 , 3)  (49.4072 , 9)  (47.1536 , 6)  
(100.84 , 4)  (71.8361 , 6)  (61.2735 , 7)  (58.2873 , 9)  (53.7061 , 1)  (46.5299 , 3)  (44.1833 , 2)  (43.7031 , 5)  (42.1515 , 8)  
(106.766 , 7)  (55.3466 , 9)  (55.1992 , 6)  (53.4506 , 1)  (50.1277 , 3)  (47.8821 , 2)  (47.4313 , 4)  (42.3248 , 5)  (41.9926 , 8)  
(99.2281 , 9)  (55.8103 , 7)  (53.5319 , 2)  (51.86 , 3)  (50.9863 , 6)  (50.7133 , 4)  (48.6523 , 1)  (47.143 , 5)  (40.2766 , 8)  
(102.497 , 6)  (56.4665 , 4)  (55.1074 , 1)  (53.9415 , 5)  (50.1695 , 3)  (49.95 , 9)  (46.9596 , 7)  (45.2968 , 2)  (42.7314 , 8)  
(108.215 , 2)  (60.4192 , 1)  (59.7069 , 9)  (54.1799 , 6)  (49.3896 , 7)  (45.5926 , 8)  (45.1578 , 3)  (40.3892 , 5)  (33.9408 , 4)  
(98.5432 , 5)  (62.0804 , 3)  (61.1918 , 9)  (57.0185 , 6)  (56.8867 , 1)  (50.4067 , 7)  (43.4521 , 2)  (39.5793 , 8)  (37.1467 , 4)  
