 -------------------44------------
(97.4509 , 6)  (68.1593 , 8)  (56.6754 , 3)  (56.255 , 5)  (55.3713 , 2)  (54.1308 , 7)  (48.0875 , 4)  (47.9958 , 1)  (34.4063 , 9)  
(99.6371 , 8)  (58.912 , 9)  (56.5034 , 6)  (54.6932 , 2)  (53.9754 , 1)  (52.6174 , 3)  (51.2142 , 7)  (47.4111 , 4)  (37.734 , 5)  
(87.6881 , 9)  (65.1834 , 6)  (61.1197 , 8)  (59.3675 , 2)  (49.3175 , 7)  (48.7761 , 5)  (48.2745 , 1)  (46.5631 , 4)  (36.9113 , 3)  
(94.6824 , 3)  (71.6411 , 7)  (55.4537 , 8)  (53.8836 , 2)  (50.3052 , 6)  (49.8845 , 1)  (49.7875 , 9)  (46.6821 , 5)  (45.058 , 4)  
(105.927 , 7)  (53.609 , 8)  (51.4455 , 2)  (50.0324 , 1)  (48.9885 , 3)  (47.8435 , 6)  (47.4569 , 9)  (46.2988 , 4)  (44.9477 , 5)  
(105.672 , 1)  (55.7265 , 7)  (52.541 , 3)  (49.3173 , 6)  (47.927 , 9)  (47.9071 , 5)  (46.1976 , 8)  (45.9599 , 4)  (42.8506 , 2)  
(103.372 , 5)  (65.9748 , 3)  (57.7041 , 1)  (57.6519 , 6)  (49.1956 , 7)  (44.2033 , 2)  (44.1116 , 4)  (42.9799 , 9)  (40.831 , 8)  
(105.833 , 2)  (54.4336 , 9)  (54.3476 , 7)  (50.744 , 6)  (50.1984 , 8)  (48.7291 , 1)  (48.4172 , 3)  (47.1688 , 5)  (46.225 , 4)  
(99.0544 , 4)  (62.098 , 9)  (61.3285 , 1)  (56.1861 , 7)  (52.5365 , 6)  (49.351 , 5)  (46.5747 , 2)  (43.8967 , 3)  (43.7489 , 8)  
