 -------------------491------------
(99.8322 , 6)  (59.505 , 4)  (59.1318 , 2)  (55.7212 , 7)  (52.7481 , 1)  (50.6137 , 8)  (50.1627 , 3)  (44.6848 , 5)  (44.5388 , 9)  
(96.1296 , 9)  (54.461 , 3)  (52.9153 , 1)  (52.759 , 4)  (52.0587 , 7)  (51.7878 , 6)  (48.9685 , 5)  (47.3147 , 8)  (46.5798 , 2)  
(107.537 , 4)  (57.772 , 7)  (51.7741 , 2)  (50.0205 , 6)  (47.0518 , 5)  (46.4711 , 9)  (44.7678 , 8)  (44.5482 , 1)  (43.5617 , 3)  
(102.651 , 7)  (66.6912 , 6)  (58.9316 , 4)  (50.8509 , 3)  (49.5386 , 1)  (49.2961 , 9)  (44.6325 , 5)  (44.0535 , 2)  (44.0125 , 8)  
(100.188 , 1)  (60.4928 , 2)  (55.8178 , 6)  (51.1475 , 5)  (50.7888 , 7)  (47.8095 , 8)  (44.8642 , 9)  (42.8018 , 3)  (42.4305 , 4)  
(107.634 , 5)  (58.0874 , 8)  (55.8099 , 2)  (52.7322 , 7)  (51.3089 , 4)  (48.2642 , 9)  (46.7121 , 1)  (42.9747 , 6)  (37.7155 , 3)  
(87.9725 , 8)  (64.0862 , 6)  (61.2312 , 7)  (59.1639 , 1)  (54.657 , 5)  (54.157 , 2)  (51.4904 , 9)  (42.4063 , 3)  (34.2355 , 4)  
(93.5423 , 3)  (59.3617 , 7)  (57.0789 , 1)  (55.5996 , 6)  (52.8964 , 9)  (52.7398 , 2)  (51.7143 , 5)  (39.9964 , 4)  (39.4495 , 8)  
(98.9397 , 2)  (57.0307 , 3)  (56.5571 , 8)  (56.3892 , 1)  (51.9071 , 6)  (50.9543 , 5)  (50.1541 , 9)  (49.8601 , 7)  (41.9748 , 4)  
