 -------------------597------------
(90.9365 , 6)  (63.0084 , 2)  (57.9241 , 9)  (55.8055 , 5)  (53.3424 , 8)  (50.9082 , 4)  (47.6993 , 7)  (44.9687 , 1)  (35.3308 , 3)  
(89.6892 , 5)  (80.8676 , 8)  (77.8662 , 6)  (50.9883 , 9)  (50.8458 , 3)  (45.4138 , 7)  (44.4783 , 2)  (37.9778 , 1)  (35.6369 , 4)  
(77.3092 , 9)  (68.6841 , 7)  (60.8361 , 6)  (59.2469 , 1)  (54.2685 , 8)  (47.9601 , 3)  (47.778 , 4)  (45.6475 , 2)  (45.2162 , 5)  
(98.8577 , 8)  (62.3675 , 6)  (59.2629 , 9)  (52.1102 , 1)  (50.9485 , 7)  (48.7953 , 2)  (47.4504 , 3)  (44.545 , 4)  (41.5463 , 5)  
(77.485 , 2)  (71.4725 , 1)  (64.9631 , 8)  (59.7649 , 3)  (55.0285 , 6)  (51.9742 , 7)  (51.416 , 9)  (44.7895 , 5)  (37.2811 , 4)  
(94.664 , 1)  (67.2417 , 6)  (57.7215 , 2)  (55.8931 , 4)  (55.7529 , 5)  (46.9068 , 8)  (45.7064 , 7)  (41.2371 , 3)  (35.8378 , 9)  
(75.9863 , 7)  (64.1336 , 4)  (60.484 , 9)  (55.9709 , 2)  (53.1367 , 5)  (51.1029 , 1)  (49.6609 , 8)  (47.1023 , 3)  (46.3177 , 6)  
(104.913 , 4)  (59.5183 , 7)  (56.3816 , 2)  (53.8242 , 1)  (51.8777 , 6)  (49.5265 , 3)  (49.2144 , 8)  (46.0233 , 5)  (42.4115 , 9)  
(90.0137 , 3)  (62.0621 , 5)  (59.0079 , 7)  (55.2038 , 8)  (55.0248 , 4)  (50.9786 , 2)  (47.6271 , 9)  (45.7522 , 6)  (44.0934 , 1)  
