 -------------------774------------
(102.542 , 1)  (61.2243 , 7)  (56.6321 , 4)  (54.9811 , 6)  (53.5445 , 3)  (46.4287 , 2)  (46.2784 , 9)  (43.6299 , 5)  (42.6409 , 8)  
(85.457 , 3)  (82.2337 , 7)  (58.6418 , 5)  (57.0031 , 6)  (56.4831 , 1)  (49.3858 , 2)  (47.5502 , 4)  (35.4616 , 9)  (34.0288 , 8)  
(77.9582 , 4)  (62.8415 , 6)  (62.6479 , 2)  (57.9172 , 1)  (54.7724 , 7)  (51.3351 , 8)  (51.1861 , 9)  (50.1128 , 5)  (38.8497 , 3)  
(95.1739 , 8)  (60.78 , 3)  (60.5562 , 9)  (59.7521 , 6)  (54.2693 , 2)  (52.9645 , 7)  (45.3537 , 5)  (44.1127 , 4)  (43.2459 , 1)  
(97.9505 , 6)  (60.724 , 4)  (55.7325 , 3)  (54.1379 , 1)  (52.2483 , 7)  (51.3793 , 2)  (51.0033 , 5)  (46.3751 , 9)  (37.7653 , 8)  
(102.076 , 2)  (68.0563 , 3)  (57.3805 , 5)  (55.9729 , 1)  (51.4 , 9)  (49.264 , 4)  (48.6854 , 7)  (37.8256 , 6)  (34.9169 , 8)  
(103.402 , 5)  (61.062 , 3)  (54.6047 , 7)  (52.5361 , 2)  (51.3741 , 6)  (51.1752 , 9)  (47.2295 , 1)  (42.2353 , 8)  (39.4767 , 4)  
(96.8621 , 7)  (63.7185 , 1)  (57.8224 , 2)  (56.8098 , 3)  (54.5663 , 9)  (53.0573 , 6)  (48.5114 , 8)  (41.3965 , 4)  (38.4424 , 5)  
(79.7789 , 5)  (73.2035 , 9)  (62.1909 , 2)  (58.2349 , 4)  (56.204 , 7)  (51.6071 , 1)  (48.8411 , 6)  (43.6648 , 3)  (40.6052 , 8)  
