 -------------------298------------
(100.731 , 5)  (71.8731 , 9)  (57.5673 , 4)  (56.2154 , 6)  (45.9662 , 1)  (45.1059 , 7)  (44.1693 , 2)  (43.1655 , 3)  (40.5011 , 8)  
(106.998 , 6)  (54.0809 , 4)  (52.6728 , 2)  (50.834 , 3)  (49.7634 , 8)  (49.2461 , 7)  (45.9152 , 9)  (45.5389 , 1)  (45.2063 , 5)  
(98.195 , 2)  (56.7134 , 3)  (56.2558 , 9)  (53.1831 , 7)  (51.3836 , 8)  (50.3236 , 6)  (48.504 , 1)  (45.9001 , 5)  (45.8846 , 4)  
(98.7885 , 9)  (61.6429 , 7)  (58.1127 , 6)  (57.7501 , 4)  (51.9864 , 1)  (46.0428 , 2)  (43.8189 , 8)  (40.1263 , 5)  (38.2055 , 3)  
(99.7262 , 3)  (61.2235 , 7)  (61.2134 , 8)  (57.4234 , 6)  (53.6775 , 2)  (51.5106 , 4)  (46.9348 , 1)  (43.7057 , 5)  (37.8691 , 9)  
(96.9026 , 8)  (66.7928 , 9)  (62.3284 , 7)  (58.8553 , 3)  (58.2435 , 6)  (51.0732 , 1)  (47.6848 , 2)  (40.3778 , 4)  (38.3275 , 5)  
(104.851 , 4)  (59.7139 , 6)  (56.2221 , 2)  (50.8646 , 1)  (49.8561 , 9)  (49.8269 , 8)  (48.7868 , 3)  (48.667 , 7)  (34.6385 , 5)  
(100.712 , 1)  (62.6876 , 6)  (58.5296 , 7)  (51.9309 , 2)  (50.619 , 4)  (50.5203 , 5)  (50.0123 , 8)  (47.2564 , 9)  (41.2927 , 3)  
(107.399 , 7)  (58.4641 , 3)  (57.7227 , 6)  (55.2952 , 5)  (50.6292 , 1)  (49.921 , 8)  (44.7705 , 4)  (34.5519 , 9)  (34.2891 , 2)  
