 -------------------27------------
(103.124 , 6)  (61.9749 , 2)  (61.0169 , 5)  (53.9162 , 7)  (52.1378 , 4)  (51.7068 , 8)  (42.1806 , 1)  (42.159 , 3)  (39.5308 , 9)  
(103.407 , 7)  (63.5467 , 3)  (51.6264 , 5)  (50.1177 , 1)  (49.1218 , 2)  (48.9679 , 4)  (48.4562 , 6)  (46.2876 , 8)  (42.1436 , 9)  
(102.378 , 5)  (56.7578 , 8)  (56.0826 , 3)  (52.029 , 4)  (48.6319 , 6)  (47.296 , 7)  (44.844 , 9)  (43.6295 , 2)  (41.9213 , 1)  
(72.3319 , 2)  (66.2593 , 4)  (63.7345 , 8)  (61.4236 , 3)  (56.8606 , 1)  (55.1427 , 6)  (52.7117 , 7)  (50.5111 , 9)  (50.2852 , 5)  
(98.4004 , 9)  (63.7084 , 6)  (60.6376 , 7)  (55.0196 , 3)  (53.3826 , 2)  (48.03 , 4)  (46.7024 , 1)  (42.8956 , 5)  (42.284 , 8)  
(91.0966 , 3)  (72.6829 , 5)  (64.783 , 2)  (56.9542 , 8)  (50.833 , 4)  (49.9191 , 6)  (47.1249 , 7)  (45.1515 , 9)  (42.4773 , 1)  
(97.4968 , 1)  (60.0631 , 5)  (60.0169 , 7)  (59.8984 , 6)  (55.3422 , 2)  (54.6163 , 9)  (43.1393 , 3)  (42.2999 , 8)  (42.076 , 4)  
(100.217 , 8)  (63.7719 , 2)  (56.5359 , 7)  (55.812 , 9)  (55.2166 , 1)  (53.452 , 6)  (50.1714 , 5)  (47.5226 , 3)  (40.7299 , 4)  
(103.722 , 4)  (58.8594 , 6)  (57.9665 , 2)  (52.765 , 8)  (51.2623 , 9)  (51.0818 , 1)  (50.7406 , 3)  (44.4159 , 7)  (39.0049 , 5)  
