 -------------------710------------
(99.1586 , 4)  (71.8681 , 6)  (65.4603 , 9)  (60.0257 , 2)  (56.7233 , 1)  (49.8423 , 5)  (49.3674 , 7)  (38.0237 , 3)  (33.959 , 8)  
(91.8046 , 8)  (64.6209 , 1)  (59.829 , 3)  (53.1433 , 4)  (52.7558 , 5)  (50.9059 , 6)  (48.9739 , 2)  (48.3348 , 9)  (44.7752 , 7)  
(98.6228 , 2)  (59.5588 , 1)  (56.1947 , 3)  (53.3037 , 9)  (52.1819 , 5)  (51.9551 , 4)  (49.5292 , 6)  (48.5332 , 7)  (46.7904 , 8)  
(104.792 , 3)  (57.7384 , 8)  (52.3631 , 9)  (51.7548 , 7)  (50.7173 , 5)  (50.6582 , 4)  (49.0782 , 1)  (47.7245 , 6)  (47.3126 , 2)  
(107.794 , 7)  (54.3956 , 2)  (49.5324 , 1)  (49.1715 , 6)  (48.6653 , 3)  (47.5757 , 8)  (47.0036 , 9)  (45.3995 , 4)  (44.3114 , 5)  
(100.82 , 1)  (55.874 , 7)  (52.9224 , 9)  (51.9751 , 6)  (50.1123 , 2)  (49.3033 , 5)  (47.5973 , 3)  (43.6052 , 8)  (43.2696 , 4)  
(100.428 , 5)  (66.6825 , 6)  (58.981 , 2)  (53.7196 , 4)  (51.3961 , 3)  (50.4646 , 9)  (47.3505 , 7)  (45.6584 , 1)  (44.3359 , 8)  
(88.4502 , 9)  (62.6366 , 7)  (60.8532 , 6)  (52.5262 , 1)  (51.951 , 2)  (50.7881 , 8)  (50.5221 , 3)  (50.0246 , 5)  (49.1437 , 4)  
(105.559 , 6)  (56.8429 , 8)  (54.3703 , 7)  (52.164 , 3)  (50.3912 , 1)  (50.2832 , 5)  (48.9941 , 4)  (45.2802 , 9)  (44.5454 , 2)  
