 -------------------601------------
(86.2144 , 2)  (67.7893 , 7)  (63.4598 , 3)  (54.6539 , 4)  (54.4764 , 1)  (53.6957 , 6)  (52.6439 , 5)  (45.7065 , 8)  (39.3928 , 9)  
(76.0287 , 6)  (64.8218 , 1)  (61.7892 , 2)  (61.4232 , 5)  (59.303 , 7)  (56.5912 , 3)  (56.2082 , 4)  (38.9411 , 8)  (22.5298 , 9)  
(90.8095 , 4)  (70.7009 , 6)  (64.8733 , 9)  (60.6626 , 7)  (60.1573 , 1)  (58.1604 , 2)  (46.9716 , 5)  (39.5949 , 8)  (35.0673 , 3)  
(98.944 , 3)  (58.4639 , 1)  (57.1779 , 2)  (55.3747 , 8)  (54.4131 , 9)  (52.8296 , 4)  (51.5149 , 6)  (49.7676 , 5)  (43.1827 , 7)  
(95.0638 , 8)  (73.2062 , 6)  (59.1564 , 9)  (52.5124 , 2)  (52.3956 , 3)  (48.9946 , 7)  (48.537 , 1)  (46.3169 , 5)  (36.0495 , 4)  
(101.16 , 7)  (62.8438 , 3)  (52.8873 , 5)  (52.493 , 6)  (49.1567 , 4)  (49.1309 , 1)  (47.0582 , 2)  (45.919 , 8)  (40.4624 , 9)  
(90.2112 , 5)  (64.2952 , 3)  (57.2519 , 9)  (54.2419 , 8)  (53.7405 , 4)  (52.336 , 6)  (49.9149 , 1)  (47.2262 , 2)  (46.9894 , 7)  
(104.179 , 1)  (53.8198 , 3)  (53.5575 , 7)  (53.0237 , 6)  (52.8569 , 4)  (50.3576 , 9)  (49.5843 , 8)  (46.2747 , 5)  (44.9643 , 2)  
(98.7538 , 9)  (59.4617 , 7)  (58.0333 , 6)  (51.5047 , 3)  (50.2702 , 1)  (49.1735 , 4)  (49.0157 , 8)  (45.9304 , 2)  (41.9003 , 5)  
