 -------------------502------------
(99.0569 , 9)  (58.6784 , 6)  (58.0506 , 7)  (51.1624 , 2)  (50.2603 , 8)  (48.756 , 4)  (48.0763 , 1)  (47.9699 , 5)  (42.7893 , 3)  
(98.4664 , 6)  (72.1645 , 8)  (60.4699 , 5)  (57.665 , 4)  (55.1731 , 7)  (54.1553 , 2)  (51.5094 , 1)  (48.1989 , 3)  (26.0167 , 9)  
(96.6162 , 8)  (58.2956 , 2)  (57.8572 , 9)  (57.3175 , 4)  (55.6758 , 1)  (54.7013 , 6)  (52.8658 , 7)  (49.5449 , 3)  (33.4989 , 5)  
(107.846 , 7)  (59.6339 , 1)  (52.3872 , 3)  (52.198 , 6)  (51.9392 , 9)  (46.0643 , 2)  (43.3798 , 8)  (41.9435 , 4)  (38.7345 , 5)  
(101.728 , 1)  (59.3958 , 7)  (55.1173 , 2)  (52.6144 , 5)  (50.7089 , 8)  (48.9252 , 3)  (47.7773 , 6)  (46.2849 , 9)  (45.6838 , 4)  
(91.6849 , 3)  (65.4416 , 9)  (57.7801 , 2)  (57.3779 , 8)  (54.2194 , 7)  (50.9345 , 4)  (47.0503 , 1)  (46.9866 , 6)  (44.1641 , 5)  
(85.047 , 5)  (67.9525 , 9)  (66.36 , 6)  (56.3497 , 3)  (52.768 , 8)  (49.06 , 4)  (47.1361 , 2)  (46.1694 , 1)  (43.5093 , 7)  
(104.424 , 4)  (62.9379 , 6)  (57.39 , 7)  (55.2894 , 2)  (51.8329 , 5)  (50.3637 , 8)  (48.4239 , 3)  (44.1596 , 1)  (34.6461 , 9)  
(96.1415 , 2)  (63.512 , 1)  (62.1981 , 9)  (55.1527 , 3)  (48.3711 , 8)  (46.1003 , 5)  (44.6039 , 7)  (43.5294 , 6)  (42.1412 , 4)  
