 -------------------933------------
(82.3786 , 3)  (75.271 , 5)  (69.6786 , 9)  (55.4417 , 6)  (51.7592 , 8)  (50.7811 , 1)  (49.429 , 4)  (48.5219 , 7)  (45.623 , 2)  
(107.149 , 7)  (52.6109 , 9)  (52.3347 , 6)  (51.8903 , 2)  (50.9941 , 5)  (49.038 , 8)  (48.0953 , 1)  (47.218 , 4)  (44.2446 , 3)  
(101.909 , 2)  (71.8345 , 7)  (56.8026 , 9)  (55.5577 , 3)  (53.6993 , 6)  (47.9513 , 5)  (46.9983 , 4)  (45.6673 , 1)  (40.4928 , 8)  
(98.8027 , 4)  (65.7131 , 6)  (60.0325 , 5)  (57.3705 , 7)  (50.8631 , 2)  (50.1664 , 9)  (45.6325 , 1)  (44.8948 , 3)  (39.197 , 8)  
(94.5478 , 8)  (69.8903 , 5)  (62.4041 , 6)  (61.2735 , 1)  (49.5973 , 9)  (48.8113 , 2)  (47.6502 , 7)  (43.7609 , 3)  (37.5698 , 4)  
(98.3016 , 9)  (64.5325 , 6)  (59.6045 , 4)  (52.9502 , 5)  (52.2932 , 1)  (51.4685 , 2)  (48.0511 , 8)  (42.9695 , 7)  (38.8927 , 3)  
(91.7976 , 5)  (59.0242 , 6)  (58.517 , 9)  (57.7704 , 2)  (52.1962 , 7)  (50.0713 , 8)  (44.9971 , 1)  (39.9315 , 4)  (35.2834 , 3)  
(98.5506 , 1)  (54.9762 , 2)  (53.5849 , 8)  (53.4806 , 6)  (52.1675 , 3)  (51.7432 , 4)  (47.6748 , 7)  (46.7985 , 9)  (45.9332 , 5)  
(89.1905 , 6)  (62.6805 , 9)  (58.8414 , 5)  (58.439 , 8)  (55.2598 , 2)  (47.4311 , 4)  (46.7068 , 7)  (45.9327 , 1)  (43.3608 , 3)  
