 -------------------479------------
(101.349 , 6)  (57.1917 , 4)  (56.8237 , 7)  (55.9554 , 2)  (53.9486 , 3)  (50.5372 , 1)  (49.9017 , 8)  (47.2443 , 9)  (44.1208 , 5)  
(95.2788 , 9)  (55.297 , 1)  (53.5143 , 4)  (53.0778 , 6)  (51.262 , 7)  (49.5233 , 3)  (49.1543 , 8)  (47.6539 , 5)  (46.26 , 2)  
(108.143 , 4)  (56.278 , 7)  (50.4307 , 2)  (48.8106 , 6)  (48.334 , 3)  (46.7202 , 1)  (46.3275 , 8)  (45.8815 , 5)  (45.0158 , 9)  
(103.733 , 7)  (64.9205 , 6)  (55.1868 , 4)  (51.7506 , 3)  (50.6793 , 1)  (49.2879 , 9)  (46.3555 , 5)  (44.1512 , 8)  (42.3965 , 2)  
(100.444 , 1)  (55.876 , 2)  (55.2971 , 6)  (52.5221 , 7)  (51.9597 , 8)  (48.4436 , 3)  (48.4411 , 5)  (46.8066 , 9)  (38.6784 , 4)  
(107.015 , 5)  (56.0349 , 8)  (54.3848 , 4)  (50.6645 , 2)  (48.4668 , 7)  (47.1092 , 9)  (45.2894 , 1)  (44.894 , 3)  (42.7203 , 6)  
(94.4268 , 8)  (62.8918 , 6)  (61.0743 , 1)  (59.2714 , 7)  (52.1944 , 5)  (50.7953 , 9)  (50.6441 , 2)  (44.3361 , 3)  (31.2009 , 4)  
(92.2412 , 3)  (60.0057 , 7)  (58.2215 , 1)  (55.174 , 9)  (54.4074 , 5)  (52.4832 , 6)  (52.4708 , 2)  (39.8426 , 8)  (37.3769 , 4)  
(100.905 , 2)  (60.512 , 8)  (57.7375 , 6)  (56.0652 , 1)  (52.07 , 9)  (50.8756 , 3)  (50.3465 , 7)  (48.8223 , 5)  (38.7291 , 4)  
