 -------------------185------------
(102.256 , 3)  (62.2836 , 5)  (60.8938 , 6)  (55.2593 , 2)  (54.9102 , 7)  (53.4017 , 1)  (49.6177 , 9)  (49.0394 , 4)  (44.3402 , 8)  
(102.191 , 8)  (59.1728 , 3)  (53.6999 , 9)  (52.9195 , 4)  (48.4758 , 6)  (47.1657 , 1)  (47.0748 , 2)  (44.9803 , 5)  (44.1547 , 7)  
(87.6835 , 1)  (60.2788 , 2)  (58.8929 , 4)  (56.5094 , 7)  (52.05 , 9)  (51.5683 , 3)  (51.1207 , 5)  (49.6246 , 6)  (45.8223 , 8)  
(102.568 , 4)  (68.2592 , 6)  (61.5896 , 7)  (53.121 , 1)  (50.7747 , 9)  (48.8443 , 3)  (46.9247 , 8)  (42.4981 , 2)  (41.6129 , 5)  
(107.899 , 7)  (59.816 , 6)  (53.7627 , 9)  (52.2218 , 2)  (50.5536 , 1)  (49.035 , 4)  (43.6735 , 5)  (42.0981 , 8)  (39.8865 , 3)  
(98.2271 , 9)  (56.9652 , 7)  (54.605 , 2)  (54.5508 , 4)  (53.2203 , 3)  (48.8082 , 1)  (48.1284 , 6)  (44.4596 , 8)  (44.4528 , 5)  
(104.088 , 6)  (56.1265 , 4)  (55.9825 , 5)  (52.4077 , 1)  (49.7267 , 2)  (49.1385 , 9)  (48.3559 , 7)  (45.3519 , 3)  (40.7314 , 8)  
(108.817 , 2)  (64.6742 , 1)  (59.4868 , 9)  (52.4215 , 6)  (46.0612 , 7)  (45.7523 , 8)  (42.893 , 3)  (42.1008 , 5)  (34.2648 , 4)  
(96.8225 , 5)  (61.5848 , 3)  (61.5132 , 9)  (59.5628 , 6)  (55.8164 , 1)  (49.141 , 7)  (42.193 , 2)  (40.5234 , 8)  (39.0055 , 4)  
