 -------------------260------------
(106.946 , 7)  (55.43 , 6)  (52.75 , 9)  (51.0696 , 3)  (48.9566 , 2)  (48.4347 , 4)  (48.1447 , 1)  (47.6479 , 5)  (43.5304 , 8)  
(93.722 , 3)  (67.8167 , 2)  (62.9862 , 1)  (57.6935 , 4)  (56.8423 , 9)  (55.5786 , 8)  (54.1167 , 6)  (41.9463 , 7)  (40.8631 , 5)  
(101.252 , 8)  (64.7847 , 5)  (58.8213 , 6)  (58.0492 , 7)  (53.2834 , 4)  (48.0101 , 3)  (46.9955 , 1)  (46.5179 , 2)  (44.7988 , 9)  
(92.8222 , 1)  (74.1838 , 7)  (61.8636 , 4)  (55.7543 , 6)  (50.6654 , 2)  (50.5512 , 3)  (48.4118 , 5)  (43.6868 , 9)  (42.6765 , 8)  
(99.3067 , 9)  (62.6746 , 7)  (55.0061 , 6)  (53.5177 , 8)  (53.2287 , 2)  (52.7995 , 1)  (48.581 , 3)  (45.9493 , 4)  (38.7541 , 5)  
(88.5795 , 5)  (71.4673 , 3)  (64.0642 , 6)  (61.5908 , 1)  (50.4264 , 8)  (50.2521 , 7)  (48.0231 , 9)  (44.195 , 4)  (38.1039 , 2)  
(101.467 , 6)  (60.3752 , 8)  (59.0119 , 4)  (53.9668 , 3)  (53.458 , 7)  (48.8244 , 1)  (43.1404 , 5)  (39.6382 , 9)  (36.9992 , 2)  
(87.5983 , 4)  (74.0103 , 6)  (59.0907 , 7)  (49.9326 , 9)  (49.8542 , 3)  (49.5954 , 1)  (49.029 , 5)  (48.9836 , 8)  (48.5364 , 2)  
(104.911 , 2)  (67.9949 , 8)  (59.9563 , 3)  (53.1905 , 9)  (51.4267 , 6)  (47.8741 , 1)  (47.675 , 4)  (42.3782 , 5)  (41.0712 , 7)  
