 -------------------217------------
(97.057 , 2)  (60.2011 , 1)  (56.5854 , 8)  (53.3012 , 5)  (51.4686 , 7)  (49.8173 , 3)  (48.7834 , 4)  (48.2005 , 9)  (45.3011 , 6)  
(94.2866 , 4)  (65.8407 , 6)  (56.2438 , 5)  (52.8761 , 7)  (52.2145 , 2)  (52.0311 , 1)  (51.8017 , 8)  (43.5925 , 3)  (34.1865 , 9)  
(96.3087 , 8)  (64.7874 , 1)  (60.0858 , 2)  (56.7123 , 7)  (52.5312 , 9)  (51.5454 , 6)  (47.7984 , 4)  (45.5176 , 3)  (39.807 , 5)  
(87.7947 , 7)  (63.4191 , 3)  (55.831 , 6)  (53.2203 , 2)  (52.5131 , 5)  (48.7791 , 4)  (48.6763 , 1)  (38.9942 , 9)  (38.7197 , 8)  
(92.3431 , 5)  (61.9216 , 7)  (61.2174 , 3)  (57.8066 , 9)  (56.0452 , 1)  (52.8273 , 8)  (47.8243 , 6)  (47.5816 , 4)  (47.3585 , 2)  
(97.5586 , 9)  (63.4371 , 6)  (61.9115 , 7)  (55.9118 , 2)  (55.8383 , 3)  (49.9245 , 4)  (45.822 , 1)  (38.7145 , 5)  (34.0646 , 8)  
(93.7349 , 1)  (67.7238 , 7)  (59.3581 , 4)  (57.7238 , 2)  (51.7071 , 6)  (49.4923 , 3)  (46.0196 , 5)  (44.3289 , 8)  (37.9184 , 9)  
(103.457 , 6)  (56.3511 , 3)  (52.5519 , 4)  (51.3819 , 5)  (48.5727 , 7)  (48.4474 , 8)  (48.1986 , 1)  (44.5217 , 9)  (41.8749 , 2)  
(95.9053 , 3)  (59.4874 , 9)  (58.5094 , 7)  (55.27 , 2)  (52.4429 , 4)  (51.2828 , 6)  (48.1752 , 8)  (46.9638 , 1)  (45.2051 , 5)  
