 -------------------1077------------
(101.44 , 3)  (66.3528 , 7)  (59.9937 , 6)  (56.8891 , 1)  (54.9769 , 2)  (54.2109 , 9)  (47.1257 , 8)  (40.7128 , 5)  (37.2232 , 4)  
(103.787 , 7)  (54.7694 , 9)  (54.6742 , 3)  (53.4014 , 1)  (53.3961 , 6)  (50.1489 , 2)  (47.5715 , 5)  (44.1263 , 4)  (39.143 , 8)  
(94.3171 , 2)  (62.0334 , 3)  (58.0576 , 1)  (53.3606 , 6)  (53.0491 , 8)  (52.0367 , 9)  (50.6603 , 7)  (40.1587 , 4)  (40.1491 , 5)  
(81.2871 , 9)  (78.8191 , 7)  (64.2903 , 6)  (58.5563 , 5)  (52.7374 , 3)  (50.4068 , 2)  (47.842 , 1)  (46.9032 , 8)  (43.9094 , 4)  
(94.5763 , 4)  (70.2214 , 7)  (68.3637 , 6)  (54.2253 , 1)  (48.7662 , 3)  (48.6357 , 2)  (46.8423 , 9)  (43.348 , 5)  (42.1457 , 8)  
(103.842 , 1)  (60.6276 , 7)  (55.0154 , 4)  (50.786 , 3)  (49.3079 , 6)  (48.829 , 2)  (45.9426 , 8)  (45.8616 , 5)  (45.2674 , 9)  
(103.589 , 6)  (65.8616 , 8)  (54.6544 , 1)  (54.6411 , 7)  (53.7112 , 4)  (49.385 , 5)  (49.3725 , 3)  (39.6473 , 2)  (38.9319 , 9)  
(95.5094 , 8)  (57.3501 , 3)  (57.0018 , 5)  (53.5076 , 1)  (52.4499 , 4)  (51.1584 , 7)  (50.1317 , 6)  (49.919 , 9)  (46.1075 , 2)  
(91.7882 , 5)  (55.289 , 1)  (54.3144 , 3)  (52.9044 , 4)  (51.4671 , 6)  (49.5553 , 7)  (48.9386 , 2)  (48.6794 , 9)  (48.1991 , 8)  
