 -------------------1127------------
(82.2848 , 8)  (75.6637 , 1)  (67.8422 , 6)  (56.7927 , 3)  (52.7927 , 5)  (52.7908 , 2)  (50.2262 , 9)  (46.4874 , 4)  (34.064 , 7)  
(106.845 , 7)  (53.3672 , 6)  (51.3535 , 4)  (50.7274 , 9)  (50.5423 , 8)  (48.4981 , 5)  (48.238 , 1)  (45.507 , 2)  (45.22 , 3)  
(103.416 , 2)  (76.9058 , 3)  (57.8513 , 9)  (48.3373 , 4)  (48.3291 , 1)  (47.928 , 6)  (39.6926 , 7)  (37.949 , 5)  (34.0848 , 8)  
(98.9444 , 5)  (65.3322 , 3)  (53.6751 , 6)  (53.2583 , 1)  (51.1333 , 7)  (49.4715 , 2)  (47.5375 , 8)  (44.787 , 9)  (44.0426 , 4)  
(84.3384 , 6)  (73.2969 , 5)  (63.8733 , 8)  (56.9565 , 1)  (51.1913 , 2)  (50.5874 , 7)  (48.6062 , 3)  (46.8732 , 9)  (34.7462 , 4)  
(85.9072 , 3)  (84.8087 , 7)  (58.4434 , 6)  (55.2149 , 2)  (50.6365 , 4)  (49.6035 , 1)  (46.7024 , 9)  (43.9637 , 5)  (39.414 , 8)  
(87.3344 , 9)  (66.7369 , 6)  (65.2369 , 7)  (53.7003 , 1)  (53.349 , 3)  (50.4058 , 2)  (48.7008 , 8)  (47.8558 , 5)  (42.4196 , 4)  
(77.2291 , 4)  (60.4952 , 1)  (56.9755 , 6)  (55.9331 , 8)  (54.3901 , 2)  (53.4769 , 9)  (50.9543 , 5)  (46.7518 , 7)  (45.0875 , 3)  
(103.407 , 1)  (60.7153 , 7)  (51.047 , 4)  (49.6028 , 3)  (49.0259 , 8)  (48.3716 , 2)  (47.1453 , 6)  (44.0939 , 5)  (40.5979 , 9)  
