 -------------------877------------
(101.482 , 2)  (64.4908 , 3)  (57.8528 , 1)  (50.9054 , 7)  (48.6919 , 9)  (48.501 , 6)  (45.3001 , 5)  (44.5445 , 4)  (44.4072 , 8)  
(92.0365 , 4)  (56.5821 , 6)  (55.0977 , 2)  (53.7825 , 7)  (52.8945 , 1)  (50.111 , 3)  (47.8704 , 8)  (41.0114 , 5)  (38.2305 , 9)  
(98.5934 , 5)  (63.8331 , 2)  (59.7673 , 9)  (51.1053 , 7)  (50.3912 , 8)  (49.0281 , 6)  (44.2112 , 3)  (43.9247 , 4)  (38.8849 , 1)  
(96.1168 , 6)  (51.351 , 2)  (51.2183 , 9)  (50.6768 , 8)  (49.61 , 4)  (48.7224 , 1)  (48.0911 , 5)  (45.6458 , 7)  (42.3572 , 3)  
(103.645 , 1)  (67.4801 , 7)  (53.0383 , 2)  (50.2808 , 6)  (48.4019 , 9)  (47.6981 , 4)  (47.2753 , 5)  (46.1649 , 3)  (43.3626 , 8)  
(92.4844 , 9)  (61.4238 , 6)  (57.298 , 7)  (53.0518 , 3)  (52.0062 , 2)  (47.8915 , 4)  (47.4381 , 1)  (47.2649 , 5)  (45.4186 , 8)  
(91.8109 , 8)  (64.1097 , 2)  (58.1701 , 9)  (56.5415 , 1)  (51.2565 , 6)  (49.7279 , 7)  (47.4439 , 4)  (46.2352 , 3)  (45.7996 , 5)  
(98.4164 , 7)  (67.7013 , 1)  (58.2333 , 2)  (57.4524 , 3)  (49.2289 , 4)  (49.2037 , 6)  (49.1336 , 8)  (48.6956 , 9)  (41.6868 , 5)  
(98.7317 , 3)  (65.3095 , 8)  (58.5836 , 7)  (54.0637 , 2)  (52.7509 , 1)  (51.7458 , 4)  (51.3626 , 6)  (48.1017 , 5)  (37.7207 , 9)  
