 -------------------426------------
(95.2138 , 4)  (74.9118 , 6)  (67.0295 , 2)  (54.9847 , 1)  (49.224 , 9)  (45.9242 , 5)  (43.7771 , 3)  (43.6965 , 7)  (40.8164 , 8)  
(98.7556 , 7)  (57.7556 , 9)  (57.5472 , 6)  (54.4871 , 1)  (52.8106 , 5)  (51.83 , 3)  (51.6763 , 2)  (42.4404 , 4)  (41.6958 , 8)  
(103.187 , 3)  (60.6977 , 9)  (57.0246 , 6)  (55.2526 , 1)  (52.013 , 2)  (46.6463 , 7)  (45.8577 , 5)  (44.3707 , 8)  (44.2727 , 4)  
(99.3019 , 1)  (67.2995 , 7)  (57.4356 , 6)  (56.8156 , 4)  (53.0676 , 2)  (49.9556 , 3)  (45.7502 , 5)  (42.7448 , 9)  (42.5326 , 8)  
(103.328 , 6)  (58.4654 , 9)  (57.4733 , 2)  (54.071 , 5)  (51.7459 , 1)  (48.3949 , 7)  (48.1984 , 8)  (41.9659 , 3)  (36.4208 , 4)  
(89.7132 , 8)  (67.7072 , 3)  (63.8302 , 9)  (56.7396 , 4)  (50.3723 , 6)  (48.0674 , 5)  (45.5396 , 2)  (45.419 , 1)  (43.3453 , 7)  
(86.8966 , 9)  (63.1103 , 8)  (58.9641 , 2)  (57.5387 , 4)  (55.331 , 6)  (52.4199 , 5)  (45.539 , 1)  (44.6426 , 7)  (40.972 , 3)  
(108.544 , 2)  (56.821 , 5)  (54.2997 , 6)  (52.6962 , 9)  (49.8976 , 1)  (49.4676 , 8)  (45.55 , 3)  (45.4004 , 4)  (45.3574 , 7)  
(98.5851 , 5)  (60.728 , 2)  (58.9457 , 6)  (52.5115 , 8)  (52.3673 , 1)  (49.8471 , 4)  (46.3581 , 7)  (44.1183 , 3)  (43.9014 , 9)  
