 -------------------664------------
(91.5246 , 7)  (70.4866 , 9)  (60.9945 , 6)  (58.7421 , 1)  (53.8253 , 2)  (52.3026 , 3)  (48.7956 , 5)  (43.9888 , 8)  (38.5005 , 4)  
(103.147 , 8)  (71.1014 , 9)  (62.0207 , 7)  (55.666 , 6)  (53.0371 , 1)  (45.9681 , 4)  (45.6644 , 2)  (40.87 , 3)  (31.1439 , 5)  
(105.578 , 6)  (54.5925 , 8)  (54.1172 , 3)  (51.231 , 7)  (46.7087 , 4)  (44.9433 , 1)  (44.118 , 5)  (44.1067 , 9)  (37.8852 , 2)  
(93.1802 , 5)  (68.9354 , 3)  (60.1735 , 9)  (55.2097 , 1)  (53.9645 , 6)  (50.4965 , 8)  (46.6796 , 2)  (38.6661 , 7)  (37.1269 , 4)  
(78.4391 , 4)  (72.9261 , 7)  (63.2252 , 6)  (59.5307 , 9)  (52.0993 , 1)  (49.9347 , 2)  (47.9143 , 5)  (46.1818 , 3)  (34.5642 , 8)  
(101.935 , 2)  (64.3561 , 8)  (62.75 , 6)  (58.2469 , 7)  (52.6861 , 9)  (50.4314 , 3)  (45.9983 , 4)  (39.7703 , 5)  (38.4484 , 1)  
(91.9484 , 3)  (58.3869 , 5)  (55.1671 , 7)  (54.6934 , 8)  (51.4876 , 4)  (50.3105 , 2)  (49.9633 , 9)  (49.7471 , 6)  (42.4938 , 1)  
(86.2396 , 9)  (66.6246 , 4)  (59.9165 , 7)  (56.1994 , 3)  (50.0808 , 5)  (50.0455 , 6)  (47.777 , 2)  (43.5688 , 8)  (40.7188 , 1)  
(104.012 , 1)  (55.5158 , 7)  (53.0165 , 8)  (50.1857 , 3)  (49.6726 , 2)  (48.0966 , 4)  (48.0724 , 5)  (46.0447 , 6)  (42.8218 , 9)  
