 -------------------1130------------
(84.2965 , 8)  (75.9737 , 1)  (66.7303 , 6)  (57.3877 , 3)  (53.1582 , 5)  (51.3674 , 2)  (49.1121 , 9)  (46.6792 , 4)  (34.2827 , 7)  
(106.369 , 7)  (53.8878 , 6)  (51.0723 , 8)  (50.756 , 9)  (50.6557 , 4)  (49.0978 , 5)  (48.3191 , 1)  (45.8803 , 2)  (45.5116 , 3)  
(102.051 , 2)  (81.0002 , 3)  (50.4355 , 4)  (49.3065 , 6)  (48.5283 , 1)  (47.7522 , 9)  (45.3315 , 7)  (40.8903 , 8)  (34.6318 , 5)  
(98.9503 , 5)  (66.7003 , 3)  (54.6926 , 6)  (53.9475 , 1)  (48.6613 , 2)  (48.059 , 9)  (47.299 , 8)  (47.1647 , 7)  (45.6939 , 4)  
(83.2227 , 6)  (73.0975 , 5)  (63.497 , 8)  (57.3176 , 1)  (52.0227 , 2)  (51.7688 , 7)  (48.3576 , 3)  (45.5056 , 9)  (35.1475 , 4)  
(86.0612 , 3)  (84.4306 , 7)  (58.6796 , 6)  (54.9151 , 2)  (50.717 , 4)  (49.8948 , 1)  (48.0904 , 9)  (43.9562 , 5)  (38.1572 , 8)  
(86.9319 , 9)  (61.8397 , 7)  (59.1045 , 6)  (55.7231 , 8)  (53.9607 , 1)  (52.4383 , 3)  (50.5356 , 4)  (49.2374 , 5)  (48.4507 , 2)  
(77.9367 , 4)  (60.1853 , 1)  (57.4397 , 6)  (56.0439 , 8)  (54.5906 , 2)  (53.7696 , 9)  (50.3689 , 5)  (47.0142 , 7)  (45.5836 , 3)  
(102.237 , 1)  (64.3907 , 7)  (50.8931 , 6)  (50.6225 , 4)  (49.0121 , 2)  (47.5047 , 5)  (46.5871 , 3)  (45.3119 , 8)  (40.4911 , 9)  
