 -------------------282------------
(103.543 , 5)  (67.3982 , 8)  (66.7896 , 2)  (49.4918 , 1)  (47.7792 , 6)  (47.2526 , 3)  (44.4207 , 9)  (42.2928 , 4)  (40.756 , 7)  
(94.8342 , 8)  (71.3231 , 6)  (55.7103 , 9)  (55.5226 , 2)  (53.3816 , 3)  (51.1642 , 7)  (48.4889 , 5)  (46.596 , 1)  (36.4272 , 4)  
(103.044 , 1)  (67.5629 , 7)  (51.2677 , 4)  (49.3637 , 5)  (49.315 , 3)  (49.2751 , 2)  (47.2698 , 6)  (45.8417 , 9)  (41.8779 , 8)  
(96.1142 , 6)  (55.9887 , 3)  (55.7096 , 9)  (54.3762 , 5)  (51.2081 , 1)  (48.2746 , 4)  (47.8248 , 7)  (42.0607 , 8)  (35.2032 , 2)  
(94.4222 , 3)  (69.4672 , 7)  (57.9956 , 2)  (56.022 , 6)  (51.2713 , 9)  (50.5967 , 1)  (48.4972 , 8)  (44.6394 , 5)  (39.9879 , 4)  
(104.239 , 2)  (58.1731 , 7)  (57.9502 , 9)  (55.8828 , 6)  (53.0359 , 5)  (48.3613 , 3)  (47.1713 , 1)  (42.6784 , 4)  (41.2189 , 8)  
(105.339 , 7)  (57.6187 , 9)  (52.2727 , 2)  (51.1255 , 1)  (50.4353 , 6)  (49.1189 , 4)  (48.8035 , 3)  (48.0964 , 8)  (40.552 , 5)  
(88.5202 , 4)  (60.1045 , 6)  (56.6518 , 8)  (56.2753 , 5)  (49.8325 , 7)  (49.6142 , 1)  (48.2617 , 2)  (47.9851 , 9)  (43.5867 , 3)  
(89.581 , 9)  (65.4998 , 4)  (61.2752 , 7)  (57.6643 , 3)  (50.1481 , 5)  (49.9684 , 6)  (47.4283 , 2)  (39.3159 , 1)  (37.1089 , 8)  
