 -------------------467------------
(105.813 , 7)  (60.1466 , 6)  (54.0973 , 4)  (49.2062 , 9)  (49.1 , 1)  (48.4378 , 5)  (46.716 , 8)  (46.6898 , 3)  (40.7489 , 2)  
(97.3589 , 4)  (60.5877 , 2)  (57.3826 , 7)  (54.4507 , 5)  (53.7784 , 1)  (53.3258 , 6)  (52.5936 , 9)  (49.8957 , 3)  (40.4617 , 8)  
(99.2514 , 6)  (63.5032 , 4)  (61.5788 , 9)  (53.6407 , 8)  (52.878 , 7)  (52.4342 , 2)  (43.4075 , 1)  (42.8508 , 3)  (37.342 , 5)  
(100.338 , 1)  (59.8143 , 7)  (56.8926 , 2)  (53.727 , 6)  (52.5901 , 5)  (48.4857 , 4)  (46.1589 , 9)  (45.741 , 3)  (42.8591 , 8)  
(74.0028 , 5)  (69.7391 , 9)  (60.9792 , 4)  (58.0844 , 6)  (54.9772 , 1)  (53.0448 , 3)  (52.3636 , 8)  (48.0197 , 2)  (45.9287 , 7)  
(95.6336 , 2)  (59.8897 , 7)  (59.1005 , 3)  (58.4757 , 9)  (51.5611 , 8)  (50.403 , 5)  (49.6181 , 6)  (48.5829 , 1)  (44.1728 , 4)  
(106.696 , 8)  (56.7866 , 3)  (53.0217 , 4)  (51.3406 , 2)  (51.2894 , 5)  (50.5745 , 7)  (49.2283 , 9)  (49.1987 , 6)  (46.0258 , 1)  
(86.4955 , 5)  (67.112 , 3)  (65.0495 , 6)  (58.3102 , 1)  (57.7944 , 4)  (51.8467 , 8)  (46.7469 , 7)  (41.9796 , 9)  (40.6086 , 2)  
(100.294 , 3)  (56.9602 , 9)  (55.8448 , 5)  (55.5997 , 6)  (52.876 , 1)  (47.3563 , 7)  (45.993 , 2)  (45.5021 , 8)  (44.5574 , 4)  
