 -------------------883------------
(85.8772 , 6)  (70.255 , 8)  (67.2901 , 1)  (62.8613 , 2)  (61.7116 , 4)  (48.9053 , 5)  (47.9065 , 3)  (45.9691 , 7)  (36.7786 , 9)  
(95.0203 , 7)  (74.5648 , 2)  (54.1905 , 6)  (52.2494 , 1)  (49.4754 , 8)  (49.2178 , 4)  (48.7201 , 3)  (45.4715 , 5)  (41.5232 , 9)  
(86.5142 , 4)  (81.4056 , 6)  (62.9416 , 9)  (57.0214 , 7)  (56.6281 , 1)  (52.2161 , 5)  (47.8016 , 2)  (43.6796 , 8)  (40.5749 , 3)  
(101.068 , 2)  (58.7563 , 6)  (57.4794 , 9)  (57.1755 , 1)  (46.3563 , 7)  (45.426 , 8)  (45.0306 , 5)  (44.7403 , 3)  (40.8787 , 4)  
(101.178 , 9)  (59.1178 , 7)  (56.2421 , 6)  (54.3809 , 1)  (53.011 , 2)  (51.5716 , 3)  (45.2309 , 8)  (40.3827 , 4)  (39.4654 , 5)  
(103.066 , 8)  (59.4508 , 3)  (58.1052 , 1)  (56.7618 , 9)  (53.6222 , 2)  (49.7536 , 6)  (47.3358 , 7)  (46.406 , 4)  (39.3859 , 5)  
(104.812 , 3)  (55.8854 , 6)  (54.3517 , 9)  (53.8971 , 1)  (53.1602 , 5)  (50.3894 , 7)  (48.231 , 2)  (42.8993 , 8)  (39.8721 , 4)  
(94.1151 , 5)  (65.1964 , 4)  (60.0659 , 3)  (56.871 , 6)  (53.3054 , 8)  (48.1005 , 2)  (46.0798 , 7)  (45.7906 , 1)  (38.949 , 9)  
(105.072 , 1)  (53.612 , 6)  (52.3427 , 4)  (51.2082 , 2)  (50.2307 , 3)  (50.0915 , 5)  (49.9826 , 7)  (48.7333 , 8)  (45.3332 , 9)  
