 -------------------372------------
(80.6725 , 7)  (74.1286 , 9)  (66.9616 , 6)  (57.1999 , 3)  (56.0284 , 1)  (52.2875 , 5)  (45.525 , 8)  (44.0567 , 2)  (43.6228 , 4)  
(100.022 , 8)  (63.6004 , 1)  (62.1179 , 7)  (54.6962 , 9)  (50.5195 , 2)  (50.5107 , 6)  (47.4337 , 4)  (45.8131 , 5)  (44.9525 , 3)  
(102.249 , 1)  (58.26 , 6)  (56.9974 , 7)  (53.7941 , 2)  (53.6077 , 9)  (49.7369 , 3)  (49.1369 , 5)  (47.6175 , 8)  (44.028 , 4)  
(103.165 , 3)  (57.2458 , 4)  (55.5491 , 7)  (50.5226 , 1)  (50.4766 , 2)  (50.4544 , 8)  (47.1361 , 6)  (44.2288 , 5)  (39.4123 , 9)  
(98.6726 , 2)  (58.0979 , 1)  (55.0166 , 7)  (54.1705 , 9)  (51.8017 , 3)  (51.7675 , 4)  (51.3897 , 5)  (49.1349 , 6)  (40.8165 , 8)  
(76.4103 , 9)  (69.2839 , 7)  (63.0155 , 8)  (57.644 , 1)  (53.9953 , 4)  (53.964 , 6)  (45.1879 , 3)  (44.8124 , 2)  (43.6086 , 5)  
(99.0939 , 4)  (61.4314 , 3)  (54.81 , 1)  (54.1375 , 6)  (53.5874 , 7)  (52.922 , 2)  (50.4021 , 9)  (45.7085 , 5)  (39.4832 , 8)  
(103.406 , 5)  (71.4409 , 2)  (59.1735 , 8)  (50.8363 , 1)  (45.1302 , 3)  (44.0129 , 6)  (43.9971 , 9)  (41.5968 , 7)  (40.6181 , 4)  
(104.967 , 6)  (55.0329 , 5)  (52.4875 , 4)  (50.3114 , 2)  (48.9709 , 7)  (48.1283 , 3)  (48.121 , 8)  (48.0115 , 1)  (44.6046 , 9)  
