 -------------------116------------
(108.118 , 7)  (51.8183 , 6)  (50.9421 , 9)  (48.8856 , 2)  (48.6021 , 1)  (48.246 , 4)  (48.1466 , 5)  (47.949 , 8)  (47.2114 , 3)  
(82.0936 , 8)  (77.5544 , 9)  (62.6599 , 7)  (58.9242 , 2)  (55.7365 , 6)  (47.6775 , 1)  (45.5654 , 4)  (45.3002 , 5)  (38.5347 , 3)  
(97.8639 , 6)  (62.3746 , 8)  (58.1679 , 4)  (57.3685 , 3)  (55.5272 , 1)  (50.6795 , 7)  (49.6138 , 5)  (46.4189 , 2)  (41.7189 , 9)  
(90.3523 , 9)  (62.2083 , 6)  (56.0465 , 5)  (55.6652 , 7)  (55.5487 , 4)  (52.9963 , 3)  (51.923 , 1)  (50.4097 , 2)  (44.2439 , 8)  
(107.55 , 5)  (55.9624 , 3)  (54.8221 , 2)  (50.7721 , 6)  (50.702 , 1)  (47.8154 , 4)  (46.793 , 9)  (44.7041 , 7)  (38.8526 , 8)  
(104.725 , 1)  (57.83 , 7)  (55.8242 , 4)  (49.19 , 3)  (47.7359 , 2)  (47.6856 , 6)  (45.8112 , 8)  (45.1412 , 9)  (44.309 , 5)  
(106.053 , 4)  (61.7075 , 2)  (61.5186 , 9)  (58.4946 , 6)  (57.4898 , 1)  (53.3132 , 5)  (44.6381 , 7)  (43.5628 , 3)  (32.4079 , 8)  
(94.8361 , 2)  (63.276 , 7)  (54.1577 , 4)  (52.4904 , 6)  (51.0237 , 3)  (51.0102 , 1)  (50.7064 , 8)  (48.3864 , 9)  (37.2564 , 5)  
(103.906 , 3)  (57.8947 , 1)  (55.9592 , 8)  (52.7057 , 9)  (51.9371 , 4)  (50.4886 , 6)  (49.5995 , 7)  (46.7508 , 2)  (46.7123 , 5)  
