 -------------------531------------
(83.4619 , 7)  (74.0066 , 9)  (63.5387 , 6)  (61.7145 , 1)  (60.1054 , 3)  (48.6607 , 5)  (47.4303 , 2)  (42.9203 , 8)  (41.9903 , 4)  
(102.36 , 9)  (58.3732 , 6)  (53.4055 , 7)  (49.3742 , 1)  (49.1557 , 3)  (47.7249 , 2)  (47.1047 , 8)  (45.72 , 4)  (43.508 , 5)  
(90.9525 , 5)  (68.4861 , 6)  (59.2262 , 1)  (52.2907 , 8)  (51.5515 , 7)  (47.8223 , 2)  (46.2017 , 4)  (40.9486 , 3)  (38.5658 , 9)  
(103.115 , 1)  (58.7531 , 7)  (54.5787 , 6)  (53.1269 , 4)  (52.2439 , 2)  (52.2256 , 9)  (50.6864 , 3)  (46.4601 , 5)  (38.9045 , 8)  
(104.226 , 4)  (63.7245 , 6)  (59.9954 , 9)  (55.6948 , 2)  (53.9428 , 5)  (49.8974 , 7)  (44.5408 , 8)  (44.2583 , 1)  (38.9022 , 3)  
(101.257 , 2)  (56.3179 , 3)  (55.9568 , 1)  (55.0465 , 5)  (50.1421 , 9)  (49.9375 , 7)  (49.1365 , 6)  (47.6507 , 4)  (45.5679 , 8)  
(101.802 , 3)  (60.4322 , 6)  (54.4956 , 2)  (49.9096 , 9)  (49.7652 , 5)  (47.9003 , 1)  (47.6525 , 7)  (47.1668 , 8)  (44.9015 , 4)  
(99.8485 , 6)  (57.2271 , 5)  (55.3275 , 4)  (54.7852 , 1)  (54.5798 , 2)  (52.8152 , 3)  (50.1063 , 7)  (44.3933 , 8)  (41.6577 , 9)  
(87.8875 , 8)  (69.2192 , 9)  (64.5207 , 6)  (54.7637 , 5)  (54.0241 , 3)  (53.7488 , 2)  (46.3585 , 7)  (45.8259 , 1)  (34.0897 , 4)  
