 -------------------465------------
(105.987 , 7)  (61.2919 , 6)  (51.5002 , 1)  (51.4222 , 5)  (50.1121 , 4)  (48.4493 , 9)  (47.0016 , 3)  (43.5165 , 8)  (41.9487 , 2)  
(100.017 , 4)  (57.4367 , 7)  (57.0915 , 2)  (53.8861 , 9)  (53.7794 , 1)  (53.1411 , 6)  (52.4681 , 3)  (52.3192 , 5)  (39.6345 , 8)  
(99.2481 , 6)  (60.6126 , 4)  (59.7962 , 9)  (59.1593 , 2)  (50.4747 , 8)  (46.7451 , 7)  (43.4848 , 3)  (41.0816 , 1)  (40.9596 , 5)  
(101.134 , 1)  (57.7341 , 2)  (55.0777 , 7)  (54.4615 , 6)  (51.4137 , 5)  (49.5553 , 9)  (49.1418 , 3)  (45.417 , 8)  (43.4641 , 4)  
(72.5339 , 5)  (67.1516 , 9)  (58.8012 , 4)  (58.6777 , 6)  (53.5094 , 3)  (52.671 , 2)  (52.655 , 8)  (50.5664 , 1)  (46.2616 , 7)  
(95.6735 , 2)  (60.1597 , 3)  (58.8165 , 7)  (57.66 , 9)  (51.4939 , 8)  (50.114 , 6)  (49.1965 , 5)  (48.1902 , 1)  (44.7788 , 4)  
(106.49 , 8)  (56.178 , 3)  (53.8111 , 4)  (52.0248 , 2)  (51.9329 , 9)  (50.2807 , 5)  (48.9183 , 7)  (47.4812 , 6)  (46.8613 , 1)  
(85.5412 , 5)  (64.7916 , 3)  (64.4848 , 6)  (57.1826 , 4)  (56.291 , 1)  (55.6498 , 8)  (46.9774 , 7)  (43.4288 , 9)  (39.0658 , 2)  
(100.055 , 3)  (60.3711 , 5)  (57.8978 , 6)  (56.0887 , 7)  (51.2078 , 9)  (49.9238 , 1)  (46.1567 , 2)  (42.7238 , 4)  (42.0321 , 8)  
