 -------------------548------------
(104.846 , 4)  (60.3735 , 6)  (56.2035 , 1)  (55.4068 , 7)  (54.7434 , 2)  (48.8829 , 9)  (47.8676 , 5)  (40.1498 , 3)  (36.0436 , 8)  
(99.7135 , 7)  (76.1894 , 9)  (62.6027 , 2)  (59.5648 , 6)  (58.9815 , 1)  (48.5273 , 4)  (45.2715 , 5)  (37.3458 , 3)  (32.2294 , 8)  
(89.6633 , 2)  (75.4861 , 1)  (55.9321 , 5)  (54.8094 , 7)  (48.9628 , 9)  (47.1681 , 6)  (47.0586 , 4)  (45.9239 , 3)  (43.1924 , 8)  
(103.406 , 1)  (53.5958 , 6)  (53.1469 , 4)  (52.1651 , 2)  (51.5277 , 3)  (51.06 , 7)  (49.8429 , 8)  (49.574 , 9)  (48.8245 , 5)  
(105.15 , 3)  (59.4033 , 2)  (56.181 , 7)  (53.0065 , 1)  (51.6236 , 6)  (50.5283 , 9)  (50.2466 , 4)  (44.025 , 5)  (34.247 , 8)  
(100.086 , 6)  (62.2573 , 4)  (60.5388 , 1)  (58.2611 , 3)  (48.4516 , 2)  (46.1843 , 9)  (45.8729 , 5)  (45.4293 , 7)  (38.2447 , 8)  
(92.453 , 8)  (70.2861 , 4)  (59.2634 , 9)  (57.1089 , 7)  (51.3612 , 1)  (51.2668 , 3)  (44.9914 , 5)  (44.8076 , 6)  (41.3832 , 2)  
(75.5034 , 9)  (68.708 , 8)  (63.6011 , 7)  (58.5291 , 1)  (53.9251 , 6)  (52.1805 , 4)  (45.9537 , 3)  (44.7447 , 2)  (40.8819 , 5)  
(91.1316 , 5)  (65.2784 , 3)  (61.2281 , 9)  (54.2089 , 1)  (54.0947 , 6)  (53.7345 , 8)  (49.6993 , 7)  (48.4513 , 4)  (44.0767 , 2)  
