 -------------------619------------
(106.693 , 7)  (56.5021 , 6)  (53.263 , 5)  (50.4332 , 9)  (50.3947 , 2)  (48.8397 , 1)  (48.3618 , 4)  (45.6065 , 8)  (44.1314 , 3)  
(96.306 , 3)  (66.6801 , 2)  (60.492 , 1)  (58.8763 , 4)  (57.5661 , 9)  (54.5 , 6)  (50.655 , 8)  (44.3396 , 5)  (40.8108 , 7)  
(98.6912 , 4)  (62.4616 , 6)  (59.3657 , 5)  (56.6083 , 2)  (53.9724 , 7)  (51.8025 , 9)  (48.1691 , 1)  (45.0212 , 3)  (35.5674 , 8)  
(103.813 , 5)  (66.3682 , 3)  (55.7323 , 1)  (53.7049 , 2)  (50.5724 , 6)  (49.8231 , 9)  (49.5291 , 4)  (43.3887 , 7)  (37.6104 , 8)  
(95.8485 , 6)  (55.178 , 1)  (55.1263 , 9)  (52.2748 , 2)  (51.9257 , 8)  (46.278 , 7)  (46.2706 , 5)  (45.5524 , 4)  (44.2977 , 3)  
(100.877 , 9)  (57.7532 , 7)  (56.7581 , 6)  (52.0299 , 1)  (50.7242 , 2)  (50.3128 , 4)  (49.6273 , 3)  (43.8332 , 8)  (42.8628 , 5)  
(109.359 , 2)  (53.6827 , 4)  (50.5192 , 1)  (49.6859 , 5)  (49.4438 , 9)  (48.6955 , 7)  (48.181 , 3)  (44.9617 , 8)  (43.2608 , 6)  
(105.352 , 8)  (62.0407 , 7)  (61.5807 , 9)  (55.4786 , 1)  (53.447 , 4)  (49.7955 , 6)  (47.5886 , 3)  (43.553 , 2)  (37.0423 , 5)  
(100.808 , 1)  (63.519 , 6)  (59.2718 , 7)  (54.7923 , 8)  (51.7937 , 4)  (49.6679 , 3)  (49.6661 , 5)  (44.8062 , 2)  (40.7882 , 9)  
