 -------------------13------------
(104.633 , 2)  (65.6287 , 6)  (55.1036 , 7)  (53.249 , 1)  (52.0303 , 8)  (49.7439 , 5)  (46.7258 , 9)  (45.1822 , 4)  (42.522 , 3)  
(91.9677 , 5)  (62.9498 , 3)  (61.7666 , 8)  (58.9658 , 9)  (54.078 , 7)  (51.6231 , 4)  (45.7101 , 1)  (42.9301 , 6)  (38.3307 , 2)  
(102.248 , 9)  (55.1629 , 6)  (55.07 , 2)  (52.0384 , 5)  (49.4013 , 3)  (48.6169 , 4)  (48.5989 , 1)  (46.9926 , 7)  (39.997 , 8)  
(100.94 , 7)  (64.0549 , 6)  (61.8445 , 9)  (61.757 , 1)  (56.0507 , 3)  (54.3815 , 5)  (46.3237 , 2)  (40.7059 , 8)  (31.91 , 4)  
(80.5442 , 8)  (63.3139 , 3)  (61.9908 , 9)  (59.7983 , 6)  (51.5448 , 1)  (50.9391 , 5)  (50.9335 , 4)  (46.1985 , 2)  (41.8592 , 7)  
(93.4583 , 3)  (64.2047 , 2)  (55.442 , 7)  (53.2133 , 9)  (52.1846 , 8)  (51.3233 , 1)  (50.8426 , 5)  (48.5834 , 4)  (46.6368 , 6)  
(94.5933 , 6)  (74.129 , 9)  (58.201 , 2)  (56.599 , 4)  (46.8732 , 8)  (46.4222 , 1)  (43.6607 , 7)  (38.6922 , 5)  (31.0644 , 3)  
(81.6908 , 4)  (70.8343 , 7)  (62.7599 , 8)  (61.8041 , 1)  (54.8133 , 5)  (51.6647 , 2)  (51.2336 , 6)  (49.4327 , 9)  (32.2926 , 3)  
(105.817 , 1)  (57.7223 , 7)  (53.8687 , 9)  (51.4722 , 5)  (50.8904 , 2)  (47.1428 , 6)  (43.9348 , 8)  (42.9601 , 3)  (41.294 , 4)  
