 -------------------184------------
(102.11 , 3)  (63.3723 , 5)  (54.5036 , 2)  (54.4193 , 1)  (51.6565 , 6)  (51.4547 , 4)  (50.0008 , 7)  (48.4095 , 9)  (43.2076 , 8)  
(104.065 , 8)  (54.2463 , 3)  (53.7986 , 9)  (50.5811 , 4)  (49.6948 , 6)  (49.3085 , 1)  (47.0778 , 5)  (44.3893 , 2)  (44.372 , 7)  
(89.735 , 1)  (58.3698 , 2)  (55.8533 , 4)  (53.6807 , 5)  (53.4451 , 7)  (52.94 , 9)  (50.3058 , 8)  (48.4221 , 3)  (46.5504 , 6)  
(101.715 , 4)  (72.1047 , 6)  (62.2287 , 7)  (53.6661 , 9)  (52.9842 , 1)  (46.7895 , 3)  (43.7782 , 2)  (43.5566 , 8)  (42.0524 , 5)  
(107.848 , 7)  (62.4663 , 9)  (58.4887 , 6)  (53.7005 , 1)  (51.2591 , 2)  (45.6419 , 3)  (42.3546 , 5)  (40.9675 , 8)  (33.9545 , 4)  
(98.9931 , 9)  (54.6443 , 7)  (53.5331 , 2)  (53.1607 , 6)  (51.6675 , 4)  (51.2226 , 3)  (47.6092 , 5)  (46.8624 , 1)  (41.0946 , 8)  
(103.806 , 6)  (56.7872 , 4)  (54.9381 , 5)  (52.2249 , 1)  (52.0168 , 9)  (50.5182 , 2)  (47.7395 , 7)  (43.845 , 3)  (40.1681 , 8)  
(109.296 , 2)  (62.7558 , 1)  (55.4583 , 9)  (51.405 , 6)  (47.5323 , 8)  (46.4342 , 3)  (43.0936 , 7)  (41.6383 , 5)  (39.65 , 4)  
(97.4806 , 5)  (63.1313 , 9)  (62.0115 , 3)  (59.034 , 6)  (55.5636 , 1)  (49.1092 , 7)  (42.3277 , 2)  (39.3876 , 8)  (37.5884 , 4)  
