 -------------------204------------
(95.5922 , 5)  (68.6799 , 3)  (63.4765 , 6)  (58.3965 , 4)  (58.043 , 1)  (57.5423 , 8)  (40.9978 , 9)  (40.8146 , 7)  (40.3301 , 2)  
(94.8374 , 6)  (56.49 , 1)  (56.3135 , 8)  (56.1559 , 4)  (51.9252 , 2)  (50.6335 , 9)  (50.5646 , 3)  (46.1065 , 7)  (44.9027 , 5)  
(100.196 , 8)  (64.9199 , 7)  (57.2821 , 6)  (52.7046 , 1)  (50.1956 , 5)  (49.3158 , 2)  (47.6638 , 4)  (47.4884 , 3)  (45.4338 , 9)  
(104.139 , 3)  (61.3724 , 2)  (53.4303 , 9)  (51.8418 , 6)  (46.7599 , 8)  (46.4372 , 1)  (43.1788 , 4)  (42.8325 , 5)  (42.469 , 7)  
(100.05 , 4)  (70.861 , 6)  (63.3177 , 2)  (56.296 , 7)  (48.583 , 3)  (45.9612 , 5)  (45.2463 , 8)  (44.3675 , 9)  (43.8885 , 1)  
(101.073 , 1)  (59.4993 , 7)  (53.9957 , 5)  (53.9744 , 4)  (51.0276 , 6)  (50.182 , 2)  (50.0035 , 3)  (47.4063 , 8)  (46.5171 , 9)  
(101.613 , 9)  (56.9928 , 7)  (54.5089 , 8)  (51.9036 , 1)  (50.9797 , 6)  (50.8826 , 2)  (50.2828 , 3)  (49.1944 , 4)  (41.5218 , 5)  
(85.7073 , 7)  (79.5224 , 1)  (65.8777 , 3)  (56.3898 , 2)  (50.0505 , 4)  (49.3681 , 9)  (48.9942 , 8)  (47.4321 , 6)  (42.0805 , 5)  
(92.5399 , 2)  (64.5337 , 5)  (62.131 , 6)  (60.911 , 1)  (57.4566 , 9)  (54.649 , 8)  (51.0497 , 7)  (49.551 , 3)  (36.9739 , 4)  
