 -------------------17------------
(104.615 , 6)  (75.5817 , 2)  (59.4788 , 5)  (57.8153 , 7)  (51.2042 , 4)  (47.5902 , 8)  (40.4458 , 9)  (37.9218 , 3)  (33.8047 , 1)  
(103.328 , 7)  (64.1571 , 3)  (51.8397 , 2)  (51.8146 , 5)  (51.2829 , 6)  (50.2614 , 4)  (46.3138 , 1)  (45.6657 , 8)  (38.5981 , 9)  
(102.106 , 5)  (60.187 , 3)  (54.5304 , 8)  (52.796 , 7)  (51.0802 , 6)  (46.8872 , 4)  (45.3457 , 1)  (44.2125 , 2)  (41.2373 , 9)  
(68.8801 , 2)  (67.6499 , 4)  (65.7917 , 3)  (64.1902 , 8)  (59.5274 , 1)  (54.3953 , 6)  (53.3238 , 9)  (47.4192 , 5)  (47.3906 , 7)  
(88.8586 , 9)  (66.5862 , 8)  (58.5222 , 3)  (57.4922 , 1)  (57.0642 , 6)  (50.7485 , 5)  (49.3706 , 2)  (48.3367 , 7)  (41.5415 , 4)  
(96.2642 , 3)  (73.9556 , 5)  (60.7696 , 2)  (58.7089 , 4)  (50.1275 , 8)  (46.4316 , 6)  (43.6514 , 9)  (42.4011 , 7)  (42.2425 , 1)  
(97.4819 , 1)  (60.7488 , 5)  (59.2065 , 6)  (59.0636 , 7)  (58.4157 , 2)  (57.2211 , 9)  (43.9968 , 3)  (39.651 , 4)  (38.9237 , 8)  
(102.125 , 8)  (61.8401 , 2)  (59.3745 , 9)  (54.0492 , 6)  (53.4165 , 1)  (52.6139 , 7)  (51.1217 , 5)  (45.6935 , 3)  (38.6827 , 4)  
(102.326 , 4)  (63.0968 , 2)  (56.0995 , 6)  (53.0917 , 8)  (52.996 , 1)  (52.7147 , 9)  (51.6935 , 3)  (41.963 , 7)  (39.5317 , 5)  
