 -------------------253------------
(94.5229 , 1)  (79.2424 , 7)  (63.6737 , 4)  (55.5332 , 6)  (52.5006 , 2)  (48.9152 , 3)  (45.0885 , 5)  (37.2762 , 8)  (36.4501 , 9)  
(98.5672 , 4)  (69.5619 , 2)  (56.4466 , 7)  (55.7561 , 1)  (53.8664 , 5)  (49.1475 , 6)  (48.9549 , 3)  (47.5271 , 9)  (39.153 , 8)  
(97.3313 , 9)  (60.2752 , 6)  (57.2756 , 4)  (55.5406 , 7)  (48.7419 , 3)  (48.6039 , 8)  (48.0518 , 1)  (47.3141 , 2)  (41.6633 , 5)  
(91.062 , 5)  (70.3091 , 9)  (59.3683 , 3)  (53.5163 , 1)  (52.5046 , 6)  (52.0385 , 8)  (45.8304 , 7)  (43.0636 , 4)  (42.0402 , 2)  
(107.574 , 3)  (53.0543 , 6)  (50.0252 , 2)  (49.5949 , 1)  (48.7153 , 5)  (47.468 , 9)  (47.2579 , 7)  (42.9224 , 4)  (39.992 , 8)  
(103.745 , 8)  (64.7136 , 6)  (55.4315 , 9)  (54.3518 , 7)  (52.1056 , 1)  (47.6837 , 3)  (45.7281 , 2)  (44.1688 , 4)  (38.605 , 5)  
(89.2354 , 7)  (69.6317 , 8)  (64.1215 , 2)  (60.0541 , 1)  (55.0924 , 3)  (49.9645 , 5)  (49.8068 , 6)  (43.0182 , 9)  (42.6518 , 4)  
(97.4665 , 2)  (76.6109 , 3)  (58.2789 , 9)  (56.4373 , 6)  (56.0172 , 8)  (47.4061 , 4)  (45.1362 , 1)  (42.1937 , 7)  (39.876 , 5)  
(95.7949 , 6)  (72.2403 , 2)  (61.3851 , 5)  (59.5905 , 8)  (50.0676 , 1)  (49.5256 , 7)  (48.3566 , 4)  (45.6645 , 3)  (37.8838 , 9)  
