 -------------------547------------
(103.863 , 4)  (59.0344 , 6)  (57.1503 , 1)  (53.9342 , 7)  (50.6086 , 9)  (50.5232 , 2)  (49.6565 , 5)  (41.3055 , 3)  (37.5438 , 8)  
(99.5527 , 7)  (76.6793 , 9)  (62.5918 , 2)  (59.4022 , 1)  (59.3629 , 6)  (48.029 , 4)  (44.7184 , 5)  (37.8818 , 3)  (32.0471 , 8)  
(90.6475 , 2)  (75.7598 , 1)  (55.0161 , 7)  (54.839 , 5)  (48.7208 , 9)  (46.5597 , 4)  (46.3449 , 6)  (45.7712 , 3)  (43.0686 , 8)  
(102.63 , 1)  (53.8628 , 9)  (53.5429 , 7)  (53.0769 , 4)  (52.4249 , 6)  (51.3722 , 2)  (50.4712 , 3)  (49.0105 , 8)  (48.5144 , 5)  
(105.195 , 3)  (59.8026 , 2)  (56.8472 , 7)  (52.2027 , 1)  (51.5791 , 6)  (50.2621 , 4)  (49.8493 , 9)  (43.6926 , 5)  (34.3891 , 8)  
(100.036 , 6)  (61.9942 , 4)  (60.0241 , 1)  (58.8286 , 3)  (48.0612 , 2)  (46.2959 , 5)  (45.7273 , 9)  (43.8434 , 7)  (39.0459 , 8)  
(92.9307 , 8)  (70.7739 , 4)  (58.4029 , 9)  (57.4023 , 7)  (52.6212 , 1)  (51.6173 , 3)  (44.4088 , 6)  (44.2886 , 5)  (41.2699 , 2)  
(75.7968 , 9)  (68.5859 , 8)  (63.9208 , 7)  (58.4978 , 1)  (53.7648 , 6)  (51.8731 , 4)  (46.3554 , 3)  (44.9339 , 2)  (40.3877 , 5)  
(91.1803 , 5)  (65.1115 , 3)  (60.6822 , 9)  (54.2305 , 1)  (54.1773 , 8)  (54.0465 , 6)  (50.0693 , 7)  (48.5924 , 4)  (44.2048 , 2)  
