 -------------------174------------
(102.145 , 3)  (64.1749 , 5)  (56.4398 , 4)  (53.8072 , 2)  (51.7317 , 1)  (49.1984 , 6)  (48.2576 , 9)  (47.4536 , 8)  (45.5704 , 7)  
(101.487 , 8)  (59.2416 , 9)  (54.1014 , 3)  (50.6715 , 4)  (50.6346 , 6)  (47.9042 , 1)  (47.559 , 2)  (46.0114 , 7)  (44.3064 , 5)  
(89.6313 , 1)  (60.7847 , 4)  (58.6317 , 2)  (56.3414 , 7)  (53.4906 , 3)  (50.3139 , 9)  (50.0314 , 5)  (47.505 , 8)  (46.7354 , 6)  
(101.35 , 4)  (73.4038 , 6)  (61.3242 , 7)  (58.3191 , 9)  (50.6673 , 1)  (47.1142 , 3)  (44.1201 , 8)  (42.5612 , 2)  (42.0727 , 5)  
(107.821 , 7)  (58.3455 , 9)  (53.5055 , 6)  (51.6032 , 1)  (48.205 , 2)  (47.9541 , 3)  (45.0867 , 5)  (44.3802 , 8)  (42.239 , 4)  
(97.9863 , 9)  (57.2535 , 7)  (55.5306 , 6)  (53.8679 , 2)  (50.1861 , 1)  (49.6769 , 4)  (49.2811 , 5)  (46.4962 , 3)  (41.8521 , 8)  
(104.235 , 6)  (57.8068 , 4)  (54.4156 , 5)  (52.7997 , 1)  (49.6891 , 7)  (48.9757 , 9)  (48.0276 , 2)  (44.4406 , 3)  (40.965 , 8)  
(107.307 , 2)  (60.5352 , 1)  (59.5615 , 9)  (54.0881 , 6)  (50.0526 , 7)  (48.2719 , 3)  (45.9485 , 8)  (40.7412 , 5)  (32.8657 , 4)  
(96.0575 , 5)  (66.1057 , 9)  (62.5001 , 3)  (59.6272 , 6)  (55.2214 , 1)  (48.0972 , 7)  (43.8589 , 2)  (38.0512 , 8)  (33.7397 , 4)  
