 -------------------427------------
(94.429 , 4)  (75.6369 , 6)  (67.1842 , 2)  (54.9574 , 1)  (51.421 , 9)  (45.2833 , 5)  (43.4365 , 7)  (43.2452 , 3)  (41.2396 , 8)  
(98.7883 , 7)  (57.85 , 9)  (57.4514 , 6)  (54.37 , 1)  (52.696 , 5)  (51.8895 , 2)  (51.8152 , 3)  (42.4146 , 4)  (41.7725 , 8)  
(103.134 , 3)  (60.6261 , 9)  (56.55 , 6)  (55.0476 , 1)  (51.2661 , 2)  (47.0637 , 7)  (46.6337 , 5)  (44.4878 , 4)  (43.9386 , 8)  
(99.2774 , 1)  (68.076 , 7)  (57.2916 , 6)  (56.9356 , 4)  (52.599 , 2)  (50.0811 , 3)  (45.5526 , 5)  (42.765 , 9)  (42.1247 , 8)  
(103.332 , 6)  (58.3461 , 9)  (56.6406 , 2)  (53.0493 , 5)  (52.0416 , 1)  (47.6971 , 8)  (46.8622 , 7)  (42.8448 , 3)  (38.7039 , 4)  
(87.7868 , 8)  (71.7988 , 3)  (55.4818 , 4)  (53.1627 , 9)  (52.9615 , 6)  (51.6915 , 5)  (44.7482 , 1)  (44.5318 , 2)  (44.3447 , 7)  
(84.7257 , 9)  (63.9641 , 8)  (61.1812 , 4)  (60.1377 , 2)  (53.1295 , 6)  (52.8595 , 5)  (45.8949 , 1)  (44.0091 , 7)  (40.1503 , 3)  
(108.465 , 2)  (56.9776 , 5)  (54.062 , 6)  (53.0733 , 9)  (49.718 , 8)  (49.7012 , 1)  (46.5231 , 7)  (45.6422 , 4)  (45.1012 , 3)  
(97.5736 , 5)  (60.3892 , 6)  (56.5768 , 2)  (56.2521 , 8)  (56.0617 , 1)  (48.3235 , 4)  (48.3095 , 7)  (47.924 , 3)  (42.0694 , 9)  
