 -------------------220------------
(92.2728 , 8)  (77.3443 , 3)  (55.3898 , 7)  (53.3715 , 4)  (51.6108 , 1)  (49.8919 , 5)  (49.8239 , 6)  (48.7134 , 9)  (42.3466 , 2)  
(94.4992 , 4)  (65.5506 , 6)  (56.5213 , 1)  (54.1923 , 7)  (52.2495 , 8)  (51.0597 , 5)  (50.1207 , 3)  (45.9367 , 2)  (32.5438 , 9)  
(105.098 , 6)  (54.5284 , 1)  (53.3806 , 3)  (53.0082 , 2)  (50.172 , 4)  (48.465 , 5)  (47.2803 , 7)  (45.4436 , 8)  (44.7273 , 9)  
(91.2384 , 9)  (71.8639 , 7)  (53.2474 , 2)  (51.6549 , 6)  (50.6797 , 1)  (50.142 , 4)  (49.5723 , 5)  (47.7824 , 3)  (40.1922 , 8)  
(105.419 , 1)  (57.9179 , 7)  (51.8523 , 2)  (51.2163 , 5)  (48.0523 , 9)  (47.8129 , 8)  (47.7625 , 6)  (40.5039 , 4)  (40.3857 , 3)  
(92.0927 , 3)  (64.0135 , 7)  (59.1735 , 5)  (57.2408 , 9)  (53.6814 , 1)  (52.9183 , 2)  (51.4818 , 6)  (45.6134 , 8)  (45.0137 , 4)  
(108.766 , 7)  (55.6107 , 6)  (49.0991 , 2)  (48.0998 , 9)  (47.9673 , 1)  (47.5874 , 5)  (45.9142 , 4)  (42.0645 , 8)  (41.6497 , 3)  
(87.1489 , 5)  (60.6126 , 7)  (59.6456 , 9)  (59.3178 , 3)  (56.473 , 6)  (49.9108 , 2)  (47.488 , 1)  (42.308 , 8)  (41.2104 , 4)  
(77.9891 , 2)  (69.4379 , 8)  (60.412 , 3)  (57.4629 , 7)  (57.2941 , 6)  (54.0183 , 1)  (52.7588 , 4)  (46.142 , 5)  (45.6453 , 9)  
