 -------------------5------------
(105.371 , 2)  (66.3193 , 6)  (53.6259 , 5)  (53.1666 , 7)  (51.886 , 1)  (49.82 , 8)  (48.784 , 9)  (42.9925 , 4)  (37.1089 , 3)  
(89.448 , 5)  (65.3974 , 3)  (65.0026 , 8)  (61.8759 , 9)  (53.3054 , 7)  (49.504 , 4)  (49.2189 , 6)  (45.8477 , 1)  (36.6983 , 2)  
(104.823 , 9)  (56.479 , 6)  (51.9672 , 2)  (49.4387 , 7)  (47.8974 , 1)  (46.8152 , 3)  (45.0592 , 8)  (43.9216 , 4)  (42.939 , 5)  
(99.1721 , 7)  (62.2184 , 3)  (58.1964 , 9)  (56.872 , 6)  (56.4423 , 1)  (47.8732 , 2)  (47.7801 , 5)  (45.0575 , 8)  (44.068 , 4)  
(87.8548 , 8)  (65.4529 , 9)  (61.5702 , 3)  (59.2753 , 2)  (57.1361 , 4)  (51.9438 , 1)  (47.4939 , 6)  (46.8584 , 5)  (42.3821 , 7)  
(95.7638 , 3)  (59.939 , 2)  (54.618 , 9)  (53.6979 , 7)  (52.7058 , 8)  (50.4641 , 1)  (50.3163 , 5)  (47.2843 , 6)  (47.2753 , 4)  
(94.1701 , 6)  (70.1035 , 9)  (57.3253 , 4)  (56.302 , 2)  (47.6209 , 8)  (46.9404 , 1)  (45.3045 , 7)  (37.8271 , 5)  (36.0088 , 3)  
(81.3597 , 4)  (78.8875 , 7)  (70.1864 , 8)  (68.1302 , 1)  (49.4883 , 5)  (48.3446 , 6)  (48.0792 , 2)  (42.1937 , 9)  (38.0707 , 3)  
(105.818 , 1)  (52.953 , 7)  (51.672 , 9)  (50.6616 , 5)  (47.8362 , 2)  (47.7174 , 8)  (47.5326 , 3)  (45.8178 , 6)  (44.2025 , 4)  
