 -------------------522------------
(107.387 , 6)  (54.4981 , 2)  (52.0022 , 4)  (51.6872 , 8)  (51.4691 , 1)  (49.7091 , 9)  (46.0078 , 7)  (45.3217 , 5)  (43.9129 , 3)  
(103.473 , 7)  (59.8389 , 3)  (57.3583 , 8)  (53.0603 , 4)  (52.3578 , 6)  (47.1028 , 2)  (46.6175 , 1)  (43.0787 , 5)  (41.3906 , 9)  
(102.174 , 3)  (58.7446 , 9)  (55.3301 , 6)  (52.4793 , 1)  (52.3382 , 4)  (50.8231 , 2)  (49.58 , 7)  (44.3282 , 8)  (42 , 5)  
(94.4015 , 2)  (64.9296 , 6)  (59.2522 , 1)  (55.6494 , 3)  (53.1236 , 7)  (49.0088 , 5)  (48.6653 , 8)  (46.4811 , 4)  (45.6253 , 9)  
(102.238 , 4)  (62.2804 , 7)  (58.6519 , 2)  (52.2712 , 1)  (51.858 , 6)  (51.6084 , 8)  (49.9421 , 5)  (45.6527 , 3)  (40.1186 , 9)  
(92.9981 , 5)  (66.1393 , 1)  (60.9965 , 3)  (51.0753 , 2)  (50.8941 , 9)  (50.8752 , 8)  (46.3276 , 6)  (46.0193 , 7)  (42.2474 , 4)  
(102.507 , 1)  (68.7366 , 7)  (54.5861 , 2)  (51.2987 , 6)  (48.9035 , 5)  (47.9047 , 9)  (44.2363 , 3)  (44.1536 , 8)  (41.6339 , 4)  
(95.0026 , 8)  (75.5036 , 2)  (58.2532 , 4)  (57.3089 , 7)  (49.5886 , 6)  (46.736 , 3)  (46.0409 , 9)  (44.467 , 1)  (39.0577 , 5)  
(94.9972 , 9)  (63.3573 , 4)  (57.4056 , 3)  (52.2162 , 7)  (51.0747 , 6)  (50.742 , 5)  (50.4556 , 2)  (47.325 , 1)  (39.5203 , 8)  
