 -------------------313------------
(89.4294 , 5)  (62.2828 , 7)  (61.4918 , 9)  (61.3228 , 3)  (55.9632 , 8)  (52.1922 , 4)  (50.9157 , 6)  (49.5777 , 1)  (44.3771 , 2)  
(96.9357 , 4)  (60.9568 , 7)  (60.3631 , 6)  (59.629 , 2)  (52.922 , 5)  (48.199 , 8)  (45.3801 , 1)  (42.2862 , 9)  (35.977 , 3)  
(92.9871 , 1)  (61.7483 , 5)  (60.7283 , 2)  (59.4853 , 6)  (56.978 , 8)  (53.7157 , 4)  (45.3064 , 3)  (45.2459 , 7)  (33.5818 , 9)  
(101.128 , 3)  (63.9284 , 2)  (55.828 , 7)  (54.2198 , 6)  (53.1379 , 1)  (50.209 , 9)  (50.0642 , 5)  (46.2119 , 4)  (43.5085 , 8)  
(93.5852 , 6)  (72.3652 , 1)  (63.9553 , 2)  (54.8606 , 9)  (52.6168 , 8)  (47.9049 , 3)  (46.0811 , 7)  (44.4013 , 4)  (43.844 , 5)  
(96.9687 , 2)  (63.6256 , 7)  (61.9767 , 9)  (55.4365 , 5)  (54.8963 , 8)  (54.275 , 1)  (52.6699 , 6)  (39.2452 , 4)  (26.5325 , 3)  
(86.7558 , 9)  (72.1515 , 7)  (63.8541 , 6)  (57.1449 , 1)  (54.3198 , 4)  (54.1698 , 3)  (52.229 , 5)  (45.5114 , 2)  (43.6218 , 8)  
(101.856 , 8)  (58.5024 , 9)  (56.1667 , 1)  (54.419 , 7)  (50.2164 , 3)  (50.1311 , 6)  (49.9178 , 4)  (45.3438 , 2)  (44.7268 , 5)  
(106.79 , 7)  (53.2602 , 6)  (51.2828 , 3)  (50.7255 , 1)  (49.3225 , 9)  (48.8668 , 8)  (48.8375 , 2)  (47.6695 , 5)  (46.9192 , 4)  
