 -------------------708------------
(103.712 , 4)  (60.5108 , 2)  (60.2947 , 6)  (59.7926 , 9)  (57.6617 , 5)  (54.1983 , 1)  (46.2611 , 7)  (36.8005 , 3)  (35.3216 , 8)  
(92.4626 , 8)  (64.7147 , 1)  (59.5178 , 3)  (53.7706 , 4)  (53.1536 , 5)  (49.884 , 2)  (49.431 , 6)  (48.0574 , 9)  (45.285 , 7)  
(97.3677 , 2)  (61.9485 , 1)  (57.5447 , 3)  (53.462 , 9)  (50.9331 , 5)  (50.2519 , 6)  (49.469 , 7)  (48.4607 , 8)  (47.8587 , 4)  
(104.907 , 3)  (56.7293 , 8)  (52.3441 , 9)  (51.4913 , 7)  (50.7517 , 4)  (49.781 , 5)  (49.7344 , 1)  (48.3161 , 6)  (47.584 , 2)  
(107.292 , 7)  (53.6043 , 2)  (51.341 , 3)  (49.8824 , 1)  (49.1149 , 6)  (48.0359 , 8)  (46.5912 , 9)  (45.6204 , 5)  (44.3979 , 4)  
(100.887 , 1)  (55.1081 , 7)  (51.9528 , 9)  (50.6954 , 6)  (50.0223 , 2)  (49.6513 , 5)  (47.9262 , 3)  (45.7813 , 4)  (43.9926 , 8)  
(99.9233 , 5)  (66.9265 , 4)  (66.2593 , 6)  (59.4453 , 2)  (55.5568 , 3)  (48.2611 , 9)  (47.0262 , 1)  (45.7422 , 7)  (38.1474 , 8)  
(89.5844 , 9)  (62.1609 , 7)  (60.534 , 6)  (52.663 , 3)  (51.6814 , 8)  (51.4736 , 1)  (51.0853 , 2)  (50.6577 , 4)  (47.3367 , 5)  
(105.939 , 6)  (56.2417 , 8)  (54.8824 , 7)  (52.712 , 3)  (51.1052 , 5)  (48.6258 , 1)  (47.737 , 4)  (45.136 , 9)  (44.3301 , 2)  
