 -------------------585------------
(96.5298 , 4)  (69.1326 , 6)  (66.6437 , 9)  (56.553 , 1)  (55.7151 , 3)  (49.4548 , 7)  (46.4369 , 2)  (44.1336 , 5)  (41.1052 , 8)  
(102.539 , 5)  (62.8189 , 4)  (60.9534 , 8)  (47.4002 , 1)  (46.7966 , 6)  (46.1689 , 7)  (44.4936 , 3)  (42.8886 , 2)  (42.2674 , 9)  
(90.7873 , 9)  (64.5645 , 4)  (60.1606 , 2)  (59.0673 , 7)  (57.9771 , 5)  (47.3874 , 6)  (42.1488 , 1)  (42.1314 , 3)  (35.9147 , 8)  
(103.179 , 1)  (59.1614 , 2)  (58.3415 , 7)  (50.6418 , 9)  (48.7857 , 4)  (48.3391 , 6)  (47.4288 , 8)  (46.6375 , 5)  (37.768 , 3)  
(88.6166 , 6)  (71.1226 , 5)  (61.6504 , 1)  (58.407 , 8)  (56.0884 , 2)  (55.2068 , 7)  (45.1157 , 4)  (43.8284 , 9)  (33.3151 , 3)  
(100.719 , 8)  (60.7762 , 2)  (52.01 , 1)  (51.3304 , 6)  (50.4497 , 9)  (47.7177 , 4)  (47.3597 , 5)  (46.7079 , 7)  (45.4144 , 3)  
(91.8338 , 2)  (82.7412 , 7)  (54.4672 , 6)  (53.8271 , 3)  (48.2749 , 5)  (45.7322 , 4)  (44.5497 , 9)  (44.231 , 8)  (43.6463 , 1)  
(80.7363 , 7)  (69.2605 , 9)  (64.1116 , 2)  (63.487 , 3)  (56.0083 , 1)  (53.5174 , 6)  (50.5401 , 8)  (48.9285 , 4)  (37.3609 , 5)  
(106.798 , 3)  (57.0192 , 7)  (52.6582 , 6)  (49.9386 , 5)  (49.6771 , 1)  (47.8213 , 8)  (46.3521 , 9)  (46.0511 , 2)  (44.3677 , 4)  
