 -------------------295------------
(100.777 , 5)  (71.2342 , 9)  (60.8116 , 4)  (53.7906 , 6)  (46.2331 , 1)  (44.0444 , 7)  (42.9509 , 2)  (42.9266 , 8)  (40.4313 , 3)  
(107.608 , 6)  (53.5482 , 3)  (50.2037 , 4)  (49.3057 , 7)  (48.7013 , 2)  (48.131 , 8)  (46.7218 , 9)  (46.2302 , 1)  (45.4519 , 5)  
(98.3512 , 2)  (61.0145 , 9)  (53.3643 , 7)  (52.3891 , 3)  (51.027 , 6)  (49.6699 , 1)  (49.3729 , 5)  (47.0358 , 8)  (40.9315 , 4)  
(97.492 , 9)  (62.501 , 7)  (59.6641 , 4)  (57.8228 , 6)  (51.1972 , 1)  (46.8726 , 2)  (44.7099 , 8)  (40.0142 , 5)  (38.3104 , 3)  
(97.3928 , 3)  (61.4404 , 8)  (61.1563 , 7)  (58.2995 , 6)  (54.4621 , 2)  (48.5753 , 1)  (47.4628 , 4)  (43.9501 , 5)  (39.0291 , 9)  
(93.6545 , 8)  (65.918 , 7)  (64.4014 , 9)  (59.3232 , 3)  (57.3003 , 6)  (51.27 , 1)  (49.0099 , 2)  (41.5238 , 5)  (40.0632 , 4)  
(105.453 , 4)  (59.7062 , 6)  (55.716 , 2)  (49.6259 , 1)  (49.0218 , 8)  (48.5516 , 7)  (47.9303 , 3)  (47.1986 , 9)  (37.5299 , 5)  
(102.622 , 1)  (58.6716 , 7)  (58.259 , 6)  (48.7395 , 2)  (48.1929 , 9)  (47.9735 , 5)  (47.8572 , 3)  (47.8246 , 4)  (47.5707 , 8)  
(107.543 , 7)  (60.1306 , 5)  (59.6875 , 3)  (56.6658 , 6)  (52.9872 , 8)  (48.6441 , 1)  (46.2988 , 4)  (32.7991 , 9)  (29.8203 , 2)  
