 -------------------225------------
(93.5054 , 8)  (68.1454 , 3)  (57.9782 , 9)  (54.5556 , 4)  (51.9456 , 7)  (50.9615 , 1)  (49.5417 , 2)  (49.0744 , 5)  (44.554 , 6)  
(94.5627 , 4)  (68.2225 , 6)  (56.8548 , 1)  (56.1411 , 5)  (52.2914 , 8)  (51.2473 , 7)  (47.3832 , 3)  (44.3734 , 2)  (35.8204 , 9)  
(105.653 , 6)  (54.2484 , 1)  (53.9103 , 4)  (52.9578 , 3)  (50.428 , 2)  (48.1686 , 5)  (47.9338 , 8)  (47.8441 , 7)  (42.4805 , 9)  
(90.4406 , 9)  (71.229 , 7)  (55.6047 , 2)  (52.3205 , 5)  (52.1357 , 1)  (51.1625 , 6)  (50.3036 , 4)  (49.0884 , 3)  (38.8409 , 8)  
(101.943 , 1)  (59.8781 , 2)  (57.8986 , 9)  (52.6374 , 6)  (52.179 , 5)  (51.3529 , 3)  (39.6954 , 7)  (39.6235 , 8)  (36.6746 , 4)  
(92.6878 , 3)  (59.0406 , 7)  (58.7426 , 9)  (58.5562 , 5)  (54.025 , 2)  (53.6109 , 1)  (51.3932 , 6)  (46.9929 , 8)  (45.9938 , 4)  
(108.06 , 7)  (56.2146 , 6)  (53.0268 , 2)  (51.6321 , 9)  (49.8099 , 1)  (48.475 , 5)  (44.8524 , 4)  (41.0102 , 8)  (39.1555 , 3)  
(75.7291 , 5)  (64.6431 , 3)  (58.9933 , 6)  (58.0716 , 9)  (51.7712 , 2)  (51.6161 , 4)  (49.5928 , 8)  (48.7315 , 7)  (47.1248 , 1)  
(76.9326 , 2)  (68.9462 , 8)  (61.5559 , 6)  (59.451 , 7)  (58.1347 , 3)  (49.694 , 1)  (49.3816 , 4)  (47.7345 , 9)  (46.8478 , 5)  
