 -------------------679------------
(99.8827 , 1)  (60.0677 , 7)  (55.7152 , 8)  (52.2034 , 3)  (49.031 , 2)  (48.8398 , 6)  (47.0435 , 4)  (46.7234 , 9)  (45.841 , 5)  
(87.5936 , 8)  (59.8729 , 7)  (55.8707 , 3)  (55.3652 , 5)  (51.4633 , 6)  (50.6817 , 4)  (48.568 , 2)  (48.3654 , 9)  (47.0406 , 1)  
(83.4259 , 5)  (67.5387 , 8)  (59.1013 , 4)  (57.8196 , 6)  (57.7702 , 1)  (54.2935 , 7)  (53.0114 , 3)  (40.822 , 9)  (33.8123 , 2)  
(103.987 , 2)  (57.1314 , 9)  (55.9705 , 1)  (55.9014 , 3)  (49.7757 , 5)  (48.8476 , 8)  (45.6492 , 4)  (44.5628 , 6)  (37.8414 , 7)  
(101.16 , 3)  (58.7482 , 1)  (55.9455 , 9)  (53.9902 , 6)  (53.3074 , 7)  (50.4759 , 2)  (44.4187 , 4)  (41.261 , 8)  (41.0677 , 5)  
(98.3165 , 9)  (60.6886 , 6)  (55.0223 , 3)  (53.4167 , 7)  (48.6744 , 2)  (47.8043 , 4)  (47.4076 , 8)  (45.8218 , 1)  (40.7113 , 5)  
(94.8689 , 7)  (57.9996 , 9)  (56.4973 , 3)  (55.5453 , 1)  (54.145 , 6)  (52.4062 , 2)  (50.7512 , 5)  (45.8345 , 4)  (34.6404 , 8)  
(99.0686 , 4)  (62.1313 , 9)  (61.7304 , 1)  (60.7912 , 6)  (50.9975 , 7)  (48.8984 , 5)  (46.1011 , 2)  (46.0508 , 8)  (35.8796 , 3)  
(102.705 , 6)  (59.2134 , 3)  (54.9052 , 2)  (53.5428 , 4)  (52.4165 , 1)  (51.6187 , 9)  (47.5113 , 7)  (44.9551 , 5)  (43.1956 , 8)  
