 -------------------541------------
(100.492 , 4)  (60.6314 , 7)  (57.1881 , 2)  (53.7663 , 9)  (50.6001 , 1)  (50.2399 , 5)  (50.2215 , 6)  (50.0019 , 3)  (39.427 , 8)  
(104.362 , 7)  (64.2508 , 6)  (53.443 , 3)  (50.7061 , 5)  (50.4087 , 9)  (50.0302 , 1)  (46.2279 , 4)  (41.2593 , 2)  (40.1581 , 8)  
(94.1757 , 3)  (72.9445 , 9)  (59.0774 , 2)  (56.532 , 1)  (55.1081 , 7)  (51.5899 , 6)  (49.7385 , 4)  (46.9762 , 8)  (36.9447 , 5)  
(79.7668 , 9)  (64.4709 , 6)  (57.2712 , 7)  (55.6374 , 5)  (55.5369 , 3)  (53.9832 , 1)  (53.9045 , 4)  (40.5219 , 2)  (36.4333 , 8)  
(99.3682 , 1)  (57.4064 , 7)  (54.9899 , 9)  (52.7887 , 6)  (49.46 , 3)  (49.1452 , 2)  (47.78 , 5)  (44.9611 , 8)  (40.7164 , 4)  
(108.031 , 2)  (65.2792 , 9)  (59.2072 , 1)  (50.1733 , 6)  (49.7389 , 5)  (47.2583 , 4)  (45.66 , 3)  (43.2079 , 8)  (35.2259 , 7)  
(95.3182 , 8)  (71.4662 , 5)  (69.0032 , 1)  (55.5479 , 6)  (51.2002 , 2)  (44.3567 , 4)  (43.709 , 7)  (43.48 , 9)  (36.2574 , 3)  
(77.2422 , 6)  (65.1247 , 5)  (64.9584 , 2)  (64.2889 , 1)  (61.0853 , 4)  (60.5068 , 3)  (57.1929 , 7)  (37.1877 , 8)  (27.1048 , 9)  
(97.0415 , 5)  (58.9474 , 7)  (58.9355 , 3)  (55.5301 , 9)  (51.7344 , 1)  (51.3637 , 4)  (47.6969 , 8)  (47.5056 , 2)  (47.1961 , 6)  
