 -------------------432------------
(99.6688 , 5)  (62.0793 , 8)  (57.8901 , 3)  (53.8357 , 7)  (52.4595 , 1)  (51.6141 , 4)  (47.9796 , 2)  (46.1352 , 6)  (44.6367 , 9)  
(92.0198 , 2)  (76.5596 , 7)  (54.2648 , 6)  (53.751 , 1)  (52.4432 , 9)  (49.013 , 8)  (46.7612 , 4)  (46.4388 , 5)  (40.1123 , 3)  
(105.234 , 7)  (57.4869 , 6)  (54.0238 , 9)  (50.8419 , 5)  (48.365 , 1)  (46.7033 , 3)  (46.3186 , 8)  (45.4978 , 4)  (43.3384 , 2)  
(86.2247 , 3)  (77.437 , 7)  (60.4046 , 5)  (56.1853 , 1)  (55.5985 , 6)  (50.1256 , 2)  (48.4301 , 4)  (34.4216 , 9)  (33.2964 , 8)  
(102.837 , 1)  (57.1935 , 6)  (54.2961 , 5)  (51.8374 , 7)  (51.5886 , 3)  (50.5256 , 2)  (49.8325 , 4)  (45.2053 , 8)  (42.5298 , 9)  
(107.168 , 8)  (61.4693 , 6)  (54.0173 , 3)  (51.6242 , 1)  (51.564 , 7)  (47.0269 , 4)  (45.9678 , 9)  (41.5863 , 2)  (37.2567 , 5)  
(96.4328 , 6)  (55.1968 , 2)  (54.6835 , 8)  (53.843 , 5)  (52.553 , 9)  (51.6063 , 4)  (51.5341 , 1)  (46.3457 , 7)  (43.4865 , 3)  
(98.2032 , 9)  (56.8915 , 7)  (55.9608 , 6)  (55.8496 , 8)  (52.717 , 1)  (50.5374 , 4)  (50.0266 , 2)  (46.277 , 3)  (44.9465 , 5)  
(107.031 , 4)  (61.805 , 2)  (55.9558 , 1)  (55.4865 , 7)  (51.1068 , 8)  (48.0479 , 5)  (42.3751 , 3)  (40.4921 , 6)  (38.281 , 9)  
