 -------------------336------------
(98.4601 , 2)  (58.5765 , 1)  (57.7704 , 5)  (56.091 , 3)  (49.4482 , 9)  (47.4809 , 7)  (46.7698 , 4)  (45.2048 , 6)  (43.608 , 8)  
(107.288 , 7)  (53.4572 , 8)  (50.5905 , 9)  (49.2056 , 6)  (48.9433 , 4)  (48.1891 , 1)  (47.4327 , 2)  (45.9661 , 3)  (45.8155 , 5)  
(97.8314 , 1)  (79.4422 , 7)  (53.9877 , 4)  (50.7027 , 5)  (50.0864 , 6)  (47.9759 , 9)  (46.3185 , 2)  (43.7086 , 3)  (40.6645 , 8)  
(92.8863 , 4)  (68.1727 , 6)  (56.1812 , 7)  (54.0037 , 8)  (53.1037 , 3)  (50.7149 , 1)  (48.7149 , 9)  (48.52 , 2)  (43.9863 , 5)  
(99.785 , 5)  (57.8948 , 6)  (55.6749 , 9)  (52.9861 , 7)  (50.3066 , 1)  (50.2448 , 3)  (49.2646 , 8)  (49.0512 , 2)  (48.1833 , 4)  
(106.499 , 6)  (56.072 , 3)  (51.1199 , 5)  (49.4978 , 4)  (49.1164 , 8)  (48.9382 , 9)  (48.2297 , 7)  (47.7329 , 1)  (46.0767 , 2)  
(98.1565 , 8)  (58.5486 , 7)  (58.3939 , 6)  (51.1788 , 4)  (49.8928 , 9)  (49.6664 , 1)  (49.2042 , 3)  (48.7156 , 2)  (45.3366 , 5)  
(95.9269 , 9)  (56.2624 , 7)  (53.9237 , 4)  (52.8072 , 5)  (51.5791 , 2)  (50.7653 , 6)  (49.4659 , 1)  (47.809 , 8)  (46.3439 , 3)  
(79.3462 , 3)  (62.8355 , 5)  (62.3479 , 2)  (59.6284 , 8)  (57.1585 , 4)  (56.9794 , 7)  (50.3901 , 1)  (44.1667 , 6)  (43.8323 , 9)  
