 -------------------120------------
(107.29 , 6)  (56.9343 , 3)  (54.3923 , 8)  (50.5995 , 4)  (50.5352 , 2)  (49.4738 , 7)  (47.5727 , 9)  (44.3071 , 1)  (39.6438 , 5)  
(95.2584 , 9)  (57.919 , 7)  (53.9342 , 4)  (53.4801 , 6)  (53.0495 , 8)  (52.2796 , 1)  (50.6203 , 5)  (47.5496 , 3)  (44.6839 , 2)  
(98.9114 , 1)  (54.618 , 9)  (53.1363 , 7)  (52.929 , 8)  (51.6383 , 6)  (51.2143 , 3)  (48.8462 , 4)  (47.0096 , 2)  (46.9721 , 5)  
(100.402 , 3)  (59.6077 , 7)  (59.2436 , 1)  (49.5811 , 2)  (46.4751 , 8)  (46.2565 , 4)  (46.14 , 5)  (44.9104 , 6)  (43.9141 , 9)  
(93.9629 , 5)  (56.5742 , 3)  (52.2643 , 7)  (52.0443 , 1)  (50.4295 , 8)  (49.1257 , 4)  (48.9933 , 9)  (48.5102 , 2)  (42.8541 , 6)  
(73.8615 , 7)  (73.3667 , 9)  (57.8108 , 4)  (55.8458 , 6)  (54.9952 , 3)  (52.8777 , 1)  (48.8897 , 2)  (47.9953 , 5)  (41.8161 , 8)  
(88.0625 , 8)  (66.8448 , 2)  (62.2447 , 7)  (61.8758 , 6)  (53.445 , 3)  (51.3683 , 4)  (48.4263 , 1)  (40.3658 , 5)  (38.2958 , 9)  
(92.3391 , 2)  (73.7999 , 7)  (66.8607 , 6)  (54.542 , 8)  (51.012 , 9)  (49.5033 , 3)  (44.757 , 5)  (41.7582 , 1)  (35.6212 , 4)  
(92.3706 , 4)  (64.2267 , 2)  (61.3704 , 9)  (56.9375 , 1)  (52.7188 , 7)  (51.6305 , 8)  (51.6041 , 5)  (50.6412 , 6)  (40.4429 , 3)  
