 -------------------78------------
(97.1576 , 4)  (75.302 , 7)  (63.9779 , 5)  (60.3658 , 2)  (51.7143 , 6)  (45.6078 , 3)  (41.8129 , 1)  (41.0333 , 8)  (30.7961 , 9)  
(91.8713 , 8)  (64.9715 , 1)  (54.705 , 4)  (54.2315 , 3)  (53.0916 , 7)  (52.1988 , 5)  (51.1063 , 2)  (45.6021 , 9)  (43.1585 , 6)  
(104.501 , 2)  (62.8545 , 1)  (56.7906 , 3)  (52.3806 , 9)  (50.0363 , 8)  (46.8651 , 6)  (46.8534 , 4)  (46.4999 , 5)  (41.7026 , 7)  
(107.23 , 7)  (55.2259 , 6)  (51.4408 , 5)  (50.3986 , 9)  (49.6596 , 1)  (49.2652 , 2)  (47.2123 , 3)  (47.1495 , 4)  (44.0487 , 8)  
(104.119 , 3)  (62.4488 , 2)  (56.2425 , 9)  (54.9953 , 7)  (54.6637 , 6)  (53.1477 , 8)  (48.2639 , 1)  (36.9701 , 5)  (34.8184 , 4)  
(104.402 , 1)  (53.8731 , 9)  (52.0411 , 3)  (51.5171 , 6)  (50.8519 , 5)  (50.1872 , 7)  (48.8914 , 8)  (44.9334 , 2)  (41.337 , 4)  
(101.825 , 6)  (57.4774 , 7)  (52.8891 , 5)  (50.0246 , 2)  (49.6835 , 8)  (49.6382 , 9)  (47.2847 , 3)  (46.9559 , 1)  (43.1637 , 4)  
(94.6481 , 9)  (60.9159 , 7)  (59.8262 , 6)  (54.538 , 8)  (53.0068 , 3)  (51.8762 , 2)  (47.094 , 1)  (44.2366 , 5)  (35.82 , 4)  
(99.5646 , 5)  (58.9714 , 2)  (56.2288 , 6)  (49.4184 , 9)  (48.7366 , 7)  (47.5317 , 8)  (46.6149 , 1)  (45.8887 , 4)  (43.7015 , 3)  
