 -------------------440------------
(99.0585 , 5)  (62.1739 , 8)  (57.8909 , 3)  (53.8358 , 7)  (52.5587 , 1)  (50.4602 , 4)  (48.2843 , 2)  (47.8956 , 9)  (45.5364 , 6)  
(92.9934 , 2)  (68.6789 , 7)  (55.6589 , 1)  (54.3558 , 9)  (53.7207 , 6)  (49.4607 , 5)  (45.9918 , 8)  (45.7208 , 4)  (45.1914 , 3)  
(105.199 , 7)  (57.4907 , 6)  (54.2381 , 9)  (50.5379 , 5)  (48.5541 , 1)  (46.7332 , 3)  (46.3053 , 8)  (45.0999 , 4)  (43.5044 , 2)  
(87.7765 , 3)  (76.6448 , 7)  (60.6269 , 5)  (56.2945 , 1)  (54.0412 , 6)  (49.7262 , 2)  (49.5688 , 4)  (36.2956 , 9)  (32.8979 , 8)  
(101.928 , 1)  (55.8956 , 6)  (55.2343 , 5)  (52.4002 , 2)  (51.4811 , 3)  (50.2091 , 4)  (49.8687 , 7)  (45.9737 , 9)  (44.9645 , 8)  
(105.571 , 8)  (62.9036 , 6)  (52.8671 , 1)  (52.1165 , 9)  (51.4142 , 7)  (50.4445 , 3)  (46.064 , 4)  (44.2883 , 2)  (37.894 , 5)  
(95.3888 , 6)  (58.0325 , 2)  (57.5749 , 8)  (56.699 , 5)  (52.9719 , 4)  (51.8185 , 9)  (51.6857 , 1)  (45.2459 , 7)  (42.6527 , 3)  
(97.25 , 9)  (59.5637 , 8)  (58.0156 , 7)  (55.9472 , 6)  (52.6116 , 1)  (50.6261 , 2)  (49.266 , 4)  (46.1862 , 3)  (44.6032 , 5)  
(107.099 , 4)  (60.7904 , 2)  (56.131 , 7)  (54.9286 , 1)  (50.5104 , 8)  (48.2455 , 5)  (41.9643 , 3)  (40.7183 , 6)  (38.572 , 9)  
