 -------------------43------------
(98.3332 , 6)  (71.3659 , 8)  (57.5381 , 3)  (54.8152 , 2)  (52.661 , 7)  (52.3137 , 4)  (51.855 , 5)  (49.2172 , 1)  (34.7926 , 9)  
(99.6815 , 8)  (58.9571 , 9)  (56.468 , 6)  (54.5908 , 2)  (54.0366 , 1)  (52.4017 , 3)  (51.3404 , 7)  (47.1681 , 4)  (37.7726 , 5)  
(88.267 , 9)  (63.057 , 6)  (61.0165 , 2)  (56.8034 , 8)  (50.7945 , 7)  (50.3019 , 5)  (48.5498 , 1)  (47.6975 , 4)  (38.2668 , 3)  
(94.6518 , 3)  (71.2005 , 7)  (55.6808 , 8)  (54.327 , 2)  (50.7065 , 9)  (50.3743 , 6)  (49.1003 , 1)  (46.6714 , 5)  (45.2927 , 4)  
(106.504 , 7)  (52.512 , 8)  (52.2998 , 2)  (51.7033 , 6)  (50.9603 , 5)  (49.7649 , 1)  (47.5783 , 4)  (46.1206 , 9)  (43.2722 , 3)  
(106.1 , 1)  (57.6345 , 7)  (50.6258 , 3)  (47.8617 , 8)  (47.6671 , 6)  (46.8648 , 9)  (46.5516 , 4)  (45.9972 , 5)  (42.208 , 2)  
(103.351 , 5)  (65.6653 , 3)  (58.1456 , 1)  (56.9695 , 6)  (49.9008 , 7)  (44.5882 , 2)  (43.5019 , 4)  (42.478 , 9)  (41.1701 , 8)  
(105.783 , 2)  (54.9251 , 7)  (53.8971 , 9)  (50.4911 , 6)  (49.9241 , 8)  (48.3432 , 3)  (48.3319 , 1)  (47.2452 , 5)  (46.7721 , 4)  
(99.2865 , 4)  (64.0415 , 9)  (60.1097 , 1)  (55.7589 , 7)  (54.3239 , 6)  (51.6302 , 5)  (47.236 , 2)  (41.9345 , 3)  (40.8904 , 8)  
