 -------------------163------------
(94.9454 , 9)  (59.6947 , 7)  (59.1435 , 6)  (53.2321 , 4)  (52.9017 , 1)  (52.6717 , 8)  (50.259 , 3)  (49.4556 , 2)  (37.688 , 5)  
(105.219 , 7)  (57.5495 , 3)  (51.7944 , 1)  (51.639 , 6)  (51.2553 , 4)  (50.6977 , 8)  (50.3166 , 5)  (44.9775 , 2)  (42.4749 , 9)  
(104.363 , 2)  (57.7372 , 9)  (54.155 , 5)  (53.1797 , 8)  (52.406 , 3)  (52.0252 , 1)  (50.9919 , 4)  (49.8169 , 6)  (39.1645 , 7)  
(95.3134 , 8)  (76.4448 , 5)  (55.2573 , 9)  (54.1839 , 6)  (52.0085 , 3)  (51.3648 , 4)  (50.8256 , 1)  (48.1002 , 2)  (40.1874 , 7)  
(97.1214 , 3)  (67.4284 , 2)  (59.3118 , 9)  (59.2378 , 7)  (51.2812 , 6)  (50.0349 , 1)  (49.9404 , 4)  (45.7911 , 5)  (40.7784 , 8)  
(90.2329 , 6)  (65.5018 , 5)  (64.7957 , 8)  (53.3228 , 3)  (52.6501 , 1)  (52.5984 , 7)  (51.3596 , 2)  (43.6493 , 9)  (41.8002 , 4)  
(101.586 , 1)  (63.462 , 7)  (56.9001 , 4)  (49.7113 , 3)  (48.3381 , 6)  (48.1704 , 2)  (46.9464 , 9)  (46.5364 , 8)  (45.0247 , 5)  
(99.4602 , 4)  (69.5723 , 2)  (58.5775 , 6)  (55.6998 , 1)  (54.1927 , 8)  (51.2879 , 7)  (49.0906 , 5)  (41.2465 , 3)  (38.0132 , 9)  
(89.5052 , 5)  (57.9509 , 6)  (55.9262 , 7)  (55.5523 , 3)  (55.296 , 9)  (54.8857 , 1)  (45.8929 , 2)  (43.2524 , 8)  (40.0598 , 4)  
