 -------------------342------------
(93.0829 , 9)  (65.4638 , 7)  (52.8263 , 5)  (51.6894 , 1)  (51.537 , 6)  (51.3454 , 2)  (51.1153 , 4)  (51.0037 , 8)  (42.5701 , 3)  
(104.505 , 8)  (55.0335 , 5)  (53.7081 , 4)  (52.4642 , 1)  (50.7961 , 9)  (50.3904 , 3)  (47.138 , 2)  (45.3193 , 7)  (44.4831 , 6)  
(102.177 , 3)  (61.1882 , 6)  (57.2758 , 8)  (55.337 , 4)  (51.6116 , 7)  (51.0021 , 2)  (48.927 , 9)  (48.6499 , 1)  (45.1739 , 5)  
(92.0099 , 4)  (59.0409 , 1)  (58.901 , 9)  (57.9026 , 6)  (53.486 , 3)  (53.3548 , 2)  (52.6969 , 7)  (46.8538 , 5)  (42.2016 , 8)  
(107.624 , 6)  (62.8551 , 4)  (57.6375 , 7)  (54.0598 , 9)  (50.4268 , 2)  (50.1267 , 3)  (48.6599 , 5)  (46.4455 , 1)  (43.7954 , 8)  
(102.599 , 1)  (53.7475 , 3)  (53.2355 , 9)  (53.0369 , 8)  (51.1428 , 7)  (50.8933 , 6)  (49.4276 , 5)  (47.4166 , 2)  (46.0934 , 4)  
(104.122 , 7)  (60.9032 , 6)  (54.5355 , 2)  (50.8586 , 1)  (50.1212 , 5)  (48.0266 , 9)  (46.8573 , 3)  (43.6617 , 4)  (41.9298 , 8)  
(105.137 , 5)  (60.5216 , 7)  (52.7698 , 2)  (50.8929 , 6)  (49.8702 , 1)  (47.8927 , 3)  (44.1868 , 9)  (41.7818 , 4)  (41.083 , 8)  
(105.023 , 2)  (57.2482 , 8)  (53.3401 , 3)  (51.8526 , 1)  (50.7733 , 4)  (50.201 , 9)  (50.1075 , 7)  (49.4021 , 6)  (42.3248 , 5)  
