 -------------------21------------
(103.479 , 6)  (64.3355 , 2)  (61.2707 , 5)  (56.4041 , 7)  (52.3077 , 4)  (47.7607 , 8)  (42.6276 , 1)  (41.686 , 3)  (39.9549 , 9)  
(103.37 , 7)  (63.4857 , 3)  (52.8387 , 5)  (51.8231 , 4)  (51.7903 , 2)  (48.5974 , 1)  (48.2143 , 6)  (43.5621 , 8)  (39.6026 , 9)  
(102.185 , 5)  (60.0415 , 3)  (52.0679 , 8)  (50.7887 , 4)  (49.9933 , 6)  (49.1335 , 2)  (48.5057 , 7)  (44.409 , 1)  (41.2732 , 9)  
(69.3517 , 2)  (65.8973 , 8)  (65.4763 , 4)  (61.808 , 3)  (57.6074 , 1)  (54.9027 , 6)  (54.1451 , 7)  (50.932 , 9)  (47.4766 , 5)  
(102.192 , 9)  (57.2177 , 6)  (54.1383 , 2)  (52.3534 , 7)  (51.641 , 3)  (46.3959 , 4)  (45.9117 , 1)  (45.22 , 8)  (41.6574 , 5)  
(94.0072 , 3)  (75.2831 , 5)  (56.3369 , 2)  (51.3657 , 6)  (50.5544 , 8)  (50.5219 , 4)  (45.2419 , 9)  (44.0075 , 1)  (42.818 , 7)  
(95.9485 , 1)  (65.402 , 6)  (60.3596 , 5)  (58.2779 , 7)  (55.4989 , 9)  (53.9641 , 2)  (44.4613 , 3)  (43.3896 , 4)  (40.7426 , 8)  
(88.689 , 8)  (63.5012 , 7)  (62.5748 , 2)  (61.3087 , 6)  (59.8268 , 3)  (56.3321 , 9)  (51.0753 , 5)  (50.2678 , 1)  (36.7934 , 4)  
(100.787 , 4)  (68.722 , 2)  (53.2881 , 3)  (53.084 , 8)  (52.8369 , 6)  (52.1297 , 1)  (52.1118 , 9)  (41.3587 , 7)  (35.8553 , 5)  
