 -------------------424------------
(90.2781 , 4)  (82.6432 , 6)  (67.3293 , 2)  (53.8562 , 1)  (50.6841 , 9)  (47.6719 , 5)  (46.2552 , 7)  (41.1979 , 3)  (37.9619 , 8)  
(100.341 , 7)  (56.7363 , 6)  (55.5017 , 9)  (54.3513 , 5)  (53.2647 , 1)  (51.5167 , 2)  (50.1553 , 3)  (44.7965 , 4)  (42.2185 , 8)  
(102.962 , 3)  (59.129 , 9)  (57.7461 , 6)  (54.7282 , 1)  (49.7557 , 2)  (47.2526 , 7)  (47.1255 , 8)  (44.3944 , 5)  (43.9353 , 4)  
(97.8191 , 1)  (73.5021 , 7)  (58.3303 , 6)  (56.195 , 2)  (53.8925 , 4)  (46.437 , 5)  (45.8209 , 3)  (45.0724 , 9)  (38.5674 , 8)  
(104.161 , 6)  (56.2963 , 5)  (53.1624 , 2)  (52.5412 , 9)  (51.6024 , 1)  (46.6913 , 7)  (46.5242 , 8)  (44.9145 , 3)  (41.5766 , 4)  
(90.6866 , 8)  (75.0577 , 3)  (59.2625 , 9)  (52.1646 , 4)  (50.3348 , 6)  (48.8388 , 5)  (46.1773 , 1)  (44.5021 , 2)  (42.247 , 7)  
(87.0724 , 9)  (65.273 , 8)  (58.9755 , 4)  (57.7126 , 2)  (52.6478 , 5)  (52.1863 , 6)  (46.4921 , 1)  (45.1431 , 7)  (40.6888 , 3)  
(108.831 , 2)  (54.8146 , 6)  (53.6818 , 5)  (53.5715 , 9)  (50.8519 , 8)  (48.3088 , 4)  (47.5245 , 1)  (47.4758 , 7)  (43.925 , 3)  
(99.2645 , 5)  (61.3255 , 2)  (56.1391 , 6)  (56.1038 , 1)  (53.8656 , 8)  (50.9695 , 4)  (49.5147 , 7)  (44.9714 , 3)  (38.4608 , 9)  
