 -------------------666------------
(91.6979 , 7)  (70.667 , 9)  (60.2865 , 6)  (58.0423 , 1)  (54.0125 , 2)  (53.3281 , 3)  (48.5925 , 5)  (43.6486 , 8)  (39.143 , 4)  
(103.035 , 8)  (72.0487 , 9)  (61.0371 , 7)  (55.1441 , 6)  (52.6436 , 1)  (47.2674 , 2)  (46.9477 , 4)  (39.5536 , 3)  (31.8273 , 5)  
(103.988 , 6)  (61.2812 , 8)  (51.764 , 7)  (49.2459 , 3)  (45.725 , 1)  (44.1475 , 5)  (43.1301 , 4)  (43.1175 , 9)  (37.4613 , 2)  
(93.6702 , 5)  (68.8127 , 3)  (59.8297 , 9)  (55.6057 , 1)  (53.0228 , 6)  (51.9016 , 8)  (46.988 , 2)  (37.9913 , 4)  (37.2414 , 7)  
(76.9294 , 4)  (75.6861 , 7)  (60.7267 , 6)  (59.8053 , 9)  (51.6351 , 1)  (49.372 , 2)  (47.184 , 5)  (46.8937 , 3)  (33.9339 , 8)  
(102.023 , 2)  (64.3266 , 8)  (62.8357 , 6)  (58.4519 , 7)  (52.1976 , 9)  (50.5457 , 3)  (46.1667 , 4)  (39.8148 , 5)  (38.3124 , 1)  
(91.0067 , 3)  (59.7138 , 5)  (54.1295 , 8)  (54.1144 , 7)  (50.5204 , 2)  (50.198 , 9)  (50.0473 , 4)  (50.0318 , 6)  (44.2868 , 1)  
(87.0914 , 9)  (65.1586 , 4)  (59.5649 , 7)  (56.9341 , 3)  (50.2424 , 5)  (49.8812 , 6)  (47.8916 , 2)  (42.2968 , 8)  (41.0694 , 1)  
(103.981 , 1)  (56.078 , 7)  (52.5761 , 8)  (50.6398 , 3)  (49.5557 , 2)  (48.8734 , 4)  (48.0653 , 5)  (45.8988 , 6)  (42.7368 , 9)  
