 -------------------306------------
(97.0143 , 9)  (58.8729 , 2)  (58.7512 , 4)  (51.8398 , 6)  (51.1445 , 8)  (49.0009 , 5)  (45.0878 , 1)  (45.0165 , 7)  (41.8242 , 3)  
(96.4459 , 8)  (62.5582 , 7)  (61.2155 , 9)  (54.1443 , 2)  (52.9664 , 6)  (52.5486 , 1)  (46.6323 , 4)  (44.9499 , 3)  (44.8662 , 5)  
(104.687 , 7)  (58.2068 , 9)  (50.4557 , 6)  (50.2091 , 1)  (50.0037 , 2)  (48.975 , 3)  (48.7214 , 4)  (47.8708 , 8)  (38.7991 , 5)  
(95.4179 , 1)  (67.9735 , 7)  (62.0759 , 6)  (48.9094 , 8)  (48.8488 , 2)  (48.27 , 5)  (46.4192 , 4)  (46.2327 , 9)  (44.8257 , 3)  
(104.137 , 2)  (60.6999 , 9)  (54.3929 , 7)  (52.4803 , 1)  (51.8122 , 5)  (50.5817 , 8)  (47.44 , 3)  (46.5865 , 6)  (41.6505 , 4)  
(80.285 , 6)  (73.8541 , 1)  (64.6613 , 8)  (57.001 , 7)  (55.9563 , 2)  (49.0491 , 3)  (47.1211 , 5)  (47.057 , 9)  (45.5533 , 4)  
(102.747 , 3)  (52.5769 , 4)  (51.0497 , 7)  (50.7294 , 6)  (50.3737 , 1)  (49.154 , 2)  (45.7107 , 8)  (45.6924 , 5)  (44.6697 , 9)  
(92.9092 , 4)  (69.3736 , 6)  (57.8706 , 8)  (57.5148 , 7)  (55.1401 , 1)  (48.6268 , 9)  (47.1335 , 3)  (45.1309 , 2)  (44.0261 , 5)  
(86.4487 , 5)  (69.7235 , 3)  (66.9682 , 9)  (54.9215 , 8)  (51.0193 , 2)  (47.6418 , 6)  (45.5608 , 1)  (40.7371 , 4)  (37.1052 , 7)  
