 -------------------384------------
(103.715 , 3)  (58.0175 , 2)  (53.8564 , 5)  (52.4268 , 7)  (51.0806 , 4)  (50.3659 , 6)  (48.8405 , 9)  (47.3591 , 8)  (42.9952 , 1)  
(79.675 , 6)  (69.6876 , 9)  (61.1827 , 8)  (56.4934 , 4)  (55.2163 , 7)  (52.8067 , 2)  (43.7932 , 5)  (43.7799 , 3)  (43.1045 , 1)  
(98.7603 , 1)  (67.7483 , 2)  (62.1317 , 4)  (51.987 , 8)  (49.0544 , 9)  (48.201 , 3)  (43.878 , 5)  (43.7843 , 7)  (35.9192 , 6)  
(92.6573 , 8)  (62.3157 , 7)  (60.7968 , 6)  (56.0731 , 2)  (53.3421 , 9)  (53.2123 , 5)  (47.8456 , 4)  (43.0462 , 1)  (43.0356 , 3)  
(106.522 , 4)  (66.1434 , 7)  (59.8335 , 2)  (51.2177 , 6)  (50.0644 , 5)  (47.832 , 9)  (43.26 , 3)  (40.7742 , 1)  (40.0413 , 8)  
(102.004 , 5)  (57.5784 , 8)  (56.0504 , 3)  (55.5052 , 4)  (53.0359 , 9)  (48.9661 , 6)  (47.8865 , 1)  (41.5418 , 2)  (41.0047 , 7)  
(97.7606 , 7)  (62.7181 , 2)  (60.2906 , 6)  (59.1999 , 1)  (51.8358 , 8)  (49.2051 , 3)  (47.7323 , 5)  (44.5576 , 9)  (37.6338 , 4)  
(78.2319 , 9)  (73.5971 , 7)  (72.4996 , 1)  (54.0408 , 8)  (53.9566 , 2)  (51.4989 , 6)  (49.9549 , 5)  (41.2319 , 3)  (37.4432 , 4)  
(101.75 , 2)  (62.8439 , 3)  (59.2905 , 6)  (55.4401 , 9)  (53.3115 , 1)  (45.5322 , 8)  (43.9824 , 5)  (42.7578 , 7)  (42.249 , 4)  
