 -------------------802------------
(97.8621 , 1)  (77.6755 , 7)  (57.8102 , 6)  (56.65 , 9)  (48.0094 , 5)  (47.7629 , 2)  (46.5014 , 3)  (42.5264 , 8)  (42.1691 , 4)  
(108.141 , 7)  (53.2349 , 6)  (49.8502 , 8)  (49.7283 , 2)  (48.8297 , 1)  (48.0282 , 3)  (46.6863 , 5)  (45.5056 , 9)  (45.4045 , 4)  
(91.9664 , 4)  (72.7027 , 6)  (64.8027 , 7)  (54.9911 , 1)  (49.0048 , 3)  (47.3042 , 2)  (46.6527 , 9)  (45.3154 , 5)  (42.42 , 8)  
(99.8192 , 8)  (59.8432 , 9)  (56.1376 , 4)  (52.799 , 5)  (51.0508 , 1)  (49.936 , 2)  (49.6768 , 6)  (48.5382 , 3)  (42.8762 , 7)  
(103.161 , 6)  (64.7589 , 4)  (55.9713 , 2)  (54.3411 , 3)  (54.2708 , 8)  (52.5944 , 5)  (50.7544 , 7)  (47.3121 , 1)  (36.5566 , 9)  
(98.8507 , 2)  (66.8324 , 7)  (65.3674 , 6)  (60.3628 , 8)  (56.1853 , 3)  (52.0966 , 1)  (48.5739 , 5)  (44.2471 , 9)  (36.4424 , 4)  
(100.142 , 3)  (58.3805 , 1)  (53.0486 , 5)  (52.8689 , 9)  (51.1461 , 8)  (48.1247 , 6)  (47.4796 , 7)  (46.6739 , 4)  (46.4042 , 2)  
(99.0231 , 9)  (64.7172 , 4)  (57.5785 , 6)  (53.9472 , 2)  (52.6169 , 5)  (49.3523 , 1)  (48.159 , 8)  (46.9397 , 7)  (41.577 , 3)  
(85.2657 , 5)  (71.1605 , 9)  (70.2319 , 6)  (57.1379 , 3)  (52.7054 , 7)  (49.5725 , 4)  (46.5538 , 8)  (45.2902 , 1)  (41.8226 , 2)  
