 -------------------308------------
(96.4228 , 9)  (59.4357 , 2)  (59.4206 , 4)  (52.2412 , 6)  (51.2603 , 8)  (48.4032 , 5)  (45.3188 , 1)  (44.6526 , 7)  (42.0961 , 3)  
(98.6953 , 8)  (60.8966 , 7)  (57.8038 , 9)  (55.2506 , 2)  (54.5577 , 1)  (52.3015 , 6)  (49.6572 , 4)  (44.9257 , 3)  (43.7745 , 5)  
(104.723 , 7)  (58.1623 , 9)  (50.4058 , 6)  (50.0802 , 1)  (49.9846 , 2)  (48.8406 , 3)  (48.7705 , 4)  (47.8246 , 8)  (38.8308 , 5)  
(95.3699 , 1)  (67.895 , 7)  (61.4835 , 6)  (49.4248 , 8)  (48.6545 , 5)  (48.6531 , 2)  (47.0075 , 4)  (46.2669 , 9)  (44.5522 , 3)  
(103.777 , 2)  (60.0209 , 9)  (54.6049 , 7)  (52.9042 , 1)  (52.0602 , 5)  (50.0174 , 8)  (48.6509 , 3)  (46.2366 , 6)  (42.4751 , 4)  
(78.818 , 6)  (77.639 , 1)  (61.8835 , 8)  (55.6256 , 2)  (51.3022 , 3)  (50.9996 , 9)  (49.6696 , 7)  (49.1806 , 5)  (46.348 , 4)  
(102.72 , 3)  (52.4864 , 4)  (51.0895 , 7)  (50.8199 , 6)  (50.4007 , 1)  (49.1999 , 2)  (45.6149 , 5)  (45.5803 , 8)  (44.6531 , 9)  
(92.9915 , 4)  (69.7915 , 6)  (57.7287 , 8)  (57.3622 , 7)  (55.2712 , 1)  (48.5041 , 9)  (47.4955 , 3)  (44.805 , 2)  (43.8203 , 5)  
(86.4487 , 5)  (69.7235 , 3)  (66.9682 , 9)  (54.9215 , 8)  (51.0193 , 2)  (47.6418 , 6)  (45.5608 , 1)  (40.7371 , 4)  (37.1052 , 7)  
