 -------------------109------------
(96.5897 , 4)  (73.5592 , 7)  (67.06 , 5)  (56.9794 , 2)  (47.8546 , 6)  (44.096 , 3)  (40.4541 , 9)  (39.7747 , 1)  (39.2219 , 8)  
(90.8736 , 8)  (67.466 , 1)  (55.7114 , 3)  (53.9309 , 5)  (53.1554 , 7)  (52.395 , 2)  (52.3618 , 4)  (44.6747 , 9)  (42.8772 , 6)  
(104.803 , 2)  (64.5119 , 1)  (52.6074 , 9)  (52.1125 , 3)  (51.4287 , 8)  (48.2211 , 4)  (47.1002 , 6)  (46.5824 , 5)  (43.1839 , 7)  
(107.345 , 7)  (56.7146 , 6)  (51.9484 , 5)  (48.8378 , 2)  (48.6311 , 1)  (48.0683 , 9)  (46.9792 , 4)  (46.732 , 3)  (43.7595 , 8)  
(98.8114 , 3)  (61.2549 , 2)  (58.8471 , 9)  (57.5718 , 6)  (55.049 , 8)  (53.2423 , 7)  (49.2133 , 1)  (44.7484 , 5)  (38.2042 , 4)  
(105.051 , 1)  (51.9192 , 6)  (51.4678 , 9)  (51.0727 , 3)  (50.9216 , 5)  (50.3679 , 7)  (48.9744 , 8)  (44.7114 , 2)  (41.402 , 4)  
(104.246 , 6)  (54.6069 , 7)  (52.7209 , 9)  (52.3206 , 5)  (51.5863 , 2)  (50.2453 , 8)  (45.9219 , 1)  (44.0633 , 4)  (42.5775 , 3)  
(92.835 , 9)  (59.8568 , 7)  (55.9993 , 6)  (55.5302 , 8)  (52.7689 , 3)  (51.5564 , 2)  (47.0915 , 1)  (45.5579 , 5)  (40.9195 , 4)  
(99.5974 , 5)  (57.3913 , 2)  (54.916 , 6)  (51.5963 , 9)  (48.6177 , 7)  (47.0821 , 8)  (45.0655 , 4)  (43.89 , 1)  (43.7588 , 3)  
