 -------------------186------------
(101.686 , 3)  (63.7338 , 5)  (55.2104 , 4)  (54.404 , 2)  (52.366 , 1)  (50.6399 , 7)  (50.3345 , 6)  (47.5076 , 8)  (46.8542 , 9)  
(99.7934 , 8)  (57.1634 , 3)  (56.6898 , 7)  (54.6251 , 6)  (51.6893 , 4)  (48.8203 , 2)  (48.001 , 5)  (47.4254 , 9)  (43.9961 , 1)  
(87.7629 , 1)  (59.1985 , 2)  (59.1037 , 4)  (55.6628 , 7)  (52.3202 , 3)  (52.0825 , 9)  (51.6011 , 5)  (47.7925 , 6)  (46.8911 , 8)  
(102.703 , 4)  (72.7695 , 6)  (57.7776 , 7)  (55.3382 , 9)  (50.7751 , 1)  (46.6636 , 8)  (45.2141 , 2)  (43.8507 , 5)  (43.4738 , 3)  
(107.689 , 7)  (60.8077 , 6)  (54.9581 , 9)  (51.4256 , 2)  (50.7945 , 1)  (48.104 , 4)  (43.281 , 5)  (43.0413 , 3)  (39.3989 , 8)  
(97.9202 , 9)  (56.714 , 7)  (55.5566 , 2)  (52.2533 , 4)  (52.0388 , 6)  (50.858 , 1)  (47.8589 , 3)  (47.4692 , 5)  (39.4511 , 8)  
(104.296 , 6)  (54.6303 , 4)  (52.2447 , 5)  (51.6599 , 3)  (51.3183 , 1)  (51.1279 , 9)  (49.8177 , 7)  (43.968 , 2)  (40.8117 , 8)  
(107.734 , 2)  (61.4397 , 1)  (58.1356 , 9)  (54.331 , 6)  (50.5581 , 7)  (47.419 , 8)  (44.0398 , 3)  (43.3846 , 5)  (36.4352 , 4)  
(98.1526 , 5)  (64.1351 , 3)  (62.2093 , 9)  (56.9126 , 6)  (53.7229 , 1)  (49.8328 , 7)  (43.0533 , 2)  (40.3307 , 8)  (38.2179 , 4)  
