 -------------------59------------
(95.5279 , 2)  (64.4612 , 1)  (57.6006 , 8)  (56.7578 , 6)  (56.6453 , 3)  (46.4409 , 9)  (41.6276 , 7)  (39.4055 , 4)  (35.5233 , 5)  
(96.5285 , 6)  (59.2312 , 3)  (55.2863 , 4)  (52.4423 , 1)  (47.6654 , 7)  (45.5283 , 5)  (44.6901 , 8)  (40.7458 , 9)  (37.654 , 2)  
(106.328 , 7)  (61.4962 , 6)  (59.0457 , 4)  (49.1082 , 5)  (47.4233 , 9)  (46.991 , 2)  (46.9234 , 1)  (45.1638 , 3)  (38.8514 , 8)  
(101.802 , 5)  (64.4834 , 6)  (62.0508 , 2)  (55.6213 , 4)  (50.7972 , 3)  (49.14 , 7)  (47.8197 , 1)  (46.4574 , 9)  (42.2309 , 8)  
(92.8323 , 8)  (62.903 , 2)  (58.6855 , 9)  (53.4105 , 1)  (52.7043 , 4)  (50.6938 , 7)  (49.851 , 6)  (48.7877 , 3)  (37.4758 , 5)  
(73.4356 , 4)  (64.1646 , 1)  (57.4787 , 6)  (54.6658 , 9)  (54.4746 , 5)  (48.7521 , 2)  (48.4833 , 8)  (47.8627 , 7)  (44.6189 , 3)  
(87.5484 , 3)  (67.0461 , 7)  (63.4228 , 9)  (56.9167 , 4)  (55.3559 , 2)  (54.3695 , 8)  (51.0991 , 5)  (49.0527 , 1)  (46.8269 , 6)  
(102.168 , 1)  (61.0634 , 7)  (52.5719 , 4)  (52.3322 , 3)  (52.238 , 6)  (49.0662 , 8)  (47.4264 , 2)  (46.1296 , 5)  (45.9198 , 9)  
(94.8191 , 9)  (56.9 , 4)  (55.8436 , 7)  (54.9258 , 6)  (54.453 , 3)  (50.0998 , 2)  (48.6006 , 1)  (47.7034 , 8)  (46.8395 , 5)  
