 -------------------191------------
(102.106 , 3)  (65.1059 , 5)  (56.413 , 6)  (52.9974 , 1)  (52.8724 , 2)  (51.5239 , 4)  (49.5899 , 7)  (49.5502 , 8)  (47.6133 , 9)  
(104.473 , 8)  (53.9713 , 3)  (52.9694 , 4)  (51.0641 , 6)  (48.6675 , 1)  (47.0745 , 7)  (46.3078 , 9)  (45.1696 , 5)  (45.0988 , 2)  
(87.9606 , 1)  (61.0243 , 2)  (58.2797 , 4)  (54.0761 , 7)  (53.0322 , 9)  (53.0277 , 8)  (51.7961 , 3)  (48.3391 , 5)  (46.4904 , 6)  
(101.86 , 4)  (67.4381 , 6)  (61.9393 , 7)  (57.2405 , 9)  (54.0615 , 1)  (49.1139 , 3)  (45.7451 , 8)  (44.737 , 5)  (38.8133 , 2)  
(107.758 , 7)  (62.0976 , 6)  (55.7242 , 2)  (55.7201 , 9)  (48.4783 , 1)  (47.3136 , 4)  (45.2125 , 5)  (41.0139 , 8)  (40.5417 , 3)  
(99.2563 , 9)  (54.5713 , 2)  (53.1928 , 7)  (52.9761 , 4)  (51.3951 , 6)  (50.4287 , 1)  (49.538 , 5)  (49.225 , 3)  (40.2444 , 8)  
(104.789 , 6)  (57.2044 , 4)  (52.1698 , 1)  (51.4738 , 9)  (51.0884 , 5)  (49.2889 , 3)  (48.3362 , 7)  (44.4868 , 2)  (42.1105 , 8)  
(107.832 , 2)  (59.971 , 1)  (56.715 , 9)  (54.3772 , 6)  (51.6037 , 7)  (47.1962 , 3)  (44.7921 , 8)  (43.5617 , 5)  (35.0313 , 4)  
(98.1509 , 5)  (65.9993 , 3)  (59.7939 , 9)  (55.7722 , 6)  (53.2092 , 1)  (51.9518 , 7)  (43.9357 , 2)  (41.4858 , 8)  (38.5539 , 4)  
