 -------------------488------------
(101.489 , 6)  (56.9702 , 2)  (55.0642 , 7)  (54.3998 , 1)  (54.0786 , 4)  (51.2669 , 3)  (51.159 , 8)  (48.4371 , 9)  (44.1529 , 5)  
(95.8256 , 9)  (54.3593 , 1)  (53.4247 , 6)  (52.2197 , 4)  (51.5345 , 3)  (50.7807 , 8)  (49.8643 , 7)  (47.933 , 5)  (46.7041 , 2)  
(107.368 , 4)  (56.3262 , 7)  (55.5187 , 2)  (48.4013 , 6)  (46.6496 , 3)  (46.6046 , 8)  (44.8869 , 1)  (44.4431 , 9)  (43.5688 , 5)  
(103.073 , 7)  (65.4242 , 6)  (55.069 , 4)  (51.995 , 5)  (50.7831 , 1)  (50.0141 , 3)  (48.126 , 9)  (44.0764 , 2)  (41.8321 , 8)  
(99.0578 , 1)  (57.5349 , 2)  (57.1799 , 6)  (52.7351 , 7)  (49.1976 , 9)  (48.8959 , 5)  (48.1524 , 8)  (47.8262 , 3)  (36.8842 , 4)  
(107.707 , 5)  (56.962 , 8)  (53.9055 , 2)  (51.1862 , 7)  (50.5228 , 4)  (49.4227 , 9)  (44.9077 , 1)  (44.3702 , 6)  (37.9468 , 3)  
(90.3599 , 8)  (63.3844 , 6)  (61.622 , 1)  (56.7186 , 2)  (55.5177 , 7)  (52.1997 , 9)  (50.7514 , 5)  (44.7148 , 3)  (32.1704 , 4)  
(93.1593 , 3)  (60.3776 , 7)  (56.5903 , 6)  (56.4991 , 1)  (55.2068 , 5)  (51.5499 , 9)  (51.4105 , 2)  (39.6489 , 4)  (37.703 , 8)  
(98.5649 , 2)  (60.3098 , 8)  (55.1181 , 1)  (54.8609 , 3)  (54.1889 , 6)  (53.429 , 9)  (51.6601 , 5)  (49.2361 , 7)  (39.8301 , 4)  
