 -------------------951------------
(97.5754 , 7)  (71.376 , 9)  (60.8557 , 2)  (59.7125 , 1)  (58.331 , 6)  (52.0035 , 4)  (50.3743 , 5)  (38.5848 , 3)  (26.6942 , 8)  
(90.6114 , 5)  (72.9611 , 3)  (60.7167 , 6)  (54.4945 , 1)  (53.268 , 9)  (50.6696 , 7)  (43.5985 , 4)  (42.7616 , 8)  (37.2329 , 2)  
(82.7247 , 6)  (74.3852 , 8)  (71.751 , 5)  (58.2459 , 7)  (53.0498 , 1)  (49.6465 , 2)  (48.1829 , 3)  (44.4186 , 9)  (30.6917 , 4)  
(87.5299 , 1)  (74.2638 , 7)  (59.3484 , 2)  (56.025 , 6)  (52.9609 , 4)  (47.2051 , 5)  (45.4764 , 3)  (43.5022 , 9)  (43.2043 , 8)  
(91.4971 , 9)  (65.5172 , 6)  (63.5173 , 7)  (58.3933 , 4)  (55.842 , 5)  (52.5048 , 8)  (44.8975 , 1)  (43.9526 , 2)  (43.0255 , 3)  
(99.5818 , 4)  (58.6507 , 7)  (57.0894 , 9)  (55.8043 , 3)  (54.8111 , 2)  (54.0843 , 1)  (52.5329 , 6)  (50.503 , 5)  (32.161 , 8)  
(77.38 , 2)  (59.9821 , 3)  (57.157 , 7)  (55.2522 , 1)  (52.8507 , 9)  (51.7714 , 8)  (49.3747 , 6)  (46.7028 , 5)  (45.3862 , 4)  
(107.853 , 8)  (56.1875 , 4)  (53.7208 , 9)  (51.1437 , 1)  (49.1877 , 3)  (48.3249 , 2)  (47.3507 , 6)  (46.0078 , 7)  (41.0478 , 5)  
(98.0486 , 3)  (56.4284 , 7)  (55.1746 , 2)  (51.8794 , 8)  (51.8309 , 9)  (51.024 , 4)  (50.9656 , 6)  (47.0148 , 1)  (45.5606 , 5)  
