 -------------------107------------
(108.218 , 7)  (51.474 , 6)  (50.9718 , 9)  (48.6953 , 1)  (48.2537 , 4)  (48.1163 , 8)  (47.9143 , 2)  (47.8198 , 5)  (47.3498 , 3)  
(83.4088 , 8)  (78.6371 , 9)  (62.0482 , 7)  (58.5173 , 2)  (55.8101 , 6)  (48.8768 , 1)  (45.754 , 4)  (43.3094 , 5)  (37.9823 , 3)  
(98.7324 , 6)  (61.8231 , 8)  (57.9295 , 4)  (56.5102 , 3)  (55.0617 , 1)  (51.0788 , 7)  (49.7225 , 5)  (47.0889 , 2)  (40.8097 , 9)  
(90.5464 , 9)  (62.0397 , 6)  (55.9204 , 5)  (55.9004 , 4)  (55.6141 , 7)  (52.3172 , 1)  (51.7368 , 3)  (49.47 , 2)  (45.1582 , 8)  
(107.573 , 5)  (55.9752 , 3)  (54.0786 , 2)  (50.9068 , 1)  (50.551 , 6)  (48.7755 , 4)  (46.0313 , 9)  (44.6448 , 7)  (39.1832 , 8)  
(104.77 , 1)  (57.76 , 7)  (56.2659 , 4)  (49.2519 , 3)  (47.812 , 2)  (47.4319 , 6)  (45.7042 , 8)  (44.8568 , 9)  (44.3266 , 5)  
(106.185 , 4)  (61.3049 , 9)  (61.2929 , 2)  (57.274 , 1)  (57.1989 , 6)  (53.5834 , 5)  (45.1613 , 7)  (43.9452 , 3)  (32.9521 , 8)  
(95.0722 , 2)  (62.6305 , 7)  (53.7804 , 4)  (52.0054 , 3)  (51.8687 , 6)  (51.4976 , 8)  (51.2484 , 1)  (48.6415 , 9)  (35.8692 , 5)  
(104.537 , 3)  (59.476 , 1)  (57.3199 , 8)  (53.367 , 9)  (50.5167 , 6)  (50.2996 , 4)  (48.8655 , 7)  (46.7394 , 2)  (44.7165 , 5)  
