 -------------------735------------
(94.1661 , 8)  (66.0271 , 7)  (65.13 , 1)  (58.1212 , 6)  (52.8807 , 3)  (48.535 , 4)  (48.3075 , 2)  (45.3908 , 9)  (38.2315 , 5)  
(91.3307 , 6)  (62.2682 , 1)  (60.6921 , 3)  (55.1227 , 4)  (48.6884 , 5)  (46.146 , 7)  (44.321 , 9)  (42.5129 , 8)  (41.3925 , 2)  
(107.69 , 7)  (52.7883 , 5)  (52.3825 , 2)  (49.6706 , 6)  (49.479 , 3)  (48.7084 , 1)  (47.9658 , 8)  (47.79 , 4)  (46.7107 , 9)  
(94.5228 , 3)  (67.1714 , 2)  (63.5071 , 9)  (57.4301 , 1)  (55.0294 , 5)  (53.1416 , 7)  (50.8181 , 4)  (43.6664 , 6)  (32.005 , 8)  
(88.9581 , 4)  (76.8449 , 6)  (59.0169 , 1)  (53.0811 , 2)  (52.074 , 7)  (51.6837 , 5)  (47.4252 , 9)  (43.9654 , 8)  (38.6446 , 3)  
(95.4879 , 9)  (67.4158 , 7)  (58.871 , 6)  (52.9914 , 2)  (50.8592 , 1)  (49.5305 , 4)  (49.2464 , 3)  (44.8462 , 8)  (44.2229 , 5)  
(80.2704 , 2)  (73.3151 , 1)  (65.6327 , 8)  (59.9912 , 3)  (52.4213 , 5)  (50.1637 , 9)  (47.023 , 6)  (43.1565 , 7)  (42.8707 , 4)  
(101.009 , 1)  (67.1762 , 7)  (58.9336 , 4)  (49.6038 , 2)  (48.1572 , 3)  (46.9157 , 6)  (44.587 , 5)  (43.1731 , 8)  (42.0125 , 9)  
(104.261 , 5)  (69.206 , 8)  (53.8659 , 4)  (50.5744 , 1)  (47.1019 , 6)  (46.7492 , 2)  (43.2631 , 9)  (42.441 , 7)  (41.9176 , 3)  
