 -------------------291------------
(87.7389 , 2)  (75.0332 , 7)  (58.5767 , 8)  (56.9797 , 9)  (56.6432 , 6)  (51.3297 , 5)  (49.9777 , 1)  (37.8627 , 3)  (34.1875 , 4)  
(95.0673 , 9)  (61.1322 , 7)  (58.4505 , 6)  (53.9821 , 4)  (51.7959 , 2)  (50.1764 , 5)  (48.4553 , 1)  (47.5649 , 8)  (45.1491 , 3)  
(90.7773 , 7)  (74.2501 , 9)  (57.8275 , 2)  (51.6974 , 1)  (51.5391 , 6)  (51.3526 , 8)  (48.6634 , 5)  (45.9959 , 4)  (45.6869 , 3)  
(94.4302 , 6)  (58.9647 , 8)  (54.4602 , 5)  (53.9803 , 7)  (49.7867 , 1)  (49.61 , 4)  (47.0695 , 3)  (45.1667 , 2)  (39.4894 , 9)  
(96.9937 , 4)  (74.4104 , 6)  (58.3193 , 7)  (54.6561 , 2)  (50.2707 , 9)  (46.9871 , 8)  (45.5371 , 1)  (45.4047 , 3)  (42.6753 , 5)  
(97.4236 , 8)  (62.1402 , 9)  (58.7053 , 2)  (56.1322 , 1)  (55.7542 , 3)  (50.7964 , 6)  (50.2847 , 4)  (45.5883 , 5)  (42.4861 , 7)  
(104.859 , 5)  (56.7747 , 3)  (51.8312 , 7)  (50.0635 , 2)  (49.5208 , 4)  (47.3246 , 1)  (46.8749 , 9)  (46.212 , 6)  (42.9377 , 8)  
(103.757 , 1)  (65.3355 , 7)  (49.6218 , 4)  (49.3242 , 3)  (48.7124 , 5)  (48.1371 , 6)  (46.4412 , 9)  (46.2382 , 8)  (46.1986 , 2)  
(104.701 , 3)  (53.9976 , 7)  (52.9778 , 1)  (52.3268 , 5)  (50.0544 , 8)  (48.7207 , 4)  (46.5816 , 6)  (45.6268 , 2)  (42.5573 , 9)  
