 -------------------301------------
(94.7062 , 9)  (61.3788 , 4)  (57.8346 , 2)  (52.9727 , 8)  (49.9932 , 1)  (48.0912 , 6)  (47.5164 , 5)  (44.428 , 3)  (43.2039 , 7)  
(98.3048 , 8)  (64.3592 , 9)  (59.1491 , 7)  (53.8084 , 1)  (52.824 , 2)  (51.2127 , 6)  (47.0065 , 4)  (46.2136 , 5)  (43.7329 , 3)  
(104.136 , 7)  (56.6994 , 9)  (51.0377 , 1)  (50.6226 , 2)  (49.8816 , 8)  (49.6335 , 3)  (48.9021 , 6)  (47.4949 , 4)  (40.0736 , 5)  
(95.9548 , 1)  (67.0158 , 7)  (60.7193 , 6)  (49.4786 , 2)  (48.7961 , 8)  (48.3823 , 5)  (47.4696 , 4)  (46.4779 , 3)  (44.2113 , 9)  
(103.938 , 2)  (60.2983 , 9)  (53.5834 , 1)  (53.121 , 7)  (52.002 , 5)  (48.3576 , 8)  (48.3263 , 3)  (47.5356 , 6)  (41.3913 , 4)  
(77.534 , 6)  (74.8079 , 1)  (65.8004 , 8)  (58.7446 , 2)  (53.047 , 7)  (51.8854 , 3)  (50.3018 , 4)  (47.671 , 9)  (46.4914 , 5)  
(102.921 , 3)  (52.5783 , 7)  (52.0739 , 4)  (51.0731 , 6)  (50.6653 , 1)  (49.9107 , 2)  (46.5769 , 8)  (44.6164 , 5)  (43.0046 , 9)  
(92.1222 , 4)  (71.4027 , 6)  (57.4893 , 7)  (57.0361 , 8)  (55.736 , 1)  (48.5633 , 9)  (47.9327 , 3)  (43.4972 , 2)  (42.4731 , 5)  
(88.9108 , 5)  (70.2341 , 3)  (60.2016 , 9)  (59.0959 , 8)  (50.6906 , 6)  (48.2761 , 2)  (46.868 , 1)  (40.845 , 7)  (39.8602 , 4)  
