 -------------------257------------
(88.5089 , 8)  (80.2985 , 3)  (55.2515 , 7)  (53.691 , 1)  (52.7512 , 4)  (51.8391 , 5)  (49.7977 , 9)  (49.5368 , 6)  (40.8486 , 2)  
(91.2788 , 4)  (66.0981 , 6)  (56.5848 , 1)  (53.3939 , 7)  (52.7569 , 8)  (52.4855 , 5)  (48.3231 , 2)  (46.9233 , 3)  (37.9157 , 9)  
(103.379 , 6)  (62.0878 , 1)  (55.8582 , 4)  (52.1656 , 3)  (50.8962 , 2)  (50.0686 , 7)  (46.9603 , 5)  (45.7488 , 8)  (41.3763 , 9)  
(94.8449 , 9)  (64.6474 , 7)  (56.6163 , 6)  (55.2273 , 1)  (53.2094 , 2)  (50.3201 , 5)  (48.5442 , 3)  (44.2934 , 4)  (40.6241 , 8)  
(102.247 , 1)  (60.1916 , 2)  (50.1803 , 6)  (50.1203 , 7)  (49.39 , 5)  (48.5092 , 9)  (47.6325 , 3)  (46.1233 , 8)  (41.0058 , 4)  
(93.3556 , 3)  (59.9646 , 7)  (59.8889 , 5)  (57.2368 , 9)  (54.9888 , 1)  (52.147 , 2)  (51.3072 , 6)  (45.7908 , 8)  (45.0253 , 4)  
(108.162 , 7)  (56.5448 , 6)  (53.8088 , 2)  (53.4233 , 9)  (50.1093 , 5)  (46.2262 , 4)  (46.1311 , 1)  (39.5093 , 3)  (38.7875 , 8)  
(80.9048 , 5)  (66.6435 , 6)  (60.1911 , 3)  (56.7867 , 9)  (52.5533 , 2)  (48.4416 , 4)  (48.0469 , 1)  (47.7581 , 7)  (46.0225 , 8)  
(79.0402 , 2)  (65.6663 , 8)  (60.7967 , 7)  (60.5643 , 6)  (57.7809 , 3)  (52.0001 , 1)  (51.4043 , 9)  (49.1177 , 4)  (45.617 , 5)  
