 -------------------395------------
(103.929 , 3)  (57.5092 , 7)  (55.6978 , 8)  (52.6304 , 4)  (51.5034 , 6)  (49.7558 , 5)  (48.3414 , 2)  (41.7364 , 9)  (38.3144 , 1)  
(79.9931 , 6)  (70.661 , 9)  (61.3712 , 8)  (56.6588 , 4)  (54.0602 , 7)  (49.9214 , 2)  (47.4569 , 3)  (46.3547 , 1)  (41.095 , 5)  
(99.4553 , 1)  (66.375 , 2)  (62.575 , 4)  (51.2771 , 8)  (50.0405 , 9)  (49.0481 , 3)  (44.6909 , 7)  (42.1555 , 5)  (37.2814 , 6)  
(94.7828 , 8)  (61.298 , 6)  (59.3098 , 7)  (56.3748 , 2)  (53.746 , 5)  (53.5403 , 9)  (48.908 , 4)  (43.6487 , 3)  (43.4127 , 1)  
(100.478 , 4)  (64.3239 , 2)  (60.8474 , 7)  (56.2871 , 9)  (54.8224 , 6)  (47.1548 , 1)  (46.5716 , 3)  (44.9119 , 5)  (36.8436 , 8)  
(101.282 , 5)  (59.1634 , 8)  (58.079 , 9)  (49.293 , 3)  (49.2091 , 4)  (47.2946 , 1)  (46.0079 , 2)  (45.1949 , 6)  (43.3946 , 7)  
(98.0842 , 7)  (62.1623 , 2)  (60.4837 , 1)  (59.3314 , 6)  (49.6939 , 8)  (48.7828 , 5)  (48.0581 , 9)  (45.2506 , 3)  (39.2995 , 4)  
(77.3475 , 9)  (75.2056 , 7)  (70.154 , 1)  (57.1702 , 8)  (52.5141 , 6)  (52.4488 , 2)  (46.3189 , 5)  (42.0595 , 3)  (36.5544 , 4)  
(101.574 , 2)  (64.7272 , 3)  (59.1751 , 6)  (55.0643 , 9)  (53.9071 , 1)  (45.7114 , 8)  (43.7132 , 5)  (42.1666 , 4)  (42.0498 , 7)  
