 -------------------110------------
(95.7842 , 4)  (74.3025 , 7)  (66.3941 , 5)  (59.2232 , 2)  (48.7363 , 6)  (45.8866 , 3)  (39.7608 , 9)  (39.6426 , 1)  (38.1281 , 8)  
(94.6497 , 8)  (66.981 , 1)  (54.1036 , 5)  (52.1665 , 3)  (50.0415 , 4)  (49.667 , 9)  (49.5561 , 2)  (47.3492 , 7)  (42.1115 , 6)  
(101.991 , 2)  (65.3332 , 1)  (55.7361 , 3)  (53.0843 , 9)  (49.2069 , 8)  (48.4293 , 5)  (46.677 , 4)  (44.5921 , 6)  (43.9683 , 7)  
(106.428 , 7)  (56.2043 , 6)  (53.7224 , 5)  (50.6954 , 9)  (50.4354 , 2)  (47.6662 , 1)  (46.6617 , 3)  (46.606 , 4)  (44.63 , 8)  
(99.3429 , 3)  (61.3337 , 2)  (59.3284 , 9)  (58.1941 , 6)  (54.9812 , 8)  (52.7025 , 7)  (47.3609 , 1)  (42.2878 , 5)  (38.5338 , 4)  
(104.865 , 1)  (54.2623 , 9)  (51.7758 , 6)  (51.1507 , 5)  (51.0064 , 7)  (50.02 , 3)  (47.7947 , 8)  (45.9862 , 2)  (40.2478 , 4)  
(104.959 , 6)  (54.9028 , 9)  (53.4167 , 7)  (51.9917 , 2)  (51.4596 , 5)  (46.6735 , 1)  (46.6057 , 8)  (43.9834 , 4)  (42.711 , 3)  
(92.1029 , 9)  (61.739 , 7)  (57.3167 , 6)  (53.0859 , 3)  (52.953 , 8)  (51.8114 , 2)  (47.0194 , 5)  (46.7936 , 1)  (39.2791 , 4)  
(99.4787 , 5)  (59.7587 , 2)  (57.7155 , 6)  (50.3899 , 7)  (50.2233 , 8)  (49.1846 , 9)  (45.765 , 4)  (43.8154 , 1)  (41.9547 , 3)  
