 -------------------576------------
(89.9663 , 4)  (79.1243 , 6)  (71.7376 , 9)  (54.2479 , 7)  (53.5167 , 1)  (52.2923 , 2)  (47.3175 , 3)  (41.4592 , 5)  (37.3541 , 8)  
(102.736 , 5)  (60.6481 , 4)  (58.1311 , 8)  (53.5352 , 1)  (46.8239 , 9)  (46.0199 , 2)  (44.9128 , 6)  (43.1926 , 7)  (32.5101 , 3)  
(91.6743 , 9)  (75.75 , 4)  (59.4628 , 2)  (54.8245 , 5)  (51.0642 , 7)  (42.8134 , 6)  (39.8751 , 3)  (39.3443 , 8)  (36.3381 , 1)  
(102.895 , 1)  (61.8634 , 2)  (53.6718 , 7)  (50.6648 , 4)  (50.4782 , 8)  (48.9327 , 9)  (47.9798 , 5)  (44.7712 , 6)  (40.9673 , 3)  
(78.9811 , 6)  (78.978 , 5)  (63.0127 , 2)  (62.648 , 9)  (62.5131 , 7)  (56.6488 , 1)  (48.8918 , 4)  (43.6429 , 8)  (23.3899 , 3)  
(99.8056 , 8)  (59.5156 , 2)  (57.5792 , 6)  (52.305 , 1)  (51.2535 , 7)  (48.4532 , 9)  (47.6911 , 4)  (46.5089 , 3)  (42.5093 , 5)  
(91.0863 , 2)  (85.6519 , 7)  (57.9108 , 6)  (53.3843 , 3)  (49.2353 , 5)  (46.2426 , 8)  (44.5627 , 4)  (44.0374 , 1)  (37.9038 , 9)  
(82.7199 , 7)  (70.694 , 9)  (64.591 , 2)  (63.5916 , 1)  (56.5219 , 3)  (53.1452 , 6)  (44.4289 , 8)  (43.7461 , 4)  (41.5291 , 5)  
(106.594 , 3)  (57.3461 , 7)  (51.3089 , 1)  (50.9238 , 2)  (49.6352 , 6)  (49.6184 , 4)  (47.8479 , 8)  (45.0911 , 5)  (41.6401 , 9)  
