 -------------------986------------
(87.2209 , 4)  (80.8681 , 6)  (67.0185 , 9)  (55.8253 , 7)  (53.7923 , 1)  (51.4579 , 5)  (45.012 , 2)  (44.5245 , 3)  (43.6506 , 8)  
(91.1579 , 8)  (71.2861 , 9)  (64.9838 , 2)  (59.298 , 5)  (52.0337 , 7)  (51.9464 , 6)  (47.3442 , 4)  (43.2145 , 3)  (39.3417 , 1)  
(93.7768 , 5)  (76.506 , 3)  (61.5854 , 6)  (53.3771 , 1)  (51.2057 , 9)  (46.2235 , 4)  (44.0071 , 8)  (43.429 , 2)  (42.2501 , 7)  
(107.516 , 2)  (56.5915 , 8)  (55.2205 , 9)  (53.7204 , 7)  (52.133 , 1)  (47.8396 , 6)  (47.351 , 3)  (46.9532 , 5)  (39.3724 , 4)  
(92.511 , 6)  (55.9989 , 4)  (54.4354 , 5)  (53.893 , 7)  (52.0994 , 9)  (50.0865 , 1)  (48.3054 , 3)  (44.0598 , 8)  (40.1156 , 2)  
(101.351 , 9)  (61.9731 , 7)  (57.0641 , 6)  (56.9768 , 2)  (52.3282 , 4)  (47.2741 , 3)  (46.0676 , 5)  (40.4719 , 1)  (37.2736 , 8)  
(101.256 , 1)  (63.7936 , 4)  (62.7395 , 7)  (51.0241 , 2)  (46.2958 , 3)  (45.7596 , 8)  (45.7378 , 6)  (45.0435 , 5)  (44.5692 , 9)  
(107.123 , 7)  (55.6049 , 1)  (51.842 , 6)  (51.2079 , 4)  (51.0968 , 5)  (49.992 , 3)  (48.17 , 2)  (47.9344 , 8)  (45.9282 , 9)  
(103.567 , 3)  (61.4083 , 2)  (60.8248 , 5)  (50.4116 , 4)  (48.4131 , 6)  (47.9919 , 7)  (47.8822 , 1)  (46.1471 , 9)  (38.4915 , 8)  
