 -------------------281------------
(103.43 , 5)  (67.457 , 8)  (65.9882 , 2)  (49.8658 , 1)  (48.475 , 6)  (47.4985 , 3)  (45.264 , 9)  (41.6851 , 4)  (41.0643 , 7)  
(95.0535 , 8)  (70.7755 , 6)  (54.5531 , 9)  (53.104 , 3)  (52.5406 , 2)  (49.7851 , 7)  (49.2995 , 5)  (49.097 , 1)  (35.6758 , 4)  
(103.039 , 1)  (67.5245 , 7)  (51.2877 , 4)  (49.4025 , 5)  (49.2239 , 2)  (49.2204 , 3)  (47.3382 , 6)  (45.8945 , 9)  (41.8773 , 8)  
(94.966 , 6)  (56.3478 , 5)  (55.6329 , 9)  (55.4931 , 3)  (51.1935 , 1)  (48.3542 , 4)  (47.2845 , 7)  (41.5187 , 8)  (36.2886 , 2)  
(93.6519 , 3)  (70.1159 , 7)  (58.9489 , 2)  (56.0535 , 6)  (50.7948 , 9)  (50.6479 , 1)  (48.1473 , 8)  (45.3931 , 5)  (39.8383 , 4)  
(103.126 , 2)  (58.9611 , 9)  (58.4086 , 7)  (55.8525 , 6)  (52.9945 , 5)  (49.631 , 3)  (46.4086 , 1)  (43.4134 , 4)  (41.3323 , 8)  
(105.469 , 7)  (56.7008 , 9)  (52.1284 , 2)  (50.8543 , 1)  (50.1784 , 6)  (49.2355 , 4)  (49.0132 , 3)  (48.7862 , 8)  (40.7457 , 5)  
(88.3371 , 4)  (60.2246 , 6)  (56.3486 , 8)  (56.1063 , 5)  (49.5945 , 2)  (49.5848 , 1)  (49.1277 , 9)  (47.8597 , 7)  (43.3386 , 3)  
(90.0142 , 9)  (64.9472 , 4)  (60.7177 , 7)  (57.5642 , 3)  (49.0044 , 6)  (48.758 , 5)  (47.1654 , 2)  (40.1134 , 8)  (39.912 , 1)  
