 -------------------586------------
(91.033 , 6)  (63.1655 , 2)  (57.6 , 9)  (55.8839 , 5)  (53.4076 , 8)  (50.9475 , 4)  (47.7565 , 7)  (44.9497 , 1)  (34.8898 , 3)  
(89.041 , 5)  (84.262 , 8)  (77.1313 , 6)  (52.3886 , 3)  (46.4791 , 9)  (44.2538 , 7)  (43.4358 , 2)  (40.3359 , 1)  (35.7302 , 4)  
(77.3092 , 9)  (68.6841 , 7)  (60.8361 , 6)  (59.2469 , 1)  (54.2685 , 8)  (47.9601 , 3)  (47.778 , 4)  (45.6475 , 2)  (45.2162 , 5)  
(99.0488 , 8)  (62.6152 , 6)  (59.5879 , 9)  (52.2042 , 1)  (50.7772 , 7)  (49.0766 , 2)  (47.1054 , 3)  (44.4724 , 4)  (41.1611 , 5)  
(77.5059 , 2)  (71.5018 , 1)  (65.3186 , 8)  (59.8175 , 3)  (54.9727 , 6)  (51.5446 , 9)  (51.3752 , 7)  (45.1249 , 5)  (37.4395 , 4)  
(94.7274 , 1)  (67.2753 , 6)  (58.0126 , 2)  (57.2148 , 4)  (55.5608 , 5)  (46.8463 , 8)  (45.5074 , 7)  (41.6361 , 3)  (34.9477 , 9)  
(76.451 , 7)  (63.0092 , 4)  (61.9384 , 9)  (56.7227 , 2)  (52.9277 , 5)  (51.0313 , 1)  (48.3576 , 8)  (46.6848 , 6)  (46.3226 , 3)  
(104.299 , 4)  (56.9718 , 2)  (55.5537 , 7)  (54.7417 , 1)  (51.1146 , 3)  (49.5802 , 5)  (49.4845 , 6)  (45.7485 , 9)  (45.5847 , 8)  
(91.243 , 3)  (61.6121 , 5)  (59.4623 , 7)  (54.828 , 4)  (54.1644 , 8)  (50.4194 , 2)  (46.6947 , 9)  (46.3592 , 6)  (43.1102 , 1)  
