 -------------------518------------
(106.848 , 6)  (54.828 , 2)  (51.9379 , 8)  (51.7953 , 9)  (50.469 , 4)  (48.8817 , 1)  (46.1575 , 7)  (45.5916 , 3)  (43.3129 , 5)  
(103.951 , 7)  (59.8826 , 3)  (55.4853 , 8)  (55.3782 , 6)  (49.7615 , 4)  (48.9461 , 1)  (47.9453 , 2)  (41.8107 , 9)  (40.5225 , 5)  
(103.835 , 3)  (55.3156 , 6)  (53.6661 , 7)  (53.0134 , 9)  (51.2596 , 4)  (48.5879 , 2)  (48.3744 , 1)  (45.8698 , 8)  (45.0049 , 5)  
(89.826 , 2)  (65.0755 , 6)  (63.6815 , 1)  (59.6883 , 7)  (54.7113 , 3)  (49.5704 , 5)  (48.6133 , 8)  (44.4365 , 9)  (42.294 , 4)  
(103.481 , 4)  (58.4452 , 2)  (57.4766 , 7)  (56.7266 , 1)  (55.6901 , 8)  (50.8562 , 5)  (49.792 , 3)  (45.62 , 6)  (34.5025 , 9)  
(94.4219 , 5)  (63.9559 , 1)  (62.9333 , 3)  (50.322 , 2)  (49.2974 , 9)  (48.6769 , 8)  (47.6097 , 7)  (47.0881 , 6)  (42.2354 , 4)  
(102.798 , 1)  (66.9429 , 7)  (54.6402 , 2)  (51.585 , 6)  (48.1705 , 5)  (45.8839 , 9)  (45.7647 , 8)  (45.1338 , 3)  (42.9221 , 4)  
(94.6045 , 8)  (73.3584 , 2)  (56.7932 , 4)  (56.1285 , 7)  (52.027 , 6)  (48.4893 , 9)  (45.1498 , 3)  (44.3535 , 1)  (40.4528 , 5)  
(96.7426 , 9)  (59.2087 , 4)  (55.1669 , 6)  (53.6052 , 2)  (51.9449 , 3)  (51.551 , 7)  (49.848 , 5)  (46.5656 , 1)  (38.7845 , 8)  
