 -------------------722------------
(83.7648 , 5)  (77.7737 , 6)  (66.2083 , 3)  (61.7498 , 8)  (61.7268 , 1)  (49.5306 , 7)  (44.4651 , 4)  (38.6092 , 2)  (36.1725 , 9)  
(95.8588 , 4)  (59.5062 , 7)  (58.888 , 2)  (55.5738 , 6)  (55.2805 , 9)  (54.8482 , 5)  (50.6257 , 3)  (50.1733 , 1)  (35.7503 , 8)  
(87.53 , 3)  (64.7271 , 2)  (62.2789 , 7)  (54.9752 , 1)  (54.1128 , 6)  (53.6095 , 4)  (51.6109 , 5)  (49.199 , 9)  (46.9801 , 8)  
(98.6117 , 1)  (63.0554 , 7)  (60.4624 , 5)  (59.2085 , 6)  (53.1459 , 9)  (48.3426 , 2)  (43.9458 , 8)  (43.9036 , 4)  (41.4914 , 3)  
(95.4753 , 8)  (68.5821 , 2)  (66.8161 , 1)  (57.0392 , 7)  (56.3933 , 9)  (52.7499 , 6)  (42.113 , 4)  (38.8923 , 3)  (35.3444 , 5)  
(95.0252 , 7)  (58.1835 , 9)  (56.4704 , 6)  (52.618 , 3)  (50.9193 , 5)  (50.1774 , 4)  (48.1101 , 8)  (45.5523 , 2)  (42.839 , 1)  
(78.0248 , 5)  (70.7298 , 8)  (58.4034 , 6)  (58.0603 , 2)  (56.4885 , 9)  (55.7814 , 1)  (48.9458 , 3)  (44.9385 , 7)  (37.578 , 4)  
(97.4257 , 6)  (59.9617 , 4)  (56.9545 , 3)  (54.6554 , 5)  (48.2425 , 1)  (47.5761 , 8)  (45.1841 , 7)  (41.4817 , 9)  (40.9225 , 2)  
(108.004 , 2)  (57.0887 , 9)  (54.7549 , 5)  (53.5011 , 4)  (51.9561 , 7)  (47.1003 , 1)  (46.8731 , 6)  (46.7717 , 3)  (45.809 , 8)  
