 -------------------867------------
(101.436 , 2)  (65.1256 , 3)  (58.4825 , 1)  (52.8644 , 9)  (50.7791 , 7)  (48.3397 , 6)  (46.0138 , 8)  (44.3571 , 4)  (41.6927 , 5)  
(91.5182 , 4)  (56.089 , 6)  (56.0698 , 7)  (54.1325 , 2)  (51.8417 , 1)  (49.0677 , 3)  (48.638 , 8)  (42.0587 , 5)  (36.8061 , 9)  
(100.132 , 5)  (60.1603 , 2)  (54.8421 , 8)  (52.5926 , 7)  (52.1353 , 9)  (50.9755 , 6)  (44.9495 , 1)  (40.9533 , 3)  (40.7679 , 4)  
(99.506 , 6)  (50.9342 , 8)  (50.2541 , 2)  (49.5216 , 4)  (49.22 , 1)  (48.2104 , 5)  (48.0396 , 7)  (47.213 , 9)  (43.9009 , 3)  
(103.955 , 1)  (65.3334 , 7)  (52.7408 , 6)  (50.22 , 5)  (48.7372 , 2)  (47.7286 , 3)  (46.8191 , 4)  (46.4901 , 9)  (42.6238 , 8)  
(90.7862 , 9)  (60.5765 , 6)  (56.7041 , 7)  (55.5735 , 3)  (52.9198 , 2)  (49.9899 , 5)  (48.2953 , 4)  (46.2741 , 1)  (45.0592 , 8)  
(91.0233 , 8)  (64.6977 , 2)  (57.7595 , 4)  (53.3844 , 9)  (53.0953 , 6)  (52.7605 , 1)  (49.9792 , 7)  (48.3335 , 3)  (44.3503 , 5)  
(97.3627 , 7)  (69.14 , 1)  (58.7734 , 3)  (56.8502 , 2)  (51.2929 , 4)  (49.3827 , 8)  (48.292 , 6)  (47.7522 , 9)  (41.9546 , 5)  
(98.7106 , 3)  (64.8503 , 8)  (57.5565 , 7)  (54.4867 , 2)  (52.4973 , 1)  (51.6598 , 4)  (51.3203 , 6)  (47.7127 , 5)  (38.5608 , 9)  
