 -------------------989------------
(85.8923 , 4)  (80.9912 , 6)  (68.6917 , 9)  (55.4486 , 7)  (54.1594 , 1)  (52.0145 , 5)  (45.8704 , 2)  (44.3927 , 3)  (42.8695 , 8)  
(91.3827 , 8)  (72.7253 , 9)  (64.012 , 2)  (59.2277 , 5)  (52.4243 , 6)  (50.9606 , 7)  (47.104 , 4)  (42.3243 , 3)  (40.4425 , 1)  
(95.207 , 5)  (76.3983 , 3)  (59.5594 , 6)  (53.424 , 9)  (49.4652 , 1)  (44.9957 , 7)  (44.75 , 2)  (42.7958 , 4)  (42.0128 , 8)  
(107.541 , 2)  (55.5001 , 9)  (54.8254 , 8)  (52.7281 , 7)  (52.3032 , 1)  (47.7266 , 3)  (47.1194 , 5)  (46.4959 , 6)  (39.8088 , 4)  
(91.5982 , 6)  (55.892 , 5)  (54.9786 , 4)  (53.571 , 7)  (53.2438 , 9)  (52.3524 , 1)  (46.9147 , 3)  (43.1691 , 8)  (40.7815 , 2)  
(101.342 , 9)  (62.6278 , 7)  (57.6589 , 6)  (56.8445 , 2)  (52.2797 , 4)  (47.6515 , 3)  (45.5617 , 5)  (40.184 , 1)  (36.8312 , 8)  
(101.252 , 1)  (63.7369 , 4)  (62.7879 , 7)  (50.9803 , 2)  (46.2629 , 3)  (45.8573 , 6)  (45.7077 , 8)  (44.9822 , 5)  (44.6071 , 9)  
(107.147 , 7)  (55.5526 , 1)  (52.0818 , 6)  (51.0385 , 4)  (50.8897 , 5)  (49.9028 , 3)  (48.167 , 2)  (47.8444 , 8)  (45.9084 , 9)  
(101.982 , 3)  (66.4133 , 2)  (58.6128 , 5)  (51.3495 , 6)  (50.3905 , 7)  (50.0893 , 4)  (49.405 , 9)  (45.5325 , 1)  (37.2295 , 8)  
