 -------------------380------------
(102.861 , 3)  (57.9764 , 7)  (54.2468 , 5)  (52.7668 , 4)  (51.407 , 6)  (50.8289 , 8)  (49.3764 , 2)  (42.0386 , 9)  (39.7822 , 1)  
(81.3123 , 6)  (71.0687 , 9)  (59.1117 , 8)  (55.1224 , 7)  (54.5964 , 4)  (51.6913 , 2)  (47.4286 , 1)  (44.1841 , 3)  (43.8672 , 5)  
(98.609 , 1)  (69.0177 , 2)  (57.6947 , 4)  (51.0224 , 9)  (49.7502 , 8)  (46.9926 , 3)  (44.4178 , 7)  (43.8495 , 5)  (37.8962 , 6)  
(95.2888 , 8)  (63.2762 , 6)  (57.2279 , 2)  (53.8643 , 7)  (53.8334 , 9)  (50.7365 , 5)  (48.4904 , 1)  (47.9275 , 4)  (43.5853 , 3)  
(105.404 , 4)  (64.2921 , 7)  (63.8267 , 2)  (53.57 , 6)  (51.9885 , 9)  (48.7385 , 5)  (42.5362 , 1)  (40.0955 , 3)  (39.3557 , 8)  
(101.31 , 5)  (55.6994 , 3)  (55.5068 , 4)  (55.2443 , 8)  (54.2998 , 9)  (49.3759 , 6)  (47.7304 , 1)  (42.021 , 2)  (41.4275 , 7)  
(99.6159 , 7)  (62.4849 , 2)  (61.0282 , 1)  (58.7092 , 6)  (49.5649 , 8)  (49.1189 , 9)  (48.1418 , 5)  (43.1977 , 3)  (37.264 , 4)  
(79.7157 , 7)  (73.9678 , 9)  (69.9749 , 1)  (59.1309 , 8)  (51.4874 , 6)  (50.9472 , 2)  (45.3402 , 5)  (43.2929 , 3)  (36.8622 , 4)  
(102.02 , 2)  (59.9373 , 6)  (58.7055 , 3)  (58.3588 , 9)  (56.4117 , 1)  (46.2216 , 8)  (44.0939 , 5)  (41.8847 , 7)  (37.6158 , 4)  
