 -------------------2------------
(104.743 , 2)  (64.2891 , 6)  (57.7615 , 7)  (55.9864 , 5)  (49.1061 , 8)  (48.8531 , 1)  (45.9348 , 9)  (45.6137 , 3)  (41.5146 , 4)  
(91.0491 , 5)  (70.5283 , 3)  (64.3791 , 8)  (57.426 , 9)  (55.1592 , 7)  (49.7028 , 4)  (45.905 , 1)  (45.3025 , 6)  (33.3029 , 2)  
(104.626 , 9)  (53.772 , 3)  (53.0949 , 2)  (50.4649 , 6)  (49.6787 , 1)  (45.3586 , 7)  (44.5029 , 4)  (44.1466 , 8)  (42.6788 , 5)  
(99.19 , 7)  (61.5037 , 3)  (58.3405 , 9)  (54.2306 , 6)  (53.7013 , 1)  (48.1571 , 4)  (48.0877 , 2)  (46.6551 , 5)  (45.8223 , 8)  
(97.2968 , 8)  (60.8785 , 9)  (58.7308 , 3)  (53.293 , 4)  (53.2867 , 2)  (52.4551 , 6)  (47.7633 , 1)  (46.6578 , 5)  (44.1549 , 7)  
(90.6599 , 3)  (61.6228 , 2)  (57.333 , 7)  (56.7492 , 9)  (53.6322 , 8)  (51.312 , 5)  (49.6633 , 4)  (48.606 , 1)  (45.4117 , 6)  
(93.0105 , 6)  (73.258 , 9)  (56.9049 , 4)  (55.5035 , 2)  (51.0537 , 8)  (45.5586 , 1)  (45.3018 , 7)  (36.2366 , 5)  (33.5818 , 3)  
(81.1408 , 4)  (77.4303 , 7)  (71.3701 , 8)  (69.4862 , 1)  (48.4511 , 5)  (47.031 , 6)  (45.0132 , 2)  (44.0834 , 9)  (40.3866 , 3)  
(105.557 , 1)  (54.636 , 7)  (51.5551 , 9)  (49.9208 , 5)  (47.7265 , 3)  (47.0873 , 6)  (46.5747 , 8)  (46.17 , 2)  (44.6369 , 4)  
