 -------------------401------------
(103.916 , 3)  (57.5204 , 2)  (53.5115 , 7)  (52.3722 , 5)  (50.1007 , 4)  (49.7923 , 6)  (49.7767 , 9)  (48.3739 , 8)  (42.2745 , 1)  
(83.9851 , 6)  (66.3818 , 9)  (58.3268 , 8)  (58.1323 , 4)  (52.3743 , 2)  (51.1329 , 7)  (46.1944 , 1)  (46.1178 , 3)  (41.3557 , 5)  
(97.9775 , 1)  (70.2504 , 2)  (55.4809 , 9)  (51.9603 , 4)  (47.2291 , 5)  (47.0563 , 8)  (45.5648 , 7)  (42.1643 , 3)  (40.0764 , 6)  
(97.1502 , 8)  (57.028 , 6)  (54.453 , 2)  (54.0976 , 5)  (52.7772 , 7)  (51.9314 , 4)  (50.1373 , 1)  (49.8194 , 9)  (44.7704 , 3)  
(105.714 , 4)  (65.1831 , 2)  (60.6876 , 7)  (52.7563 , 5)  (49.7618 , 6)  (46.6078 , 3)  (43.4458 , 9)  (42.897 , 1)  (38.7671 , 8)  
(101.038 , 5)  (59.5117 , 8)  (57.9234 , 9)  (52.2194 , 3)  (49.7139 , 4)  (47.4621 , 6)  (47.4137 , 1)  (44.3582 , 7)  (42.7274 , 2)  
(99.6374 , 7)  (62.6878 , 2)  (58.3533 , 6)  (56.514 , 1)  (54.5721 , 8)  (49.3592 , 5)  (45.7611 , 3)  (43.4128 , 9)  (39.1931 , 4)  
(78.1142 , 7)  (70.6156 , 9)  (67.476 , 1)  (62.7721 , 8)  (50.2457 , 6)  (47.4347 , 3)  (45.5804 , 2)  (44.3134 , 4)  (41.6321 , 5)  
(101.704 , 2)  (64.0238 , 3)  (59.5147 , 6)  (55.8208 , 9)  (52.3132 , 1)  (47.0833 , 8)  (43.0154 , 4)  (42.5579 , 7)  (41.8715 , 5)  
