 -------------------85------------
(98.0019 , 4)  (73.8559 , 7)  (62.6145 , 5)  (60.9414 , 2)  (51.2333 , 6)  (44.5651 , 3)  (42.6286 , 8)  (40.6342 , 1)  (33.7323 , 9)  
(93.9856 , 8)  (65.6569 , 1)  (55.3702 , 3)  (54.0093 , 5)  (51.9069 , 7)  (51.2606 , 4)  (51.1204 , 2)  (43.865 , 6)  (40.9265 , 9)  
(100.661 , 2)  (64.7569 , 1)  (58.4587 , 3)  (50.9887 , 8)  (49.4059 , 9)  (48.1037 , 5)  (46.1237 , 4)  (45.9527 , 6)  (44.6515 , 7)  
(107.536 , 7)  (57.262 , 6)  (54.0307 , 5)  (50.4488 , 1)  (48.4906 , 2)  (47.5868 , 3)  (47.3488 , 4)  (46.9544 , 9)  (43.5453 , 8)  
(101.705 , 3)  (60.1178 , 2)  (59.7512 , 7)  (56.9625 , 9)  (53.7341 , 6)  (52.9354 , 8)  (47.069 , 1)  (43.1724 , 5)  (33.4904 , 4)  
(104.948 , 1)  (54.5006 , 3)  (54.2902 , 7)  (52.1134 , 6)  (51.3412 , 9)  (49.8374 , 4)  (48.8701 , 8)  (47.6408 , 5)  (41.5754 , 2)  
(104.988 , 6)  (55.1464 , 9)  (52.894 , 7)  (52.8656 , 5)  (52.2396 , 2)  (49.4241 , 1)  (45.7576 , 8)  (43.3477 , 4)  (41.1985 , 3)  
(92.4447 , 9)  (61.3042 , 7)  (59.5555 , 6)  (55.2052 , 3)  (51.6335 , 8)  (50.5124 , 2)  (47.4008 , 5)  (43.0122 , 1)  (40.118 , 4)  
(99.5789 , 5)  (55.5884 , 2)  (51.2573 , 8)  (51.1535 , 9)  (49.7515 , 6)  (49.1719 , 7)  (47.5609 , 4)  (44.9186 , 1)  (44.3328 , 3)  
