 -------------------113------------
(95.2835 , 4)  (76.7148 , 7)  (61.2954 , 5)  (57.2202 , 2)  (52.7057 , 6)  (45.8538 , 3)  (44.4595 , 8)  (39.9467 , 1)  (34.284 , 9)  
(91.0509 , 8)  (66.1127 , 1)  (56.6467 , 7)  (55.7222 , 5)  (52.6393 , 2)  (52.5101 , 3)  (51.7981 , 4)  (43.3476 , 6)  (41.9784 , 9)  
(103.39 , 2)  (65.1276 , 1)  (57.6773 , 3)  (54.6009 , 9)  (51.6687 , 8)  (46.7052 , 4)  (45.7447 , 5)  (45.1969 , 6)  (41.9705 , 7)  
(107.373 , 7)  (55.3513 , 6)  (52.7556 , 9)  (49.7176 , 2)  (49.6643 , 5)  (49.0202 , 1)  (46.6854 , 4)  (46.2555 , 3)  (43.7677 , 8)  
(101.006 , 3)  (62.5462 , 2)  (60.0116 , 9)  (59.3622 , 7)  (54.6417 , 6)  (53.5007 , 8)  (47.816 , 1)  (40.3982 , 5)  (34.8293 , 4)  
(104.987 , 1)  (53.8536 , 9)  (52.518 , 7)  (51.3102 , 6)  (50.7854 , 3)  (49.3161 , 8)  (48.3967 , 5)  (44.2624 , 2)  (41.3637 , 4)  
(104.344 , 6)  (54.5797 , 5)  (53.3055 , 9)  (52.1047 , 7)  (50.7169 , 2)  (48.3014 , 1)  (45.1779 , 3)  (44.6992 , 4)  (44.0444 , 8)  
(94.9837 , 9)  (62.037 , 7)  (59.6277 , 6)  (52.8552 , 8)  (51.6516 , 2)  (51.278 , 3)  (46.8337 , 1)  (44.9171 , 5)  (36.5676 , 4)  
(99.5211 , 5)  (55.3204 , 2)  (54.2137 , 6)  (52.7662 , 9)  (51.3983 , 8)  (47.4461 , 7)  (46.9265 , 1)  (45.7001 , 4)  (43.6675 , 3)  
