 -------------------632------------
(86.8676 , 8)  (70.2594 , 3)  (69.7184 , 2)  (63.336 , 6)  (58.3403 , 5)  (57.6761 , 1)  (56.9593 , 7)  (41.1672 , 9)  (34.0181 , 4)  
(103.092 , 3)  (60.4642 , 9)  (57.7202 , 7)  (52.0435 , 6)  (51.4798 , 8)  (50.8388 , 2)  (50.5525 , 1)  (48.6495 , 4)  (41.3647 , 5)  
(108.428 , 2)  (53.2709 , 5)  (52.2802 , 9)  (51.9874 , 7)  (51.1836 , 1)  (49.0682 , 8)  (48.1768 , 3)  (47.1871 , 4)  (43.3699 , 6)  
(88.8093 , 4)  (75.7408 , 9)  (58.1465 , 6)  (55.8788 , 7)  (48.5007 , 5)  (48.4433 , 1)  (46.417 , 8)  (44.0446 , 3)  (41.2673 , 2)  
(104.066 , 7)  (58.5122 , 5)  (55.619 , 6)  (53.3495 , 9)  (46.9884 , 1)  (45.402 , 4)  (45.3524 , 2)  (44.9035 , 8)  (43.2871 , 3)  
(96.9478 , 6)  (55.6462 , 5)  (50.9058 , 4)  (50.4458 , 7)  (49.9282 , 8)  (49.463 , 1)  (47.2988 , 9)  (45.4518 , 2)  (42.3911 , 3)  
(103.689 , 1)  (58.9994 , 3)  (54.3961 , 9)  (52.6236 , 7)  (51.083 , 6)  (49.5794 , 5)  (49.3754 , 4)  (46.3024 , 2)  (43.8478 , 8)  
(105.33 , 5)  (59.3613 , 3)  (58.0823 , 4)  (52.4069 , 6)  (51.9503 , 1)  (51.2518 , 2)  (48.1451 , 8)  (48.1331 , 7)  (36.4558 , 9)  
(95.9838 , 9)  (62.4473 , 6)  (57.7242 , 4)  (56.8777 , 7)  (52.0673 , 5)  (50.7284 , 2)  (49.6793 , 8)  (49.2182 , 1)  (43.9938 , 3)  
