 -------------------397------------
(103.425 , 3)  (54.1958 , 5)  (54.1348 , 7)  (53.0438 , 2)  (51.298 , 6)  (51.0601 , 8)  (50.3749 , 4)  (45.0932 , 9)  (42.7613 , 1)  
(79.0216 , 6)  (77.3288 , 9)  (60.9151 , 2)  (58.3979 , 8)  (54.4066 , 7)  (52.9477 , 4)  (43.9134 , 1)  (43.8495 , 5)  (34.4086 , 3)  
(99.4481 , 1)  (68.3579 , 2)  (61.2969 , 4)  (49.4379 , 9)  (48.6588 , 8)  (48.4659 , 3)  (43.5617 , 7)  (40.9141 , 5)  (37.2856 , 6)  
(96.9175 , 8)  (60.9282 , 6)  (57.3257 , 2)  (57.0735 , 7)  (53.9325 , 5)  (52.3748 , 9)  (46.385 , 4)  (46.039 , 1)  (40.1797 , 3)  
(91.664 , 4)  (62.6834 , 8)  (61.0449 , 3)  (60.0563 , 6)  (58.5114 , 2)  (50.4633 , 5)  (47.4104 , 7)  (45.7696 , 1)  (45.0454 , 9)  
(100.099 , 5)  (61.6082 , 8)  (57.0855 , 9)  (50.9963 , 4)  (49.9341 , 3)  (46.9853 , 6)  (46.5892 , 1)  (44.8289 , 7)  (43.7406 , 2)  
(100.842 , 7)  (62.5631 , 2)  (60.1926 , 6)  (57.7325 , 1)  (49.0047 , 8)  (47.0999 , 3)  (47.0971 , 5)  (45.2642 , 9)  (38.1352 , 4)  
(78.9843 , 7)  (77.1497 , 9)  (68.2377 , 1)  (58.5307 , 8)  (52.5636 , 6)  (52.5372 , 2)  (44.9085 , 5)  (39.8843 , 3)  (36.7899 , 4)  
(102.931 , 2)  (59.8601 , 6)  (57.3406 , 3)  (56.6303 , 9)  (55.7708 , 1)  (45.9517 , 8)  (44.6552 , 7)  (40.5359 , 5)  (38.4687 , 4)  
