 -------------------223------------
(93.9352 , 8)  (76.3333 , 3)  (55.0714 , 7)  (54.765 , 4)  (50.5607 , 5)  (50.4218 , 1)  (49.0611 , 9)  (48.2046 , 6)  (44.459 , 2)  
(96.0234 , 4)  (64.7714 , 6)  (55.483 , 1)  (53.928 , 5)  (52.8635 , 8)  (52.7703 , 7)  (50.2931 , 2)  (45.4722 , 3)  (32.9505 , 9)  
(104.519 , 6)  (56.1898 , 1)  (53.7348 , 2)  (51.6779 , 3)  (49.2734 , 5)  (48.921 , 4)  (47.9993 , 7)  (46.1134 , 9)  (45.2938 , 8)  
(90.7035 , 9)  (72.0759 , 7)  (53.3513 , 1)  (52.7504 , 6)  (51.0345 , 2)  (48.8822 , 5)  (48.5321 , 4)  (44.7866 , 3)  (44.746 , 8)  
(105.666 , 1)  (55.5377 , 7)  (52.2758 , 8)  (49.1141 , 5)  (48.0156 , 3)  (46.6249 , 6)  (46.1692 , 2)  (45.8366 , 9)  (41.1122 , 4)  
(96.4127 , 3)  (60.2781 , 7)  (58.4065 , 5)  (54.9477 , 2)  (53.9663 , 1)  (53.8754 , 9)  (50.0246 , 6)  (47.5771 , 4)  (45.0902 , 8)  
(108.205 , 7)  (56.2396 , 6)  (49.7341 , 2)  (49.4701 , 1)  (48.8757 , 5)  (48.7186 , 9)  (46.1341 , 4)  (41.0876 , 8)  (40.8209 , 3)  
(82.9687 , 5)  (61.993 , 3)  (59.0518 , 6)  (54.2062 , 9)  (53.431 , 2)  (52.3419 , 1)  (48.6403 , 7)  (47.8126 , 4)  (46.2461 , 8)  
(78.5609 , 2)  (66.1309 , 8)  (61.2603 , 7)  (60.6227 , 6)  (57.2204 , 3)  (51.8081 , 1)  (50.3258 , 9)  (48.1245 , 4)  (46.6245 , 5)  
