 -------------------421------------
(94.4551 , 4)  (79.9728 , 6)  (68.3774 , 2)  (53.4855 , 1)  (50.1982 , 9)  (47.5504 , 5)  (43.568 , 3)  (41.9727 , 7)  (40.1444 , 8)  
(98.4549 , 7)  (56.9408 , 9)  (54.9701 , 3)  (53.7326 , 2)  (53.5387 , 6)  (52.3415 , 1)  (47.6114 , 8)  (47.4284 , 5)  (45.3251 , 4)  
(103.579 , 3)  (62.7806 , 9)  (57.7242 , 6)  (55.4962 , 1)  (53.0959 , 2)  (46.011 , 7)  (44.8263 , 8)  (43.9799 , 4)  (43.425 , 5)  
(100.208 , 1)  (64.0799 , 7)  (61.97 , 4)  (54.6894 , 3)  (54.498 , 6)  (51.6167 , 2)  (43.6895 , 8)  (42.3876 , 5)  (40.814 , 9)  
(102.524 , 6)  (58.5108 , 2)  (58.4961 , 9)  (53.4383 , 5)  (50.2307 , 1)  (47.4657 , 8)  (45.363 , 7)  (39.6832 , 3)  (37.8809 , 4)  
(90.5332 , 8)  (67.1319 , 3)  (57.2268 , 4)  (54.607 , 9)  (53.05 , 6)  (50.6758 , 5)  (46.8263 , 2)  (45.2023 , 1)  (43.1158 , 7)  
(88.0247 , 9)  (60.9683 , 8)  (57.3022 , 6)  (57.2524 , 2)  (54.3751 , 4)  (49.0195 , 5)  (48.2387 , 1)  (45.6736 , 7)  (41.1421 , 3)  
(107.971 , 2)  (68.958 , 5)  (56.5498 , 6)  (53.1789 , 9)  (49.9607 , 1)  (45.8543 , 8)  (44.7634 , 4)  (44.5245 , 3)  (44.2316 , 7)  
(97.8029 , 5)  (59.1798 , 6)  (56.3961 , 1)  (55.5927 , 2)  (51.6084 , 8)  (49.8505 , 3)  (46.2206 , 4)  (46.0012 , 7)  (45.2439 , 9)  
