 -------------------971------------
(90.652 , 1)  (65.7835 , 7)  (62.295 , 4)  (59.9069 , 6)  (52.3909 , 5)  (51.818 , 2)  (50.4506 , 3)  (44.2634 , 8)  (42.0755 , 9)  
(86.3037 , 2)  (78.9598 , 1)  (58.6252 , 4)  (58.0373 , 7)  (55.1695 , 8)  (52.6502 , 3)  (46.6083 , 6)  (42.1364 , 9)  (40.3084 , 5)  
(95.3252 , 6)  (75.784 , 8)  (68.8251 , 5)  (58.4939 , 3)  (52.8852 , 7)  (51.506 , 4)  (49.0426 , 1)  (39.502 , 2)  (31.7391 , 9)  
(100.531 , 3)  (57.7613 , 7)  (57.3867 , 6)  (54.0525 , 9)  (53.7466 , 1)  (50.6027 , 8)  (47.8924 , 2)  (43.0449 , 4)  (41.2551 , 5)  
(97.8038 , 8)  (62.5847 , 1)  (55.9228 , 7)  (53.5018 , 9)  (53.2862 , 3)  (51.4931 , 5)  (50.3001 , 6)  (45.1729 , 2)  (44.98 , 4)  
(104.95 , 5)  (58.838 , 9)  (54.4707 , 3)  (53.6402 , 6)  (51.6489 , 7)  (49.0431 , 1)  (48.8891 , 2)  (46.8621 , 4)  (40.942 , 8)  
(100.568 , 4)  (59.1168 , 6)  (55.5625 , 1)  (53.3407 , 7)  (51.5283 , 9)  (49.6703 , 5)  (48.7724 , 3)  (46.8246 , 8)  (44.4712 , 2)  
(101.746 , 9)  (53.2918 , 6)  (52.8283 , 7)  (51.472 , 2)  (51.0825 , 1)  (50.5802 , 3)  (46.1563 , 4)  (44.0238 , 5)  (38.5252 , 8)  
(99.2024 , 7)  (62.1509 , 1)  (56.871 , 8)  (53.5248 , 3)  (50.9919 , 2)  (46.343 , 5)  (45.2663 , 6)  (44.0165 , 4)  (39.2629 , 9)  
