 -------------------592------------
(90.4689 , 6)  (62.2522 , 2)  (57.9482 , 9)  (56.8049 , 5)  (53.4261 , 8)  (50.5672 , 4)  (47.8829 , 7)  (44.7245 , 1)  (35.6279 , 3)  
(89.238 , 5)  (84.623 , 8)  (76.703 , 6)  (52.4833 , 3)  (46.1179 , 9)  (43.9868 , 7)  (43.3513 , 2)  (40.4364 , 1)  (36.4008 , 4)  
(76.6594 , 9)  (69.9689 , 7)  (60.5734 , 6)  (59.3304 , 1)  (53.5688 , 8)  (48.5062 , 3)  (47.3058 , 4)  (45.1378 , 5)  (44.8991 , 2)  
(99.2145 , 8)  (62.2941 , 6)  (59.2068 , 9)  (52.1531 , 1)  (50.6145 , 7)  (49.0873 , 2)  (47.2107 , 3)  (45.0865 , 4)  (40.9216 , 5)  
(77.6345 , 2)  (69.76 , 1)  (65.4276 , 8)  (59.8711 , 3)  (54.9461 , 6)  (52.7003 , 7)  (50.7417 , 9)  (44.9675 , 5)  (37.8338 , 4)  
(94.6566 , 1)  (67.1631 , 6)  (57.5806 , 2)  (55.9997 , 4)  (55.8568 , 5)  (47.101 , 8)  (45.9102 , 7)  (41.2118 , 3)  (35.9579 , 9)  
(76.4643 , 7)  (63.2178 , 4)  (61.6009 , 9)  (56.1538 , 2)  (52.8862 , 5)  (51.2165 , 1)  (48.999 , 8)  (46.7218 , 3)  (46.31 , 6)  
(104.892 , 4)  (59.5484 , 7)  (55.9921 , 2)  (53.7842 , 1)  (51.9849 , 6)  (49.8261 , 3)  (49.5189 , 8)  (45.801 , 5)  (42.326 , 9)  
(90.9021 , 3)  (62.2691 , 5)  (58.8855 , 7)  (55.0498 , 4)  (53.7494 , 8)  (51.4856 , 2)  (45.8802 , 9)  (45.6346 , 6)  (43.9689 , 1)  
