 -------------------474------------
(100.145 , 6)  (56.4102 , 2)  (56.0728 , 4)  (55.8172 , 7)  (53.6279 , 1)  (51.1022 , 3)  (50.0041 , 8)  (47.3422 , 9)  (46.9694 , 5)  
(94.5162 , 9)  (56.4118 , 1)  (54.9494 , 4)  (52.9179 , 8)  (51.0538 , 7)  (50.7504 , 5)  (49.8549 , 3)  (49.8385 , 6)  (44.2701 , 2)  
(107.804 , 4)  (58.3435 , 7)  (49.8955 , 8)  (48.2853 , 6)  (47.2445 , 2)  (47.1402 , 3)  (45.8233 , 5)  (45.2422 , 1)  (44.8649 , 9)  
(102.461 , 7)  (66.2694 , 6)  (56.4465 , 4)  (51.9373 , 1)  (49.8117 , 3)  (49.4019 , 9)  (49.1268 , 5)  (44.2803 , 2)  (42.7252 , 8)  
(101.245 , 1)  (55.3096 , 2)  (53.608 , 6)  (51.7744 , 8)  (50.5977 , 7)  (50.0148 , 3)  (46.329 , 9)  (46.2769 , 5)  (39.2086 , 4)  
(107.855 , 5)  (54.9132 , 2)  (53.7669 , 8)  (52.7162 , 9)  (51.9961 , 7)  (50.1351 , 4)  (45.8124 , 1)  (41.7985 , 6)  (35.6295 , 3)  
(93.7171 , 8)  (65.4562 , 6)  (60.3299 , 1)  (59.1778 , 7)  (52.9573 , 2)  (50.4606 , 3)  (46.174 , 9)  (45.4647 , 5)  (30.0571 , 4)  
(95.1892 , 3)  (62.0621 , 7)  (56.8233 , 6)  (56.7802 , 1)  (53.3294 , 9)  (52.9959 , 5)  (50.9782 , 2)  (40.4167 , 8)  (37.1759 , 4)  
(98.4602 , 2)  (57.0055 , 8)  (56.4695 , 1)  (55.6474 , 3)  (52.824 , 6)  (49.9878 , 9)  (49.7146 , 7)  (49.462 , 5)  (41.9604 , 4)  
