 -------------------157------------
(95.2713 , 9)  (59.0327 , 7)  (58.4951 , 6)  (53.5799 , 4)  (52.756 , 1)  (52.2986 , 8)  (51.0081 , 3)  (49.5849 , 2)  (37.5449 , 5)  
(105.274 , 7)  (56.8953 , 3)  (52.13 , 1)  (51.8869 , 6)  (50.7164 , 5)  (50.2752 , 4)  (50.2528 , 8)  (44.6845 , 2)  (42.945 , 9)  
(103.347 , 2)  (64.0871 , 9)  (58.5521 , 1)  (53.6776 , 3)  (49.7062 , 6)  (49.6587 , 5)  (48.9829 , 4)  (41.4528 , 8)  (40.1085 , 7)  
(95.0462 , 8)  (72.8002 , 5)  (55.3634 , 9)  (53.4163 , 6)  (52.3685 , 3)  (51.1277 , 4)  (50.6118 , 2)  (50.4559 , 1)  (41.5177 , 7)  
(93.0004 , 3)  (70.9386 , 2)  (63.5838 , 7)  (59.5347 , 9)  (50.7833 , 4)  (50.2526 , 6)  (49.0172 , 1)  (46.7355 , 5)  (40.2397 , 8)  
(91.1654 , 6)  (65.8805 , 8)  (64.34 , 5)  (53.0949 , 3)  (53.0183 , 1)  (52.417 , 7)  (50.5501 , 2)  (44.8846 , 9)  (40.8312 , 4)  
(103.427 , 1)  (63.5331 , 7)  (50.0493 , 4)  (48.5787 , 6)  (48.3631 , 9)  (47.5851 , 5)  (47.5024 , 3)  (47.3961 , 2)  (45.2786 , 8)  
(98.9683 , 4)  (68.6074 , 2)  (58.4141 , 6)  (56.6691 , 1)  (55.1533 , 8)  (51.4202 , 7)  (49.4983 , 5)  (39.8004 , 9)  (39.6944 , 3)  
(88.6721 , 5)  (57.4129 , 6)  (55.9671 , 9)  (55.1148 , 1)  (54.6152 , 3)  (54.008 , 7)  (46.8412 , 2)  (44.5779 , 8)  (42.0282 , 4)  
