 -------------------22------------
(105.023 , 6)  (65.4069 , 2)  (62.9274 , 5)  (54.2401 , 7)  (49.5131 , 4)  (43.3358 , 8)  (40.9803 , 3)  (40.541 , 9)  (39.6136 , 1)  
(104.329 , 7)  (62.4459 , 3)  (53.3294 , 5)  (51.6976 , 1)  (48.7513 , 8)  (48.2338 , 2)  (46.7639 , 6)  (44.9457 , 4)  (40.9694 , 9)  
(103.313 , 5)  (55.6127 , 8)  (54.6578 , 3)  (50.1435 , 4)  (50.0397 , 6)  (47.0356 , 2)  (46.2204 , 7)  (45.4452 , 9)  (42.2032 , 1)  
(80.9408 , 2)  (67.6032 , 4)  (59.6497 , 3)  (57.518 , 8)  (55.6453 , 1)  (52.9804 , 5)  (52.7975 , 6)  (51.9797 , 7)  (49.4247 , 9)  
(99.8743 , 9)  (62.4417 , 6)  (56.9755 , 3)  (56.6988 , 7)  (53.7176 , 2)  (48.2787 , 4)  (46.5764 , 1)  (42.0569 , 5)  (40.2022 , 8)  
(93.1613 , 3)  (77.8164 , 5)  (59.7427 , 2)  (58.7716 , 4)  (47.9084 , 8)  (46.5302 , 6)  (43.2359 , 1)  (42.5302 , 9)  (42.17 , 7)  
(97.433 , 1)  (63.056 , 6)  (60.9079 , 5)  (57.1532 , 2)  (56.3047 , 9)  (53.8593 , 7)  (43.8474 , 4)  (43.0069 , 3)  (40.3107 , 8)  
(101.965 , 8)  (61.4914 , 2)  (57.9735 , 9)  (57.9439 , 1)  (51.4869 , 7)  (51.3451 , 5)  (51.1937 , 6)  (44.3372 , 3)  (40.6305 , 4)  
(103.632 , 4)  (60.0235 , 6)  (55.0941 , 2)  (54.1109 , 3)  (53.7446 , 8)  (51.7565 , 9)  (51.7232 , 1)  (45.195 , 7)  (34.8672 , 5)  
