 -------------------876------------
(101.083 , 2)  (65.5387 , 3)  (57.2324 , 1)  (50.1695 , 7)  (48.7845 , 9)  (47.6492 , 6)  (45.6596 , 4)  (45.5664 , 5)  (43.5987 , 8)  
(92.2229 , 4)  (56.6437 , 6)  (55.084 , 2)  (54.0255 , 7)  (52.9039 , 1)  (50.1457 , 3)  (47.8 , 8)  (41.4086 , 5)  (37.5218 , 9)  
(100.607 , 5)  (62.4174 , 2)  (56.8525 , 9)  (52.7583 , 7)  (50.2181 , 6)  (49.7744 , 8)  (46.7576 , 4)  (39.8263 , 1)  (38.7064 , 3)  
(96.7114 , 6)  (51.3684 , 2)  (50.4678 , 9)  (50.3258 , 8)  (49.2999 , 4)  (49.0757 , 1)  (48.5866 , 5)  (46.3314 , 7)  (40.9639 , 3)  
(104.376 , 1)  (63.2268 , 7)  (51.604 , 2)  (49.8249 , 3)  (48.8091 , 4)  (48.2228 , 6)  (47.7478 , 5)  (45.441 , 8)  (44.5085 , 9)  
(94.4604 , 9)  (62.9613 , 6)  (56.8121 , 7)  (52.9512 , 3)  (51.75 , 2)  (48.0502 , 4)  (46.1707 , 1)  (45.5949 , 5)  (42.7111 , 8)  
(91.7291 , 8)  (64.2432 , 2)  (58.2308 , 9)  (56.683 , 1)  (51.2396 , 6)  (49.8 , 7)  (47.3055 , 4)  (46.3335 , 3)  (45.8075 , 5)  
(98.6782 , 7)  (67.514 , 1)  (57.7849 , 3)  (57.7355 , 2)  (49.384 , 4)  (49.3103 , 6)  (48.947 , 9)  (48.9245 , 8)  (41.3821 , 5)  
(100.399 , 3)  (60.7022 , 8)  (53.9445 , 7)  (53.0832 , 5)  (52.2908 , 2)  (51.6708 , 1)  (51.3506 , 4)  (50.8234 , 6)  (39.9745 , 9)  
