 -------------------718------------
(83.2026 , 5)  (75.7794 , 6)  (64.2141 , 8)  (64.0199 , 3)  (58.4757 , 1)  (53.4528 , 4)  (44.3279 , 7)  (40.1591 , 2)  (37.2562 , 9)  
(95.6187 , 4)  (60.2749 , 7)  (59.0879 , 2)  (55.2999 , 6)  (55.1475 , 9)  (55.0482 , 5)  (50.4411 , 1)  (50.1665 , 3)  (35.6567 , 8)  
(87.5 , 3)  (65.2363 , 2)  (62.7158 , 7)  (55.1942 , 1)  (54.2068 , 6)  (53.5201 , 4)  (51.4971 , 5)  (48.9239 , 9)  (46.4408 , 8)  
(98.9024 , 1)  (60.9008 , 5)  (59.0384 , 7)  (57.882 , 6)  (54.0501 , 9)  (48.1951 , 2)  (47.5943 , 8)  (45.0062 , 4)  (43.1838 , 3)  
(95.4564 , 8)  (68.1889 , 2)  (67.2818 , 1)  (56.7106 , 9)  (56.5364 , 7)  (52.8954 , 6)  (41.4725 , 4)  (39.3617 , 3)  (35.5206 , 5)  
(96.7121 , 7)  (56.9982 , 9)  (56.8297 , 6)  (53.011 , 3)  (52.5501 , 8)  (46.6675 , 4)  (45.8751 , 5)  (43.4195 , 1)  (42.5109 , 2)  
(78.0083 , 5)  (71.2107 , 8)  (59.8198 , 2)  (59.022 , 6)  (56.365 , 9)  (56.3258 , 1)  (47.3998 , 3)  (44.4911 , 7)  (36.972 , 4)  
(97.7846 , 6)  (59.9823 , 4)  (56.6873 , 3)  (54.6439 , 5)  (48.591 , 1)  (46.84 , 8)  (44.7595 , 7)  (41.6061 , 9)  (41.5142 , 2)  
(107.242 , 2)  (61.6569 , 9)  (57.3221 , 5)  (51.6493 , 7)  (51.5484 , 4)  (48.6367 , 1)  (46.8649 , 6)  (46.7467 , 3)  (43.1622 , 8)  
