 -------------------286------------
(101.65 , 5)  (73.7118 , 9)  (56.8936 , 4)  (50.2088 , 2)  (49.1124 , 6)  (48.1247 , 1)  (45.5734 , 7)  (43.2221 , 8)  (37.7094 , 3)  
(107.848 , 6)  (54.0454 , 2)  (53.2392 , 4)  (50.1752 , 3)  (49.3536 , 5)  (46.8907 , 1)  (46.8529 , 7)  (46.8389 , 8)  (46.6977 , 9)  
(98.2759 , 2)  (56.5524 , 9)  (53.8217 , 3)  (53.0397 , 7)  (50.4412 , 1)  (50.0408 , 8)  (49.0156 , 5)  (47.5362 , 6)  (46.886 , 4)  
(96.8639 , 9)  (58.7118 , 4)  (57.9871 , 7)  (52.0628 , 6)  (51.4084 , 1)  (48.165 , 8)  (45.0558 , 3)  (42.8896 , 2)  (41.2556 , 5)  
(100.788 , 3)  (60.4192 , 8)  (59.8933 , 7)  (55.1308 , 6)  (53.6538 , 2)  (50.6145 , 4)  (48.4628 , 1)  (46.1592 , 5)  (41.4217 , 9)  
(97.0735 , 8)  (65.2927 , 9)  (63.208 , 7)  (59.5277 , 6)  (58.1377 , 3)  (53.0055 , 1)  (46.1302 , 2)  (38.986 , 5)  (38.1913 , 4)  
(106.314 , 4)  (58.1212 , 6)  (54.6934 , 2)  (52.4313 , 3)  (51.8919 , 1)  (47.1674 , 7)  (46.7518 , 8)  (43.7685 , 9)  (39.3739 , 5)  
(100.446 , 1)  (63.7633 , 6)  (58.5115 , 7)  (51.8285 , 2)  (50.9377 , 5)  (50.8107 , 9)  (50.3382 , 8)  (49.1178 , 4)  (40.3384 , 3)  
(107.598 , 7)  (60.7661 , 3)  (57.5015 , 5)  (54.508 , 6)  (52.1322 , 8)  (49.421 , 4)  (48.764 , 1)  (33.4829 , 9)  (31.0851 , 2)  
