 -------------------829------------
(70.7732 , 5)  (70.7138 , 3)  (66.811 , 2)  (61.4972 , 7)  (56.575 , 6)  (52.9073 , 8)  (50.7152 , 9)  (48.6388 , 1)  (44.7532 , 4)  
(100.325 , 8)  (60.0873 , 1)  (57.0462 , 7)  (53.0495 , 6)  (52.4621 , 3)  (50.3834 , 9)  (48.9195 , 2)  (48.0096 , 5)  (44.5744 , 4)  
(107.962 , 7)  (57.2073 , 9)  (53.9289 , 6)  (48.9921 , 1)  (48.884 , 2)  (48.7903 , 5)  (45.3519 , 3)  (44.5332 , 4)  (40.2658 , 8)  
(99.8295 , 4)  (67.6912 , 6)  (65.0951 , 2)  (57.4414 , 5)  (48.7435 , 9)  (47.1809 , 7)  (44.3237 , 1)  (37.0074 , 3)  (32.8601 , 8)  
(97.1353 , 2)  (59.2996 , 7)  (57.5909 , 9)  (56.4584 , 3)  (51.7557 , 8)  (48.2132 , 5)  (46.143 , 1)  (45.8985 , 6)  (45.8625 , 4)  
(98.0213 , 3)  (67.7787 , 8)  (55.8221 , 9)  (55.3606 , 5)  (53.0367 , 7)  (51.3368 , 4)  (49.9658 , 2)  (48.3334 , 1)  (48.0842 , 6)  
(96.9687 , 6)  (77.6173 , 8)  (58.5952 , 1)  (58.1086 , 5)  (52.4685 , 4)  (52.0275 , 7)  (48.7325 , 3)  (38.8296 , 9)  (38.3279 , 2)  
(83.2116 , 9)  (68.2245 , 4)  (58.7636 , 2)  (58.2065 , 7)  (52.5484 , 6)  (51.8775 , 1)  (51.7697 , 5)  (44.4649 , 8)  (38.8437 , 3)  
(104.359 , 1)  (57.7316 , 7)  (51.7824 , 2)  (49.7474 , 4)  (49.583 , 8)  (46.9208 , 5)  (46.3711 , 9)  (45.9592 , 3)  (42.9586 , 6)  
