 -------------------692------------
(95.8998 , 1)  (58.2025 , 7)  (57.0055 , 3)  (54.3009 , 8)  (54.1887 , 6)  (50.0623 , 4)  (49.2738 , 2)  (45.5076 , 5)  (41.2984 , 9)  
(89.68 , 8)  (58.8194 , 7)  (56.215 , 5)  (51.7104 , 9)  (51.227 , 4)  (50.0339 , 1)  (49.8054 , 3)  (49.55 , 2)  (48.1519 , 6)  
(81.4927 , 5)  (65.0721 , 4)  (64.4431 , 8)  (61.5009 , 6)  (58.4913 , 1)  (57.2351 , 7)  (55.8054 , 3)  (33.5786 , 2)  (33.4454 , 9)  
(103.858 , 2)  (58.5161 , 9)  (55.4862 , 3)  (54.6822 , 1)  (50.6137 , 5)  (50.4624 , 8)  (45.719 , 4)  (44.3418 , 6)  (38.1492 , 7)  
(98.8744 , 3)  (61.5299 , 1)  (57.9 , 6)  (57.892 , 7)  (54.3671 , 9)  (48.159 , 2)  (47.6088 , 4)  (42.1169 , 8)  (39.6579 , 5)  
(97.7634 , 9)  (60.5179 , 6)  (53.8435 , 4)  (51.7563 , 7)  (50.6572 , 3)  (47.4232 , 8)  (46.7087 , 2)  (45.5382 , 5)  (41.8376 , 1)  
(95.4647 , 7)  (64.3776 , 9)  (55.1802 , 6)  (53.8549 , 3)  (53.8289 , 1)  (52.6416 , 2)  (47.9313 , 5)  (42.6723 , 4)  (36.5322 , 8)  
(96.7924 , 4)  (65.6414 , 9)  (64.2935 , 6)  (62.7546 , 1)  (50.59 , 7)  (49.7018 , 2)  (48.9749 , 5)  (39.7181 , 8)  (33.359 , 3)  
(104.288 , 6)  (56.4323 , 3)  (54.0094 , 2)  (53.7219 , 9)  (52.7622 , 4)  (49.0207 , 7)  (47.9784 , 1)  (47.1707 , 5)  (44.5121 , 8)  
