 -------------------371------------
(80.0843 , 7)  (74.3223 , 9)  (66.5782 , 6)  (57.4893 , 3)  (55.6763 , 1)  (52.9185 , 5)  (45.0469 , 8)  (44.2634 , 4)  (44.2634 , 2)  
(100.896 , 8)  (64.3602 , 1)  (57.9821 , 7)  (54.8073 , 9)  (51.713 , 2)  (49.3024 , 6)  (47.7414 , 4)  (46.1981 , 5)  (44.3633 , 3)  
(102.315 , 1)  (58.0407 , 6)  (57.1547 , 7)  (53.4503 , 2)  (52.8532 , 9)  (50.0287 , 3)  (49.0749 , 5)  (48.1289 , 8)  (44.1094 , 4)  
(103.468 , 3)  (58.7581 , 4)  (54.4358 , 7)  (51.8985 , 2)  (50.3798 , 8)  (49.4532 , 1)  (47.6255 , 6)  (42.0719 , 5)  (40.1801 , 9)  
(98.8524 , 2)  (58.1669 , 1)  (54.807 , 7)  (53.7845 , 9)  (51.9838 , 4)  (51.8566 , 3)  (51.7467 , 5)  (48.9315 , 6)  (40.5348 , 8)  
(75.8364 , 9)  (69.9806 , 7)  (62.834 , 8)  (57.5956 , 1)  (53.8585 , 6)  (53.7678 , 4)  (45.2561 , 3)  (45.1462 , 2)  (43.7105 , 5)  
(98.7948 , 4)  (60.384 , 3)  (54.9281 , 1)  (53.1965 , 9)  (52.6715 , 6)  (52.3448 , 2)  (51.3236 , 7)  (48.1071 , 5)  (41.7926 , 8)  
(102.758 , 5)  (70.8232 , 2)  (59.3729 , 8)  (52.8603 , 1)  (46.4347 , 3)  (45.6301 , 6)  (43.8525 , 9)  (42.5206 , 7)  (38.6497 , 4)  
(105.082 , 6)  (53.7172 , 5)  (51.1483 , 4)  (50.9667 , 2)  (48.801 , 1)  (48.4097 , 7)  (48.203 , 3)  (47.45 , 8)  (44.8238 , 9)  
