 -------------------1122------------
(84.1916 , 8)  (75.9609 , 1)  (67.4205 , 6)  (56.5403 , 3)  (53.5654 , 5)  (50.9041 , 2)  (50.0743 , 9)  (45.3745 , 4)  (35.0092 , 7)  
(106.087 , 7)  (60.0072 , 6)  (50.5818 , 5)  (49.9127 , 1)  (48.1238 , 4)  (47.9537 , 9)  (47.2024 , 8)  (45.9739 , 3)  (44.3281 , 2)  
(103.393 , 2)  (77.3302 , 3)  (56.2743 , 9)  (49.6514 , 4)  (48.6949 , 6)  (47.8641 , 1)  (40.2119 , 7)  (37.4264 , 5)  (35.1929 , 8)  
(99.017 , 5)  (67.1173 , 3)  (54.7869 , 6)  (53.8602 , 1)  (48.439 , 9)  (48.2953 , 2)  (47.1168 , 8)  (46.9083 , 7)  (45.4287 , 4)  
(84.6351 , 6)  (73.184 , 5)  (65.7904 , 8)  (54.1451 , 7)  (53.6583 , 1)  (50.9672 , 2)  (48.7014 , 3)  (44.6251 , 9)  (34.7745 , 4)  
(86.1191 , 3)  (84.5517 , 7)  (58.1391 , 6)  (54.8996 , 2)  (51.0874 , 4)  (49.9885 , 1)  (47.6593 , 9)  (43.5966 , 5)  (38.3903 , 8)  
(85.5648 , 9)  (62.6342 , 7)  (58.7894 , 6)  (54.3612 , 1)  (53.9829 , 8)  (52.012 , 5)  (51.475 , 4)  (51.2945 , 3)  (50.1927 , 2)  
(78.2526 , 4)  (59.2686 , 1)  (56.9902 , 6)  (56.4893 , 8)  (54.862 , 2)  (52.6564 , 9)  (49.837 , 5)  (47.4773 , 7)  (45.8381 , 3)  
(102.148 , 1)  (64.7213 , 7)  (51.0111 , 6)  (49.88 , 4)  (48.6077 , 2)  (47.8187 , 5)  (46.7717 , 3)  (45.1616 , 8)  (40.7873 , 9)  
