 -------------------76------------
(98.64 , 4)  (73.9611 , 7)  (63.2949 , 5)  (59.3824 , 2)  (47.6849 , 3)  (45.09 , 6)  (39.5012 , 9)  (39.1945 , 1)  (38.3174 , 8)  
(91.6832 , 8)  (64.2607 , 1)  (56.0462 , 4)  (54.4614 , 5)  (53.6451 , 2)  (53.4075 , 7)  (51.1437 , 3)  (42.5642 , 6)  (41.3285 , 9)  
(103.21 , 2)  (57.1799 , 1)  (53.7872 , 9)  (51.9959 , 8)  (51.0871 , 3)  (50.7003 , 6)  (50.1 , 7)  (48.2628 , 5)  (46.9936 , 4)  
(107.562 , 7)  (56.5582 , 6)  (50.8575 , 9)  (50.1267 , 5)  (48.6774 , 2)  (48.3727 , 1)  (46.8517 , 3)  (45.9289 , 4)  (45.0814 , 8)  
(98.3137 , 3)  (61.9462 , 2)  (59.2449 , 8)  (58.4511 , 6)  (58.0055 , 9)  (55.5799 , 7)  (48.5084 , 1)  (42.5352 , 5)  (38.1408 , 4)  
(104.642 , 1)  (53.1548 , 6)  (52.7331 , 9)  (52.1554 , 5)  (51.8548 , 7)  (48.7316 , 3)  (47.0164 , 8)  (45.977 , 2)  (43.0061 , 4)  
(104.572 , 6)  (54.2662 , 7)  (54.162 , 9)  (52.7501 , 2)  (50.5545 , 5)  (48.7095 , 8)  (47.6363 , 1)  (45.8209 , 3)  (40.4428 , 4)  
(92.515 , 9)  (61.8299 , 6)  (60.3737 , 7)  (55.7236 , 3)  (53.1085 , 2)  (51.0466 , 8)  (47.0955 , 5)  (44.625 , 1)  (36.7961 , 4)  
(100.277 , 5)  (57.3616 , 2)  (53.7904 , 6)  (50.1944 , 9)  (48.9619 , 7)  (46.8197 , 4)  (45.8996 , 8)  (44.4857 , 3)  (44.2291 , 1)  
