 -------------------383------------
(105.356 , 3)  (54.7179 , 5)  (53.7492 , 7)  (52.4028 , 2)  (51.3427 , 4)  (50.0748 , 6)  (48.0913 , 8)  (46.7379 , 9)  (43.1518 , 1)  
(76.2559 , 6)  (72.1736 , 9)  (60.5827 , 8)  (55.9992 , 4)  (55.6631 , 7)  (51.3879 , 2)  (46.9513 , 1)  (43.9946 , 5)  (43.1283 , 3)  
(97.8083 , 1)  (67.272 , 2)  (61.8892 , 4)  (50.1025 , 9)  (49.0242 , 8)  (48.8733 , 7)  (45.7889 , 3)  (45.2016 , 5)  (36.4322 , 6)  
(98.44 , 8)  (56.3127 , 5)  (55.3726 , 6)  (54.609 , 2)  (54.5807 , 7)  (54.3271 , 4)  (48.1032 , 1)  (45.3732 , 3)  (44.3159 , 9)  
(100.022 , 4)  (69.7561 , 2)  (61.3138 , 7)  (51.8122 , 6)  (51.205 , 3)  (48.1166 , 9)  (47.6207 , 5)  (46.2083 , 8)  (45.9476 , 1)  
(101.76 , 5)  (58.1844 , 8)  (55.6371 , 4)  (54.6099 , 3)  (54.3269 , 9)  (46.6794 , 1)  (46.4563 , 6)  (43.9962 , 7)  (40.1289 , 2)  
(98.8439 , 7)  (63.3151 , 2)  (58.2429 , 6)  (57.456 , 1)  (52.396 , 8)  (47.4321 , 5)  (47.3751 , 9)  (45.8572 , 3)  (39.6489 , 4)  
(77.2762 , 9)  (75.9539 , 7)  (68.5162 , 1)  (62.3671 , 6)  (51.7372 , 2)  (49.6923 , 3)  (48.7941 , 8)  (46.0878 , 5)  (27.2306 , 4)  
(103.132 , 2)  (60.4327 , 6)  (59.3562 , 9)  (57.4723 , 3)  (54.1987 , 1)  (47.9129 , 8)  (41.8635 , 5)  (41.8502 , 7)  (37.9177 , 4)  
