 -------------------609------------
(86.5295 , 2)  (67.3076 , 7)  (63.4978 , 3)  (54.78 , 4)  (54.6286 , 1)  (53.6044 , 6)  (52.7409 , 5)  (45.3486 , 8)  (39.3804 , 9)  
(76.0245 , 6)  (64.8201 , 1)  (61.7916 , 2)  (61.423 , 5)  (59.2863 , 7)  (56.5905 , 3)  (56.21 , 4)  (38.951 , 8)  (22.5297 , 9)  
(94.6825 , 4)  (69.0132 , 6)  (60.9633 , 7)  (59.3776 , 9)  (56.3702 , 2)  (55.4442 , 1)  (45.5749 , 8)  (42.5563 , 5)  (39.768 , 3)  
(98.6486 , 3)  (58.5982 , 1)  (58.0972 , 2)  (55.0504 , 8)  (54.6 , 9)  (53.155 , 4)  (51.7456 , 6)  (49.4362 , 5)  (43.6077 , 7)  
(96.7457 , 8)  (73.5284 , 6)  (57.0867 , 9)  (53.1419 , 2)  (49.5031 , 3)  (47.9949 , 1)  (47.6506 , 7)  (46.696 , 5)  (37.1101 , 4)  
(101.318 , 7)  (62.539 , 3)  (52.6353 , 5)  (52.1073 , 6)  (49.3372 , 1)  (49.2245 , 4)  (47.0307 , 2)  (46.3742 , 8)  (40.4608 , 9)  
(90.2765 , 5)  (64.6444 , 3)  (56.9416 , 9)  (53.8586 , 8)  (53.7057 , 4)  (52.7191 , 6)  (49.8606 , 1)  (47.4477 , 2)  (46.9062 , 7)  
(104.082 , 1)  (54.0664 , 7)  (53.7499 , 3)  (52.383 , 6)  (51.602 , 4)  (50.8104 , 9)  (50.2032 , 8)  (46.2808 , 5)  (44.8731 , 2)  
(98.8715 , 9)  (59.4074 , 7)  (58.2784 , 6)  (51.0468 , 3)  (50.4353 , 1)  (49.4623 , 8)  (48.7376 , 4)  (45.2682 , 2)  (41.76 , 5)  
