 -------------------526------------
(85.4596 , 7)  (71.0945 , 9)  (62.8089 , 6)  (60.7206 , 1)  (60.1092 , 3)  (49.6059 , 5)  (45.874 , 2)  (43.458 , 4)  (43.2187 , 8)  
(100.804 , 9)  (62.2128 , 6)  (55.9211 , 7)  (48.622 , 2)  (47.408 , 4)  (47.3868 , 8)  (46.8314 , 1)  (43.7918 , 5)  (43.5662 , 3)  
(83.09 , 5)  (72.9074 , 6)  (60.9842 , 1)  (54.3654 , 8)  (50.5358 , 7)  (48.1317 , 3)  (47.2546 , 2)  (44.2316 , 9)  (39.4763 , 4)  
(103.128 , 1)  (59.142 , 7)  (54.5828 , 6)  (53.5198 , 4)  (52.3774 , 2)  (52.1204 , 9)  (50.6573 , 3)  (46.2063 , 5)  (38.9258 , 8)  
(104.632 , 4)  (61.1146 , 6)  (59.1013 , 9)  (53.9599 , 2)  (53.0908 , 5)  (48.5989 , 7)  (47.6174 , 8)  (44.6922 , 1)  (40.7279 , 3)  
(100.692 , 2)  (57.9132 , 3)  (54.6235 , 1)  (54.3922 , 5)  (50.6306 , 7)  (49.9029 , 9)  (49.6625 , 6)  (48.4863 , 4)  (45.8527 , 8)  
(101.768 , 3)  (59.6289 , 6)  (55.3114 , 2)  (50.4306 , 9)  (48.9928 , 1)  (48.3853 , 5)  (47.49 , 7)  (46.4264 , 8)  (45.7884 , 4)  
(100.681 , 6)  (57.62 , 5)  (56.5717 , 1)  (55.9831 , 4)  (54.3344 , 2)  (50.7911 , 3)  (49.3674 , 7)  (44.2511 , 8)  (40.9511 , 9)  
(86.9681 , 8)  (65.0126 , 9)  (63.8087 , 6)  (60.8646 , 3)  (53.9896 , 2)  (52.9458 , 5)  (48.8923 , 7)  (47.6702 , 1)  (30.2617 , 4)  
