 -------------------784------------
(102.021 , 1)  (63.3783 , 7)  (58.6577 , 6)  (50.8563 , 3)  (50.1687 , 4)  (49.6098 , 2)  (48.7029 , 9)  (48.2891 , 5)  (38.0668 , 8)  
(86.5529 , 3)  (85.1015 , 7)  (61.4569 , 6)  (56.1397 , 5)  (55.6159 , 1)  (46.5075 , 2)  (45.1441 , 4)  (34.5911 , 9)  (32.405 , 8)  
(80.3727 , 4)  (68.0532 , 2)  (62.6441 , 1)  (61.6955 , 6)  (52.5987 , 5)  (49.5239 , 8)  (49.4458 , 7)  (45.7093 , 9)  (38.6685 , 3)  
(95.8289 , 8)  (65.9123 , 9)  (59.5304 , 6)  (59.1235 , 3)  (57.1468 , 2)  (49.8776 , 7)  (46.5234 , 4)  (43.9232 , 1)  (38.4323 , 5)  
(97.8254 , 6)  (59.9071 , 4)  (56.1923 , 3)  (55.3987 , 1)  (52.9366 , 7)  (51.141 , 2)  (50.4781 , 5)  (46.7919 , 9)  (37.4334 , 8)  
(101.258 , 2)  (64.9425 , 3)  (55.5289 , 1)  (54.4929 , 7)  (52.0576 , 5)  (48.0108 , 4)  (41.605 , 9)  (41.1644 , 8)  (39.8683 , 6)  
(103.771 , 5)  (61.4583 , 3)  (54.189 , 7)  (51.5986 , 2)  (50.7099 , 6)  (49.9659 , 9)  (46.9965 , 1)  (42.145 , 8)  (41.4122 , 4)  
(98.9895 , 7)  (62.5791 , 1)  (58.2743 , 2)  (54.1945 , 3)  (53.0588 , 9)  (52.8383 , 6)  (48.0988 , 8)  (42.8587 , 4)  (38.4654 , 5)  
(79.6526 , 5)  (75.9447 , 9)  (58.5301 , 2)  (56.3038 , 6)  (54.2809 , 4)  (49.9803 , 7)  (46.466 , 1)  (44.4672 , 3)  (39.8351 , 8)  
