 -------------------980------------
(85.2459 , 4)  (81.0219 , 6)  (67.6207 , 9)  (55.8082 , 7)  (54.8064 , 1)  (52.2138 , 5)  (44.3987 , 3)  (44.0842 , 2)  (43.3499 , 8)  
(92.5005 , 8)  (78.5822 , 9)  (65.7378 , 2)  (58.2056 , 5)  (54.8903 , 6)  (47.2314 , 7)  (42.4604 , 4)  (41.4509 , 1)  (34.7439 , 3)  
(94.7116 , 5)  (76.0412 , 3)  (61.2358 , 6)  (56.1392 , 9)  (49.1505 , 1)  (44.4529 , 7)  (42.803 , 2)  (42.28 , 8)  (41.0215 , 4)  
(108.02 , 2)  (56.1636 , 8)  (52.8262 , 9)  (52.1302 , 1)  (49.0551 , 7)  (48.3308 , 5)  (48.1697 , 4)  (46.9706 , 6)  (45.3427 , 3)  
(93.0784 , 6)  (58.406 , 4)  (53.6494 , 5)  (53.0176 , 7)  (50.1808 , 9)  (49.5415 , 1)  (48.3916 , 3)  (45.5586 , 8)  (38.0207 , 2)  
(101.176 , 9)  (59.6031 , 7)  (56.4307 , 4)  (55.4772 , 6)  (51.8575 , 2)  (48.9897 , 5)  (48.2497 , 3)  (39.5273 , 1)  (38.2249 , 8)  
(103.123 , 1)  (60.7094 , 7)  (60.091 , 4)  (48.0896 , 2)  (46.8451 , 6)  (46.5877 , 5)  (46.1238 , 9)  (46.0499 , 8)  (45.3429 , 3)  
(107.505 , 7)  (55.0956 , 1)  (51.5924 , 4)  (51.4105 , 5)  (50.0047 , 6)  (49.6416 , 8)  (49.0084 , 3)  (47.4362 , 2)  (44.6427 , 9)  
(101.67 , 3)  (65.3274 , 2)  (60.0364 , 5)  (53.315 , 6)  (49.3786 , 4)  (48.9585 , 9)  (48.0184 , 7)  (45.7511 , 1)  (39.6398 , 8)  
