 -------------------276------------
(103.35 , 5)  (67.3745 , 8)  (66.7452 , 2)  (49.5427 , 1)  (47.7127 , 6)  (47.1541 , 3)  (45.0467 , 9)  (42.502 , 4)  (40.5298 , 7)  
(94.737 , 8)  (71.2816 , 6)  (56.0374 , 9)  (55.7634 , 2)  (52.9424 , 3)  (51.2988 , 7)  (48.8919 , 5)  (46.1518 , 1)  (36.1022 , 4)  
(102.133 , 1)  (69.765 , 7)  (51.1451 , 5)  (50.4965 , 6)  (50.3296 , 2)  (50.0262 , 4)  (47.2644 , 3)  (47.0155 , 9)  (39.1317 , 8)  
(95.7639 , 6)  (56.3938 , 3)  (55.8548 , 5)  (55.5806 , 9)  (50.2117 , 1)  (48.2859 , 4)  (47.1223 , 7)  (40.3241 , 8)  (35.7526 , 2)  
(95.2499 , 3)  (68.1591 , 7)  (60.0102 , 2)  (56.4178 , 6)  (52.1065 , 9)  (50.1267 , 1)  (45.4668 , 8)  (44.9443 , 5)  (39.8879 , 4)  
(104.177 , 2)  (58.3938 , 9)  (57.3383 , 7)  (56.0238 , 6)  (52.3783 , 5)  (48.5717 , 3)  (46.8187 , 1)  (42.5449 , 4)  (41.6547 , 8)  
(105.507 , 7)  (56.8695 , 9)  (52.2174 , 2)  (50.8732 , 1)  (50.4772 , 6)  (49.214 , 4)  (48.5089 , 3)  (48.4166 , 8)  (40.6462 , 5)  
(88.2435 , 4)  (60.0668 , 6)  (56.9416 , 8)  (55.6689 , 5)  (49.545 , 9)  (49.4058 , 2)  (49.0758 , 1)  (48.2653 , 7)  (43.1952 , 3)  
(87.0417 , 9)  (63.0037 , 7)  (62.1032 , 4)  (55.8925 , 3)  (53.558 , 5)  (48.8305 , 6)  (48.358 , 2)  (42.2465 , 1)  (40.18 , 8)  
