 -------------------215------------
(91.0564 , 2)  (61.3877 , 1)  (55.3345 , 5)  (53.0737 , 3)  (52.8521 , 7)  (52.6004 , 8)  (50.9678 , 9)  (45.8382 , 4)  (44.396 , 6)  
(91.6058 , 4)  (65.5998 , 6)  (58.9362 , 5)  (54.7724 , 2)  (53.7062 , 7)  (51.0257 , 1)  (49.7901 , 8)  (39.1958 , 3)  (34.8948 , 9)  
(96.6418 , 8)  (64.7807 , 1)  (58.0199 , 2)  (56.839 , 7)  (52.5277 , 9)  (51.7948 , 6)  (47.6437 , 3)  (47.633 , 4)  (39.0941 , 5)  
(91.6841 , 7)  (70.7507 , 3)  (58.2015 , 5)  (50.5359 , 6)  (49.766 , 2)  (48.2833 , 4)  (46.3269 , 1)  (42.1885 , 8)  (35.6074 , 9)  
(92.0266 , 5)  (62.4822 , 3)  (61.9551 , 7)  (57.1453 , 9)  (56.0271 , 1)  (52.6349 , 8)  (48.3321 , 6)  (48.2222 , 4)  (46.7062 , 2)  
(98.1093 , 9)  (62.6211 , 6)  (62.0268 , 7)  (55.9799 , 2)  (55.9123 , 3)  (48.5627 , 4)  (45.9276 , 1)  (38.2149 , 5)  (34.598 , 8)  
(93.9635 , 1)  (65.0026 , 7)  (57.7535 , 4)  (57.3701 , 2)  (52.6877 , 6)  (48.8872 , 3)  (46.7527 , 5)  (45.4499 , 8)  (39.5202 , 9)  
(103.846 , 6)  (56.864 , 3)  (52.1612 , 4)  (50.9666 , 5)  (49.7543 , 7)  (48.6692 , 8)  (48.2671 , 1)  (44.0209 , 9)  (41.5723 , 2)  
(97.6157 , 3)  (56.5805 , 7)  (56.2856 , 9)  (53.2499 , 2)  (52.591 , 6)  (50.8353 , 1)  (50.2178 , 8)  (49.4792 , 5)  (48.2416 , 4)  
