 -------------------114------------
(108.35 , 7)  (51.0215 , 6)  (49.9725 , 9)  (48.8882 , 4)  (48.3819 , 8)  (48.0626 , 1)  (47.9181 , 2)  (47.6741 , 3)  (47.4914 , 5)  
(83.9758 , 8)  (77.0627 , 9)  (62.257 , 7)  (58.0977 , 2)  (56.7855 , 6)  (48.3703 , 1)  (46.9505 , 4)  (43.8807 , 5)  (36.4204 , 3)  
(98.7015 , 6)  (62.1178 , 8)  (58.499 , 4)  (55.474 , 3)  (55.4182 , 1)  (51.3062 , 7)  (48.8777 , 5)  (48.8215 , 2)  (39.4859 , 9)  
(90.5127 , 9)  (62.6255 , 6)  (56.0205 , 5)  (55.4607 , 7)  (55.0902 , 4)  (53.0276 , 3)  (52.0528 , 1)  (50.1611 , 2)  (44.1897 , 8)  
(107.535 , 5)  (55.4837 , 3)  (53.3523 , 2)  (50.713 , 6)  (50.6109 , 1)  (47.6317 , 4)  (47.1681 , 9)  (44.8722 , 7)  (39.0407 , 8)  
(104.768 , 1)  (58.0845 , 7)  (55.6015 , 4)  (49.1397 , 3)  (47.8098 , 2)  (47.69 , 6)  (45.7858 , 8)  (44.9956 , 9)  (44.307 , 5)  
(106.04 , 4)  (61.7501 , 2)  (61.5229 , 9)  (58.0149 , 1)  (56.7994 , 6)  (53.7065 , 5)  (44.6966 , 7)  (44.2618 , 3)  (32.7397 , 8)  
(94.9702 , 2)  (62.9835 , 7)  (53.3252 , 4)  (52.5256 , 6)  (51.3957 , 8)  (51.3427 , 3)  (50.3608 , 1)  (48.8778 , 9)  (36.6982 , 5)  
(104.164 , 3)  (59.0204 , 1)  (56.1008 , 8)  (51.9504 , 9)  (51.9103 , 4)  (50.3158 , 6)  (49.4564 , 7)  (46.3833 , 2)  (45.6094 , 5)  
