 -------------------179------------
(103.248 , 3)  (65.453 , 5)  (57.6695 , 4)  (54.1246 , 2)  (53.6036 , 1)  (46.0529 , 7)  (45.4498 , 8)  (44.6939 , 6)  (44.4461 , 9)  
(102.42 , 8)  (57.9429 , 3)  (54.5209 , 9)  (52.1273 , 4)  (50.4674 , 1)  (47.8323 , 6)  (46.5504 , 2)  (44.9718 , 5)  (42.6796 , 7)  
(91.1202 , 1)  (62.6218 , 2)  (56.6198 , 9)  (55.7382 , 5)  (52.3622 , 4)  (50.8942 , 7)  (50.0603 , 6)  (45.991 , 8)  (45.6786 , 3)  
(102.552 , 4)  (69.7003 , 6)  (63.8059 , 7)  (52.8715 , 1)  (52.5547 , 9)  (49.3021 , 3)  (47.3223 , 8)  (41.5484 , 2)  (41.1613 , 5)  
(107.904 , 7)  (61.4869 , 6)  (56.2498 , 9)  (56.2484 , 2)  (48.3899 , 4)  (47.1196 , 1)  (44.0424 , 5)  (40.2674 , 8)  (39.6585 , 3)  
(97.4933 , 9)  (57.02 , 7)  (54.7437 , 2)  (53.7251 , 4)  (51.8533 , 1)  (48.7745 , 3)  (48.5124 , 5)  (48.3955 , 6)  (45.6173 , 8)  
(103.369 , 6)  (55.2213 , 5)  (54.2869 , 4)  (51.7913 , 1)  (50.6492 , 9)  (49.6786 , 7)  (47.9536 , 2)  (47.0689 , 3)  (39.6315 , 8)  
(107.648 , 2)  (58.9135 , 1)  (56.8893 , 9)  (53.7616 , 6)  (51.2115 , 7)  (47.9427 , 3)  (46.4328 , 5)  (45.7169 , 8)  (34.8959 , 4)  
(98.3583 , 5)  (66.3797 , 3)  (59.0556 , 9)  (55.6486 , 6)  (54.6096 , 1)  (50.6048 , 7)  (42.8328 , 2)  (40.471 , 4)  (40.3898 , 8)  
