 -------------------912------------
(84.9705 , 3)  (73.4277 , 7)  (59.3575 , 2)  (58.8967 , 4)  (52.7221 , 5)  (50.1671 , 9)  (48.2582 , 8)  (48.1298 , 6)  (42.4602 , 1)  
(87.9197 , 9)  (63.9731 , 6)  (60.2521 , 7)  (53.6467 , 1)  (52.6805 , 4)  (51.9747 , 3)  (48.7573 , 8)  (48.5742 , 2)  (44.6302 , 5)  
(100.017 , 4)  (74.2241 , 6)  (57.0278 , 7)  (54.2853 , 2)  (49.1367 , 9)  (47.9576 , 1)  (47.0238 , 5)  (46.0365 , 8)  (44.164 , 3)  
(92.4084 , 6)  (60.447 , 8)  (58.7038 , 2)  (57.0002 , 5)  (55.2528 , 4)  (52.8497 , 1)  (50.2632 , 9)  (47.1376 , 7)  (41.9364 , 3)  
(95.6757 , 5)  (64.749 , 6)  (62.4896 , 8)  (61.9632 , 3)  (59.3253 , 1)  (54.535 , 4)  (44.4661 , 7)  (40.6123 , 2)  (28.3359 , 9)  
(94.3758 , 8)  (61.1389 , 2)  (58.0427 , 9)  (54.6619 , 4)  (53.2482 , 1)  (51.5018 , 7)  (50.6002 , 6)  (50.5904 , 3)  (38.8585 , 5)  
(102.597 , 2)  (63.7501 , 7)  (56.3735 , 3)  (53.1357 , 8)  (52.7049 , 6)  (50.9126 , 4)  (48.2827 , 5)  (46.2837 , 9)  (41.7346 , 1)  
(105.532 , 1)  (54.7951 , 7)  (51.6495 , 3)  (51.3919 , 4)  (49.6588 , 6)  (48.0696 , 9)  (47.9525 , 5)  (46.18 , 2)  (45.9961 , 8)  
(93.9353 , 7)  (64.5534 , 2)  (62.1227 , 4)  (56.8994 , 3)  (55.4844 , 6)  (54.0357 , 9)  (47.7858 , 8)  (45.7238 , 5)  (41.1758 , 1)  
