 -------------------321------------
(89.6159 , 5)  (63.1881 , 7)  (61.0458 , 3)  (61.0163 , 9)  (56.9193 , 8)  (56.1586 , 6)  (47.2755 , 1)  (47.1628 , 4)  (46.4544 , 2)  
(99.0781 , 4)  (60.6485 , 7)  (60.5567 , 2)  (59.0117 , 6)  (52.975 , 8)  (50.333 , 5)  (43.848 , 1)  (39.1201 , 9)  (36.3021 , 3)  
(93.4542 , 1)  (61.6861 , 2)  (60.5933 , 5)  (57.1396 , 6)  (56.4502 , 8)  (53.7881 , 4)  (45.5416 , 7)  (44.5685 , 3)  (34.6832 , 9)  
(101.281 , 3)  (66.0494 , 2)  (57.3586 , 7)  (54.4226 , 1)  (50.8715 , 6)  (49.7438 , 5)  (47.3106 , 9)  (46.6331 , 4)  (43.1898 , 8)  
(93.5595 , 6)  (72.7317 , 1)  (62.2142 , 2)  (52.7084 , 8)  (51.8895 , 9)  (50.362 , 3)  (46.7286 , 7)  (45.5523 , 4)  (42.5178 , 5)  
(96.0961 , 2)  (64.4364 , 7)  (61.513 , 9)  (55.6224 , 8)  (54.9677 , 1)  (54.7393 , 5)  (50.1783 , 6)  (39.3168 , 4)  (28.5546 , 3)  
(81.2559 , 9)  (79.2879 , 7)  (58.9671 , 6)  (56.8851 , 3)  (56.3981 , 1)  (52.1962 , 4)  (52.1612 , 5)  (47.1064 , 8)  (42.3622 , 2)  
(99.6751 , 8)  (58.8547 , 7)  (56.178 , 9)  (53.8367 , 1)  (53.7328 , 6)  (50.0525 , 4)  (49.5938 , 5)  (49.5305 , 3)  (46.3967 , 2)  
(106.189 , 7)  (52.4575 , 6)  (51.0612 , 8)  (50.1533 , 1)  (50.0669 , 3)  (49.0935 , 2)  (49.0917 , 9)  (48.144 , 5)  (47.9953 , 4)  
