 -------------------543------------
(107.246 , 6)  (55.576 , 2)  (52.7203 , 1)  (52.3159 , 4)  (49.9056 , 8)  (48.6618 , 9)  (48.0001 , 5)  (46.2851 , 7)  (45.0718 , 3)  
(103.634 , 7)  (59.8773 , 3)  (57.94 , 6)  (54.2203 , 8)  (53.3269 , 4)  (48.2335 , 2)  (47.5244 , 1)  (38.3572 , 5)  (36.1676 , 9)  
(103.565 , 3)  (57.2471 , 9)  (54.0382 , 6)  (51.3935 , 4)  (50.5706 , 7)  (49.7521 , 1)  (49.5992 , 2)  (45.7552 , 8)  (43.8144 , 5)  
(89.2016 , 2)  (67.4375 , 6)  (59.6967 , 1)  (58.1578 , 7)  (57.5748 , 3)  (48.8592 , 8)  (47.7685 , 5)  (46.0289 , 9)  (42.0885 , 4)  
(99.9758 , 4)  (70.6949 , 2)  (61.483 , 7)  (53.7834 , 6)  (53.7585 , 5)  (53.4633 , 1)  (47.5412 , 8)  (39.0436 , 3)  (34.1069 , 9)  
(93.3723 , 5)  (67.4287 , 3)  (59.4443 , 1)  (58.5109 , 8)  (48.8003 , 7)  (48.4688 , 9)  (47.6838 , 6)  (45.0495 , 4)  (44.8447 , 2)  
(102.228 , 1)  (66.6929 , 7)  (54.0355 , 2)  (51.5009 , 6)  (48.6989 , 5)  (47.1262 , 8)  (46.6422 , 9)  (45.4346 , 3)  (42.9342 , 4)  
(99.2422 , 8)  (68.9831 , 2)  (61.6844 , 4)  (54.0997 , 1)  (51.7339 , 7)  (45.9793 , 3)  (44.9268 , 6)  (43.9404 , 9)  (37.4828 , 5)  
(97.9455 , 9)  (65.3737 , 4)  (55.0563 , 3)  (53.1826 , 2)  (50.6814 , 6)  (50.1519 , 7)  (45.7319 , 5)  (41.249 , 1)  (37.3911 , 8)  
