 -------------------93------------
(95.3204 , 4)  (78.829 , 7)  (67.5018 , 5)  (60.9184 , 2)  (46.1062 , 3)  (41.2138 , 9)  (37.9973 , 8)  (36.779 , 1)  (36.7576 , 6)  
(93.5901 , 8)  (61.0031 , 1)  (55.0985 , 7)  (54.3693 , 5)  (53.3821 , 4)  (52.0234 , 2)  (49.7959 , 3)  (44.002 , 9)  (43.1829 , 6)  
(104.313 , 2)  (56.468 , 1)  (54.1731 , 9)  (52.1955 , 3)  (51.5315 , 4)  (51.1932 , 8)  (47.5411 , 5)  (46.1114 , 6)  (44.7893 , 7)  
(106.237 , 7)  (55.6015 , 6)  (51.3993 , 9)  (51.2916 , 5)  (51.2249 , 2)  (48.5571 , 1)  (48.4838 , 3)  (47.9401 , 4)  (43.2452 , 8)  
(97.9017 , 3)  (62.7145 , 2)  (62.0091 , 7)  (59.1641 , 6)  (58.6313 , 9)  (52.8632 , 8)  (44.4622 , 5)  (42.6457 , 1)  (35.9275 , 4)  
(104.578 , 1)  (53.8157 , 9)  (52.0201 , 3)  (51.227 , 6)  (50.4915 , 5)  (50.2067 , 8)  (49.9569 , 7)  (46.2105 , 2)  (42.2715 , 4)  
(104.512 , 6)  (55.4151 , 7)  (53.6529 , 9)  (53.0612 , 5)  (51.7632 , 2)  (49.4579 , 1)  (46.3001 , 8)  (42.7742 , 4)  (40.2765 , 3)  
(94.8146 , 9)  (60.8727 , 7)  (60.0348 , 6)  (53.8783 , 8)  (52.493 , 3)  (51.1842 , 2)  (47.2337 , 1)  (44.6679 , 5)  (36.0844 , 4)  
(99.7607 , 5)  (58.6044 , 2)  (54.1043 , 6)  (49.7433 , 9)  (48.7278 , 7)  (48.2043 , 4)  (46.9446 , 8)  (45.0432 , 1)  (43.9425 , 3)  
