 -------------------195------------
(103.446 , 3)  (66.196 , 5)  (58.5078 , 4)  (53.1077 , 1)  (52.2543 , 2)  (48.745 , 8)  (46.3062 , 6)  (44.9873 , 9)  (42.9691 , 7)  
(103.523 , 8)  (56.7333 , 9)  (53.7025 , 3)  (52.2711 , 4)  (48.0878 , 1)  (47.9111 , 2)  (47.5174 , 6)  (47.0965 , 5)  (43.018 , 7)  
(89.8647 , 1)  (59.1688 , 2)  (56.759 , 4)  (52.3138 , 3)  (52.1938 , 7)  (51.5874 , 5)  (51.5615 , 9)  (50.7129 , 8)  (47.5304 , 6)  
(103.145 , 4)  (71.764 , 6)  (59.4698 , 7)  (56.3105 , 9)  (49.6161 , 1)  (46.9189 , 3)  (44.6335 , 8)  (42.1351 , 2)  (41.9772 , 5)  
(108.228 , 7)  (61.9933 , 6)  (57.286 , 9)  (51.3234 , 2)  (49.8604 , 1)  (45.0485 , 3)  (42.4273 , 4)  (41.9192 , 5)  (41.451 , 8)  
(98.9849 , 9)  (54.82 , 2)  (53.7079 , 7)  (51.6169 , 4)  (50.864 , 1)  (50.7274 , 6)  (49.0833 , 3)  (48.5969 , 5)  (42.2781 , 8)  
(104.238 , 6)  (53.5931 , 5)  (52.5316 , 4)  (52.4285 , 1)  (52.4265 , 9)  (49.6784 , 7)  (48.1574 , 3)  (45.0007 , 2)  (42.229 , 8)  
(107.993 , 2)  (60.7298 , 1)  (58.6167 , 9)  (55.0931 , 6)  (50.136 , 7)  (47.5003 , 3)  (44.3916 , 8)  (42.7218 , 5)  (33.1099 , 4)  
(98.6032 , 5)  (62.0604 , 9)  (60.2324 , 3)  (57.5796 , 6)  (54.7455 , 1)  (50.0743 , 7)  (42.5537 , 2)  (41.4385 , 8)  (37.1009 , 4)  
