 -------------------1128------------
(82.7538 , 8)  (76.0312 , 1)  (68.6856 , 6)  (57.4692 , 3)  (53.3263 , 5)  (53.3206 , 2)  (49.6843 , 9)  (45.0752 , 4)  (33.6843 , 7)  
(106.816 , 7)  (53.7076 , 6)  (51.2595 , 9)  (50.9818 , 4)  (50.1644 , 8)  (48.6849 , 5)  (48.3558 , 1)  (45.81 , 2)  (44.8239 , 3)  
(101.625 , 2)  (78.6309 , 3)  (56.1531 , 4)  (49.4889 , 1)  (46.3054 , 6)  (44.2308 , 8)  (43.4534 , 7)  (40.3942 , 9)  (37.0047 , 5)  
(98.723 , 5)  (63.9341 , 3)  (53.2067 , 1)  (52.8722 , 6)  (51.7191 , 7)  (51.0534 , 2)  (47.9531 , 8)  (44.2806 , 9)  (44.1614 , 4)  
(83.6166 , 6)  (72.8862 , 5)  (64.0739 , 8)  (57.3456 , 1)  (51.7537 , 2)  (51.5579 , 7)  (48.0047 , 3)  (45.0741 , 9)  (34.9113 , 4)  
(86.1389 , 3)  (84.756 , 7)  (58.4735 , 6)  (54.5347 , 2)  (50.7697 , 4)  (49.661 , 1)  (47.7231 , 9)  (43.7823 , 5)  (38.658 , 8)  
(85.8733 , 9)  (63.1053 , 7)  (59.3769 , 6)  (54.0189 , 1)  (52.9446 , 8)  (51.9811 , 3)  (51.5951 , 5)  (50.8958 , 4)  (50.0063 , 2)  
(77.147 , 4)  (59.9571 , 1)  (57.7417 , 6)  (55.8317 , 8)  (54.5124 , 2)  (53.5725 , 9)  (50.3729 , 5)  (46.9043 , 7)  (45.5041 , 3)  
(103.61 , 1)  (60.6792 , 7)  (50.8549 , 4)  (49.5318 , 8)  (49.1697 , 3)  (47.9508 , 2)  (47.3388 , 6)  (44.2697 , 5)  (40.384 , 9)  
