 -------------------533------------
(83.9404 , 7)  (73.1419 , 9)  (63.1485 , 6)  (61.4316 , 1)  (60.0756 , 3)  (49.0394 , 5)  (46.5614 , 2)  (42.8288 , 8)  (42.5772 , 4)  
(100.936 , 9)  (61.9021 , 6)  (54.7356 , 7)  (48.4579 , 2)  (47.7378 , 4)  (47.2839 , 8)  (46.6643 , 1)  (43.7087 , 5)  (42.0742 , 3)  
(82.2406 , 5)  (73.1964 , 6)  (61.0328 , 1)  (55.3706 , 8)  (50.9774 , 7)  (48.9801 , 2)  (45.8797 , 3)  (42.0377 , 9)  (40.303 , 4)  
(103.103 , 1)  (59.0077 , 7)  (54.5548 , 6)  (53.1382 , 4)  (52.384 , 2)  (52.2799 , 9)  (50.6195 , 3)  (46.3361 , 5)  (38.9051 , 8)  
(104.185 , 4)  (63.3543 , 6)  (59.9398 , 9)  (55.2341 , 2)  (54.2194 , 5)  (49.7621 , 7)  (44.5898 , 8)  (44.0709 , 1)  (39.4217 , 3)  
(103.627 , 2)  (53.399 , 5)  (52.9547 , 3)  (52.6081 , 7)  (52.2042 , 1)  (51.3306 , 6)  (51.3095 , 4)  (48.4044 , 8)  (48.2415 , 9)  
(101.839 , 3)  (60.2563 , 6)  (55.5981 , 2)  (51.1962 , 9)  (49.0702 , 1)  (47.6201 , 7)  (47.4709 , 5)  (46.5695 , 8)  (45.1834 , 4)  
(100.255 , 6)  (57.0037 , 5)  (55.9991 , 1)  (55.7078 , 4)  (54.4377 , 2)  (51.404 , 3)  (49.2462 , 7)  (44.1024 , 8)  (40.9902 , 9)  
(89.0016 , 8)  (67.3068 , 9)  (61.7062 , 3)  (60.0074 , 6)  (54.4535 , 2)  (52.9749 , 5)  (46.8641 , 1)  (43.1966 , 7)  (36.194 , 4)  
