 -------------------620------------
(106.986 , 7)  (51.6983 , 2)  (51.5207 , 5)  (50.8668 , 6)  (50.5156 , 9)  (50.1898 , 8)  (49.6751 , 4)  (47.4394 , 1)  (45.7276 , 3)  
(95.9004 , 3)  (66.5267 , 2)  (60.2315 , 1)  (60.0117 , 4)  (57.6589 , 9)  (54.8622 , 6)  (51.342 , 8)  (44.257 , 5)  (40.8126 , 7)  
(102.663 , 4)  (59.3881 , 6)  (54.9665 , 5)  (53.8861 , 2)  (51.3983 , 7)  (50.9766 , 3)  (48.9397 , 9)  (46.1016 , 1)  (40.0732 , 8)  
(103.76 , 5)  (65.6405 , 3)  (55.6861 , 1)  (54.0415 , 2)  (51.0296 , 6)  (49.7317 , 4)  (49.548 , 9)  (43.9605 , 7)  (37.4703 , 8)  
(95.6875 , 6)  (55.4311 , 1)  (54.9409 , 9)  (52.3581 , 2)  (51.6267 , 8)  (46.763 , 5)  (46.3869 , 7)  (45.4203 , 4)  (44.0269 , 3)  
(100.381 , 9)  (58.5456 , 7)  (57.1108 , 6)  (51.2321 , 1)  (50.7795 , 2)  (50.5737 , 4)  (49.5426 , 3)  (43.7186 , 8)  (42.6941 , 5)  
(109.244 , 2)  (53.3818 , 4)  (51.3586 , 1)  (50.6221 , 9)  (49.9649 , 5)  (46.5998 , 7)  (46.5516 , 8)  (45.6895 , 3)  (44.804 , 6)  
(105.755 , 8)  (58.9124 , 7)  (56.3182 , 9)  (56.1349 , 1)  (52.9582 , 4)  (52.8636 , 3)  (49.9112 , 6)  (41.0684 , 2)  (38.1 , 5)  
(101.054 , 1)  (62.3631 , 6)  (59.4223 , 7)  (54.7257 , 8)  (51.9826 , 4)  (49.8519 , 3)  (49.2014 , 5)  (45.1104 , 2)  (40.8866 , 9)  
