 -------------------425------------
(94.0778 , 4)  (75.5331 , 6)  (66.5152 , 2)  (54.9487 , 1)  (51.6599 , 9)  (46.2001 , 5)  (43.4552 , 3)  (43.3211 , 7)  (41.8447 , 8)  
(100.216 , 7)  (59.5566 , 9)  (56.9883 , 1)  (55.9433 , 6)  (52.032 , 2)  (51.5915 , 3)  (49.9751 , 5)  (42.3644 , 8)  (39.1328 , 4)  
(103.255 , 3)  (60.2521 , 9)  (56.9171 , 6)  (55.2021 , 1)  (52.1007 , 2)  (46.5298 , 7)  (46.4727 , 5)  (44.5313 , 8)  (44.0773 , 4)  
(99.0782 , 1)  (68.3341 , 7)  (57.1396 , 6)  (56.3368 , 4)  (52.8074 , 2)  (49.4285 , 3)  (45.7877 , 5)  (42.7391 , 8)  (41.7995 , 9)  
(102.622 , 6)  (57.422 , 9)  (57.2049 , 5)  (51.5518 , 2)  (49.7003 , 1)  (47.4268 , 8)  (46.165 , 3)  (44.6634 , 7)  (40.5456 , 4)  
(88.8761 , 8)  (67.3291 , 3)  (58.4671 , 4)  (53.9001 , 9)  (53.582 , 6)  (51.5845 , 5)  (46.144 , 1)  (45.975 , 2)  (41.1283 , 7)  
(84.999 , 9)  (63.5545 , 8)  (60.4495 , 4)  (60.2838 , 2)  (53.6474 , 6)  (53.5298 , 5)  (46.0459 , 1)  (44.0961 , 7)  (39.7654 , 3)  
(108.527 , 2)  (56.9516 , 5)  (54.199 , 6)  (53.3072 , 9)  (49.8317 , 1)  (49.3857 , 8)  (46.2077 , 7)  (45.5894 , 4)  (44.9218 , 3)  
(98.2925 , 5)  (59.3193 , 6)  (57.6416 , 2)  (55.7751 , 1)  (55.6924 , 8)  (49.4865 , 4)  (49.183 , 7)  (46.6848 , 3)  (41.5009 , 9)  
