 -------------------702------------
(104.509 , 4)  (65.0521 , 6)  (62.0634 , 2)  (59.7542 , 9)  (55.7152 , 1)  (53.188 , 5)  (48.3182 , 7)  (36.8209 , 3)  (34.1778 , 8)  
(92.6529 , 8)  (65.4237 , 1)  (58.8669 , 3)  (52.5413 , 6)  (51.5926 , 5)  (49.1236 , 2)  (48.4502 , 7)  (47.6534 , 9)  (47.1678 , 4)  
(98.6639 , 2)  (59.7154 , 1)  (56.5409 , 3)  (53.214 , 9)  (52.1031 , 5)  (51.7675 , 4)  (49.2478 , 6)  (48.66 , 7)  (46.9534 , 8)  
(104.24 , 3)  (57.3728 , 9)  (52.5818 , 7)  (52.0662 , 8)  (51.1689 , 1)  (50.5624 , 6)  (48.8039 , 4)  (48.268 , 2)  (47.2575 , 5)  
(107.685 , 7)  (54.1185 , 2)  (49.7618 , 1)  (49.4759 , 3)  (48.0173 , 6)  (47.7356 , 8)  (46.7345 , 9)  (46.2481 , 4)  (45.1553 , 5)  
(100.795 , 1)  (55.8548 , 7)  (52.013 , 9)  (49.9459 , 5)  (49.9018 , 6)  (49.8925 , 2)  (48.3825 , 3)  (45.5586 , 4)  (44.0767 , 8)  
(100.325 , 5)  (66.9878 , 4)  (65.9443 , 6)  (60.1808 , 2)  (53.2204 , 3)  (47.4878 , 1)  (47.3463 , 9)  (45.4852 , 7)  (38.2651 , 8)  
(89.3717 , 9)  (62.3931 , 7)  (61.3248 , 6)  (52.2397 , 1)  (51.8973 , 3)  (51.4489 , 2)  (51.1345 , 8)  (49.9463 , 4)  (47.2135 , 5)  
(105.977 , 6)  (56.1988 , 8)  (54.6012 , 7)  (52.8072 , 3)  (51.0876 , 5)  (48.8635 , 1)  (48.045 , 4)  (44.7588 , 9)  (44.2551 , 2)  
