 -------------------738------------
(95.7803 , 8)  (67.819 , 7)  (64.2252 , 1)  (57.7552 , 6)  (53.5489 , 3)  (48.0394 , 4)  (47.481 , 2)  (44.9487 , 9)  (37.7186 , 5)  
(89.8617 , 6)  (63.725 , 3)  (63.5435 , 1)  (58.2139 , 4)  (49.6555 , 5)  (45.9693 , 7)  (44.4402 , 8)  (42.8759 , 9)  (39.3974 , 2)  
(107.66 , 7)  (52.0191 , 5)  (50.9408 , 9)  (49.9335 , 2)  (49.6624 , 4)  (49.4925 , 1)  (49.4918 , 8)  (49.1844 , 6)  (43.8963 , 3)  
(92.7599 , 3)  (65.4687 , 2)  (63.1858 , 9)  (57.3396 , 1)  (55.5234 , 5)  (55.0232 , 7)  (50.3148 , 4)  (43.6245 , 6)  (32.7051 , 8)  
(88.3432 , 4)  (77.2705 , 6)  (58.8713 , 1)  (53.4992 , 7)  (52.1532 , 2)  (50.674 , 5)  (46.6616 , 9)  (43.9321 , 8)  (38.6572 , 3)  
(95.6985 , 9)  (67.7569 , 7)  (58.5674 , 6)  (52.6906 , 2)  (50.9748 , 1)  (48.9431 , 4)  (48.8013 , 3)  (45.8861 , 8)  (43.2651 , 5)  
(80.251 , 2)  (73.1286 , 1)  (65.9498 , 8)  (58.3166 , 3)  (51.2351 , 5)  (49.5192 , 6)  (49.2971 , 9)  (43.9719 , 7)  (39.4158 , 4)  
(100.499 , 1)  (68.3838 , 7)  (58.2103 , 4)  (49.5504 , 2)  (46.8767 , 3)  (46.7607 , 6)  (46.7443 , 5)  (43.2655 , 9)  (41.974 , 8)  
(103.608 , 5)  (70.3846 , 8)  (53.9273 , 4)  (53.8408 , 6)  (49.2903 , 1)  (44.4164 , 9)  (44.0205 , 2)  (41.7618 , 7)  (40.7737 , 3)  
