 -------------------498------------
(101.041 , 6)  (56.273 , 7)  (54.0872 , 2)  (54.0217 , 4)  (53.0233 , 1)  (51.1087 , 3)  (49.8883 , 8)  (48.8326 , 5)  (44.0999 , 9)  
(97.7584 , 9)  (59.2329 , 6)  (53.8506 , 2)  (51.4312 , 7)  (50.2353 , 1)  (50.0389 , 4)  (48.6952 , 5)  (45.3608 , 3)  (43.11 , 8)  
(106.669 , 4)  (59.1454 , 7)  (58.0688 , 2)  (52.2883 , 6)  (45.3376 , 1)  (45.1798 , 8)  (43.7474 , 3)  (43.1865 , 9)  (43.0349 , 5)  
(103.001 , 7)  (66.2031 , 6)  (54.1547 , 5)  (53.7305 , 1)  (50.5087 , 3)  (49.8464 , 9)  (49.7152 , 4)  (43.6757 , 8)  (40.6771 , 2)  
(94.0187 , 1)  (64.309 , 5)  (63.9863 , 2)  (57.185 , 7)  (57.111 , 6)  (51.4144 , 9)  (48.9458 , 3)  (42.9261 , 8)  (35.3528 , 4)  
(107.647 , 5)  (58.1729 , 8)  (55.8125 , 2)  (51.9429 , 4)  (51.9328 , 7)  (50.4939 , 9)  (45.3953 , 1)  (39.5505 , 6)  (38.4192 , 3)  
(89.3475 , 8)  (67.1293 , 6)  (62.9236 , 7)  (57.7736 , 1)  (53.6823 , 2)  (53.338 , 5)  (49.5713 , 9)  (44.4959 , 3)  (30.2044 , 4)  
(89.3207 , 3)  (59.7587 , 7)  (59.3101 , 5)  (58.6783 , 1)  (57.8558 , 6)  (54.2086 , 2)  (52.7088 , 9)  (40.0977 , 4)  (38.2212 , 8)  
(101.555 , 2)  (57.3999 , 8)  (56.7745 , 6)  (55.7962 , 1)  (52.1321 , 9)  (51.1794 , 3)  (48.5953 , 5)  (48.4022 , 7)  (39.3936 , 4)  
