 -------------------382------------
(102.859 , 3)  (57.3496 , 7)  (54.1141 , 5)  (51.3469 , 4)  (51.0902 , 2)  (50.7421 , 6)  (49.2315 , 8)  (43.3255 , 9)  (41.1124 , 1)  
(84.1167 , 6)  (71.6686 , 9)  (60.1167 , 8)  (54.6 , 4)  (52.9392 , 7)  (50.7458 , 2)  (45.2395 , 1)  (44.2456 , 5)  (42.8643 , 3)  
(98.1777 , 1)  (70.3294 , 2)  (61.6888 , 4)  (50.1229 , 9)  (49.1378 , 8)  (48.2825 , 3)  (44.4928 , 7)  (41.8995 , 5)  (36.2723 , 6)  
(95.925 , 8)  (58.1095 , 6)  (58.1055 , 2)  (54.9221 , 7)  (54.4919 , 5)  (50.4227 , 4)  (49.2132 , 9)  (47.7351 , 1)  (42.5848 , 3)  
(104.668 , 4)  (65.201 , 2)  (62.281 , 7)  (53.5807 , 9)  (51.7925 , 6)  (49.4532 , 5)  (42.7522 , 1)  (40.7606 , 3)  (36.3653 , 8)  
(101.319 , 5)  (58.7008 , 8)  (58.0185 , 3)  (55.6401 , 4)  (49.4342 , 9)  (48.085 , 1)  (47.0666 , 6)  (45.5083 , 7)  (40.9873 , 2)  
(98.9922 , 7)  (62.2406 , 2)  (60.2885 , 1)  (58.7087 , 6)  (51.4056 , 8)  (48.0316 , 9)  (47.5487 , 5)  (44.254 , 3)  (38.0002 , 4)  
(78.6622 , 7)  (76.6857 , 9)  (68.5148 , 1)  (60.0449 , 8)  (51.7573 , 2)  (51.5516 , 6)  (45.0755 , 5)  (39.9362 , 3)  (36.6633 , 4)  
(103.126 , 2)  (59.9697 , 6)  (57.9934 , 9)  (55.4209 , 3)  (55.4167 , 1)  (47.1539 , 8)  (44.3006 , 5)  (41.743 , 7)  (38.59 , 4)  
