 -------------------228------------
(94.6381 , 8)  (73.1949 , 3)  (56.5234 , 7)  (51.8183 , 1)  (51.4996 , 4)  (50.5889 , 6)  (47.5376 , 5)  (46.7135 , 9)  (45.1475 , 2)  
(95.1867 , 4)  (68.7752 , 6)  (56.0538 , 1)  (55.2588 , 7)  (50.8274 , 2)  (49.4448 , 8)  (48.4747 , 3)  (47.757 , 5)  (34.1192 , 9)  
(104.381 , 6)  (58.7652 , 1)  (54.8627 , 4)  (54.1237 , 3)  (49.5458 , 2)  (48.0351 , 8)  (47.421 , 7)  (47.403 , 5)  (44.1899 , 9)  
(90.3354 , 9)  (69.556 , 7)  (54.3988 , 1)  (53.4944 , 2)  (52.8996 , 6)  (49.4902 , 4)  (49.4465 , 5)  (49.1087 , 3)  (41.2084 , 8)  
(100.429 , 1)  (70.2659 , 2)  (61.3563 , 9)  (54.8196 , 6)  (50.954 , 5)  (42.938 , 7)  (42.6748 , 4)  (42.3645 , 3)  (34.4438 , 8)  
(90.9921 , 3)  (64.425 , 5)  (61.5301 , 7)  (54.8955 , 1)  (54.1798 , 2)  (52.609 , 9)  (51.9163 , 6)  (47.1977 , 8)  (47.1841 , 4)  
(108.192 , 7)  (57.3412 , 6)  (50.2277 , 2)  (47.7091 , 5)  (47.2607 , 1)  (46.8112 , 4)  (46.562 , 9)  (44.0763 , 8)  (40.3464 , 3)  
(77.1412 , 5)  (62.5381 , 3)  (62.4455 , 9)  (62.4032 , 6)  (51.4097 , 2)  (48.5291 , 8)  (48.2649 , 7)  (47.9268 , 4)  (47.494 , 1)  
(80.3275 , 2)  (72.9337 , 8)  (60.4491 , 3)  (58.9914 , 7)  (57.3825 , 6)  (54.4846 , 4)  (50.3343 , 1)  (46.6277 , 5)  (36.1356 , 9)  
