 -------------------669------------
(97.836 , 1)  (68.4567 , 7)  (52.2001 , 6)  (52.0288 , 8)  (50.3362 , 2)  (48.2743 , 4)  (48.0859 , 3)  (46.1519 , 5)  (43.849 , 9)  
(85.671 , 8)  (63.3512 , 7)  (54.8137 , 9)  (52.6886 , 2)  (51.9871 , 6)  (49.2971 , 5)  (48.0761 , 3)  (47.7298 , 4)  (46.647 , 1)  
(83.4595 , 5)  (70.0452 , 4)  (63.3728 , 8)  (60.9801 , 3)  (56.2758 , 1)  (53.2407 , 7)  (48.1978 , 6)  (36.0651 , 2)  (35.4442 , 9)  
(103.294 , 2)  (62.2195 , 3)  (61.1703 , 1)  (54.0679 , 9)  (50.2939 , 8)  (48.6329 , 5)  (46.2752 , 4)  (41.6696 , 6)  (35.409 , 7)  
(101.14 , 3)  (63.7813 , 1)  (52.4142 , 4)  (49.4311 , 2)  (48.6169 , 9)  (48.3573 , 6)  (47.5732 , 7)  (46.0698 , 8)  (43.4838 , 5)  
(98.9796 , 9)  (54.4333 , 6)  (52.5059 , 3)  (52.0975 , 7)  (51.6879 , 4)  (51.3673 , 2)  (47.0904 , 1)  (43.9043 , 5)  (41.6895 , 8)  
(95.7419 , 7)  (60.2471 , 9)  (55.678 , 3)  (55.3848 , 6)  (51.4109 , 1)  (50.4794 , 2)  (48.8898 , 5)  (41.5004 , 8)  (39.1898 , 4)  
(102.04 , 4)  (59.8716 , 1)  (57.2289 , 9)  (56.9531 , 6)  (50.2411 , 8)  (47.2573 , 7)  (45.4587 , 3)  (43.111 , 5)  (42.7568 , 2)  
(102.818 , 6)  (55.887 , 2)  (55.8211 , 9)  (53.5327 , 4)  (52.5628 , 1)  (51.2734 , 5)  (51.2377 , 3)  (46.4193 , 7)  (40.0391 , 8)  
