 -------------------428------------
(87.3945 , 8)  (65.6038 , 2)  (61.2126 , 9)  (54.3121 , 7)  (53.3659 , 6)  (48.9086 , 4)  (48.8364 , 1)  (46.5845 , 3)  (43.271 , 5)  
(92.8703 , 7)  (68.1091 , 2)  (59.8881 , 3)  (58.6579 , 1)  (52.8413 , 6)  (50.658 , 8)  (50.3437 , 4)  (47.2642 , 5)  (45.9762 , 9)  
(105.732 , 4)  (57.9698 , 2)  (53.0116 , 9)  (52.2366 , 6)  (51.5917 , 1)  (51.0814 , 8)  (49.1394 , 5)  (46.2865 , 7)  (41.312 , 3)  
(107.765 , 2)  (57.3342 , 5)  (56.7745 , 7)  (56.2589 , 6)  (52.1107 , 8)  (49.8981 , 1)  (47.9068 , 9)  (41.302 , 4)  (41.1244 , 3)  
(104.234 , 1)  (59.8501 , 2)  (56.442 , 6)  (55.9261 , 7)  (52.5223 , 5)  (51.287 , 4)  (50.2386 , 9)  (43.2233 , 3)  (33.7545 , 8)  
(98.9743 , 9)  (54.985 , 2)  (54.0724 , 6)  (53.6963 , 7)  (53.1958 , 5)  (51.7863 , 4)  (50.1484 , 1)  (48.9908 , 3)  (43.0907 , 8)  
(89.7127 , 3)  (64.566 , 2)  (59.9428 , 9)  (58.5332 , 1)  (56.7566 , 6)  (53.3307 , 7)  (52.5928 , 5)  (50.4691 , 8)  (43.1382 , 4)  
(96.4303 , 5)  (64.0517 , 6)  (60.8575 , 7)  (55.6898 , 9)  (51.4189 , 1)  (48.8709 , 8)  (48.4443 , 3)  (42.0965 , 2)  (35.5315 , 4)  
(102.557 , 6)  (59.7412 , 4)  (56.598 , 2)  (54.1062 , 9)  (52.1247 , 3)  (52.085 , 1)  (51.0117 , 8)  (46.3838 , 7)  (43.9874 , 5)  
