 -------------------668------------
(94.7589 , 1)  (64.4472 , 7)  (57.1305 , 8)  (55.8523 , 3)  (48.5886 , 9)  (47.3186 , 5)  (47.2003 , 6)  (46.1725 , 2)  (45.345 , 4)  
(92.6474 , 8)  (57.1812 , 3)  (56.7476 , 7)  (53.3182 , 6)  (52.1688 , 5)  (50.2117 , 4)  (49.1469 , 2)  (48.6886 , 1)  (48.4841 , 9)  
(81.8095 , 5)  (68.3224 , 8)  (64.1188 , 4)  (59.3076 , 3)  (58.356 , 1)  (53.5493 , 7)  (50.686 , 6)  (41.0187 , 9)  (34.9549 , 2)  
(102.382 , 2)  (58.8298 , 9)  (56.2508 , 3)  (55.0286 , 1)  (50.8582 , 5)  (49.9991 , 8)  (45.978 , 6)  (42.1068 , 4)  (40.0289 , 7)  
(101.178 , 3)  (58.422 , 1)  (53.1275 , 6)  (53.0761 , 9)  (53.0377 , 7)  (49.1931 , 2)  (45.6897 , 4)  (42.3733 , 5)  (41.8717 , 8)  
(96.4248 , 9)  (59.4384 , 6)  (56.183 , 4)  (53.2578 , 8)  (51.7795 , 3)  (49.4413 , 7)  (45.8226 , 2)  (44.6519 , 5)  (44.4718 , 1)  
(94.5213 , 7)  (63.0115 , 9)  (57.8466 , 6)  (55.1996 , 3)  (54.5427 , 1)  (50.557 , 2)  (46.7092 , 5)  (41.0166 , 4)  (37.6045 , 8)  
(100.547 , 4)  (62.7155 , 9)  (59.5426 , 6)  (59.4763 , 1)  (49.5939 , 7)  (47.0975 , 5)  (44.6211 , 2)  (42.53 , 8)  (40.8881 , 3)  
(103.83 , 6)  (58.9861 , 2)  (55.3891 , 3)  (54.8416 , 4)  (50.9144 , 1)  (49.2877 , 9)  (49.075 , 7)  (45.0593 , 8)  (44.1065 , 5)  
