 -------------------517------------
(106.811 , 6)  (54.9883 , 2)  (51.8805 , 8)  (51.0667 , 4)  (50.183 , 1)  (49.3664 , 9)  (47.6809 , 7)  (45.8247 , 3)  (42.8344 , 5)  
(104.348 , 7)  (60.3607 , 8)  (54.7063 , 3)  (52.6815 , 6)  (49.4502 , 4)  (46.9561 , 1)  (46.4019 , 2)  (42.8895 , 5)  (38.668 , 9)  
(102.731 , 3)  (56.9964 , 9)  (53.7197 , 6)  (52.8359 , 7)  (51.2455 , 1)  (49.265 , 4)  (48.0027 , 8)  (46.614 , 2)  (41.8911 , 5)  
(89.3643 , 2)  (66.6413 , 6)  (66.2531 , 1)  (60.6494 , 7)  (52.5152 , 3)  (49.925 , 5)  (48.5854 , 8)  (45.2281 , 9)  (36.6331 , 4)  
(103.472 , 4)  (64.4162 , 2)  (55.5302 , 7)  (54.918 , 8)  (53.9265 , 1)  (52.5233 , 5)  (47.2213 , 6)  (45.3739 , 3)  (35.6708 , 9)  
(94.8949 , 5)  (66.1648 , 3)  (60.7282 , 1)  (55.8525 , 8)  (49.21 , 9)  (47.9163 , 6)  (47.6834 , 7)  (45.809 , 2)  (45.5816 , 4)  
(102.042 , 1)  (66.5605 , 7)  (55.4907 , 2)  (52.3326 , 9)  (52.2976 , 6)  (52.0192 , 5)  (44.0041 , 8)  (40.6819 , 3)  (36.8435 , 4)  
(95.829 , 8)  (74.5337 , 2)  (61.5816 , 4)  (52.9127 , 7)  (52.8403 , 6)  (48.797 , 1)  (42.1226 , 9)  (40.255 , 3)  (37.3208 , 5)  
(97.7184 , 9)  (59.6921 , 4)  (53.4362 , 3)  (53.4034 , 2)  (52.8534 , 6)  (51.304 , 7)  (46.9412 , 5)  (43.5346 , 1)  (38.0167 , 8)  
