 -------------------482------------
(102.284 , 6)  (58.6212 , 7)  (55.5561 , 3)  (53.6277 , 4)  (52.0684 , 2)  (51.2943 , 1)  (48.6537 , 8)  (47.1943 , 9)  (42.6874 , 5)  
(95.0304 , 9)  (55.9866 , 3)  (55.427 , 4)  (54.0941 , 1)  (51.5689 , 8)  (51.5274 , 6)  (50.454 , 7)  (47.9237 , 5)  (45.257 , 2)  
(107.512 , 4)  (57.6547 , 7)  (52.5667 , 2)  (50.9151 , 6)  (47.1993 , 8)  (45.8713 , 3)  (45.5155 , 9)  (44.2627 , 5)  (44.0476 , 1)  
(102.738 , 7)  (66.2067 , 6)  (53.0035 , 4)  (52.5309 , 1)  (51.4378 , 3)  (50.4198 , 9)  (47.0485 , 5)  (43.849 , 2)  (43.3648 , 8)  
(98.9645 , 1)  (56.28 , 2)  (55.8853 , 6)  (52.1851 , 8)  (51.1827 , 7)  (50.4446 , 3)  (47.8052 , 5)  (45.0406 , 9)  (40.5473 , 4)  
(107.333 , 5)  (55.676 , 8)  (51.4671 , 4)  (51.3686 , 2)  (49.5867 , 7)  (46.9187 , 9)  (46.0276 , 1)  (43.7872 , 3)  (43.0695 , 6)  
(91.0211 , 8)  (64.0853 , 6)  (63.4531 , 7)  (57.8501 , 1)  (53.9133 , 5)  (51.5363 , 9)  (49.8956 , 2)  (46.4166 , 3)  (33.071 , 4)  
(94.2801 , 3)  (61.2824 , 7)  (56.4123 , 6)  (56.2096 , 1)  (52.2267 , 9)  (51.9333 , 5)  (50.8094 , 2)  (40.2019 , 4)  (39.1529 , 8)  
(101.385 , 2)  (60.921 , 8)  (57.8652 , 6)  (54.4415 , 1)  (52.723 , 9)  (50.7736 , 3)  (49.291 , 5)  (49.0511 , 7)  (39.6459 , 4)  
