 -------------------583------------
(92.2528 , 4)  (72.9948 , 6)  (66.5036 , 9)  (57.8593 , 3)  (53.3428 , 1)  (52.6054 , 7)  (47.6231 , 5)  (46.9048 , 2)  (40.5376 , 8)  
(102.478 , 5)  (62.9183 , 4)  (60.8522 , 8)  (47.8903 , 1)  (45.67 , 7)  (44.4029 , 3)  (44.0219 , 2)  (43.8664 , 6)  (42.3278 , 9)  
(86.8391 , 9)  (63.4884 , 4)  (61.482 , 2)  (56.9361 , 7)  (56.4701 , 5)  (49.4577 , 6)  (42.7863 , 3)  (41.7686 , 1)  (37.354 , 8)  
(104.486 , 1)  (57.2009 , 7)  (54.1063 , 2)  (52.2333 , 8)  (47.8679 , 4)  (46.7678 , 9)  (45.2044 , 3)  (44.5968 , 6)  (44.5604 , 5)  
(89.7326 , 6)  (68.8402 , 5)  (62.0392 , 8)  (59.8304 , 1)  (56.0425 , 7)  (53.6164 , 9)  (50.8027 , 2)  (38.8953 , 4)  (30.8524 , 3)  
(101.792 , 8)  (58.054 , 2)  (56.7204 , 1)  (50.8653 , 6)  (49.9572 , 4)  (47.768 , 7)  (45.3981 , 5)  (44.9201 , 9)  (44.5425 , 3)  
(93.5547 , 2)  (82.8109 , 7)  (55.5723 , 6)  (50.451 , 3)  (49.3317 , 5)  (45.4543 , 1)  (44.7586 , 9)  (44.1065 , 4)  (42.8276 , 8)  
(78.4222 , 7)  (67.8196 , 9)  (64.8454 , 3)  (61.872 , 1)  (61.8521 , 2)  (52.7895 , 6)  (51.7932 , 8)  (45.9516 , 4)  (36.6793 , 5)  
(106.803 , 3)  (56.1317 , 7)  (51.4275 , 6)  (51.1446 , 1)  (49.035 , 2)  (48.857 , 5)  (47.6886 , 8)  (47.3104 , 9)  (45.7778 , 4)  
