 -------------------853------------
(85.5318 , 8)  (83.8658 , 9)  (62.3815 , 2)  (59.8226 , 7)  (58.2456 , 6)  (48.8258 , 4)  (47.7822 , 3)  (39.8478 , 5)  (36.1968 , 1)  
(72.5877 , 4)  (69.5762 , 6)  (58.0176 , 8)  (55.9971 , 7)  (53.2024 , 2)  (51.4837 , 1)  (49.1772 , 5)  (48.8759 , 9)  (43.1582 , 3)  
(75.3801 , 3)  (66.7287 , 7)  (63.3017 , 9)  (62.4773 , 8)  (62.1898 , 2)  (51.2342 , 4)  (51.0462 , 5)  (48.0189 , 1)  (45.9966 , 6)  
(104.114 , 7)  (55.0749 , 6)  (54.7556 , 9)  (53.5521 , 1)  (50.8838 , 2)  (48.2867 , 5)  (48.0856 , 3)  (45.5679 , 8)  (43.5264 , 4)  
(89.1348 , 2)  (75.141 , 1)  (53.0001 , 4)  (52.2091 , 3)  (50.9061 , 7)  (48.1572 , 6)  (47.6346 , 9)  (46.6185 , 5)  (46.2538 , 8)  
(88.1226 , 5)  (62.4913 , 3)  (60.7855 , 8)  (53.5818 , 6)  (51.4581 , 9)  (48.5576 , 7)  (47.4072 , 1)  (46.0726 , 4)  (44.324 , 2)  
(97.3483 , 1)  (59.8526 , 7)  (56.2256 , 6)  (55.044 , 5)  (51.8174 , 2)  (49.6274 , 3)  (48.0221 , 9)  (44.6328 , 4)  (42.1974 , 8)  
(91.4566 , 9)  (74.3946 , 3)  (57.8091 , 5)  (53.0341 , 4)  (51.3461 , 1)  (50.9147 , 8)  (50.3345 , 2)  (49.2239 , 6)  (37.5233 , 7)  
(93.4878 , 6)  (65.7488 , 5)  (59.1499 , 8)  (57.1863 , 7)  (50.8395 , 9)  (48.7489 , 1)  (44.8547 , 4)  (44.2614 , 2)  (41.0407 , 3)  
