 -------------------117------------
(108.331 , 7)  (51.5136 , 6)  (49.5887 , 8)  (49.2277 , 3)  (48.9251 , 9)  (48.7772 , 1)  (48.5823 , 4)  (47.2683 , 2)  (47.1731 , 5)  
(78.5243 , 8)  (77.6235 , 9)  (65.4153 , 7)  (59.0786 , 2)  (54.5169 , 6)  (48.4 , 4)  (48.1396 , 1)  (45.6797 , 5)  (36.2292 , 3)  
(99.0545 , 6)  (62.6108 , 8)  (58.1587 , 4)  (57.9827 , 3)  (53.8651 , 1)  (51.5521 , 7)  (47.6826 , 5)  (45.8628 , 2)  (40.5766 , 9)  
(90.7158 , 9)  (62.5793 , 6)  (56.8386 , 5)  (55.6055 , 4)  (54.8158 , 7)  (52.2438 , 1)  (51.0655 , 3)  (49.7039 , 2)  (44.6615 , 8)  
(107.502 , 5)  (55.9182 , 3)  (53.1961 , 2)  (50.5322 , 1)  (50.4925 , 6)  (47.6144 , 9)  (47.4988 , 4)  (44.9072 , 7)  (38.7371 , 8)  
(104.708 , 1)  (58.5652 , 7)  (55.5705 , 4)  (50.4692 , 3)  (46.9896 , 2)  (46.1927 , 6)  (45.4673 , 5)  (44.705 , 9)  (44.654 , 8)  
(106.111 , 4)  (61.5699 , 2)  (61.3046 , 9)  (58.3232 , 1)  (57.082 , 6)  (54.076 , 5)  (45.5007 , 7)  (43.7462 , 3)  (32.4025 , 8)  
(93.1772 , 2)  (62.3828 , 7)  (54.0286 , 3)  (53.6588 , 4)  (52.9207 , 6)  (51.6532 , 1)  (51.3498 , 8)  (49.4827 , 9)  (37.165 , 5)  
(104.257 , 3)  (59.3546 , 1)  (56.145 , 8)  (51.2425 , 9)  (50.9644 , 4)  (50.929 , 7)  (49.8845 , 6)  (46.0898 , 5)  (45.571 , 2)  
