 -------------------674------------
(95.2257 , 1)  (58.6725 , 3)  (56.1121 , 6)  (55.686 , 7)  (54.5973 , 8)  (49.7019 , 2)  (49.0508 , 9)  (46.5987 , 5)  (43.7585 , 4)  
(82.6171 , 8)  (69.4272 , 7)  (54.3495 , 5)  (51.8896 , 3)  (51.6995 , 6)  (48.9085 , 4)  (48.4631 , 2)  (47.6067 , 1)  (46.9756 , 9)  
(81.8758 , 5)  (65.2437 , 8)  (60.1138 , 1)  (59.3035 , 4)  (58.2871 , 6)  (53.792 , 7)  (53.4537 , 3)  (39.6688 , 9)  (36.1201 , 2)  
(102.531 , 2)  (59.6905 , 9)  (57.4128 , 3)  (54.6519 , 1)  (48.9771 , 8)  (48.6507 , 5)  (46.2445 , 6)  (43.0499 , 4)  (39.6287 , 7)  
(99.6895 , 3)  (58.3925 , 7)  (57.9506 , 1)  (55.6565 , 9)  (52.7727 , 6)  (51.5948 , 2)  (46.2006 , 4)  (41.1461 , 8)  (40.2315 , 5)  
(97.8025 , 9)  (62.0792 , 6)  (54.6004 , 7)  (49.6065 , 2)  (48.9953 , 4)  (47.7492 , 5)  (46.1038 , 3)  (42.9558 , 8)  (41.8664 , 1)  
(92.5434 , 7)  (62.6478 , 9)  (58.5555 , 1)  (56.5592 , 3)  (54.4861 , 6)  (52.7917 , 2)  (49.26 , 5)  (41.4601 , 4)  (36.7007 , 8)  
(98.6276 , 4)  (64.7904 , 9)  (62.598 , 6)  (59.2247 , 1)  (50.8985 , 7)  (48.8544 , 5)  (47.0016 , 2)  (41.4001 , 8)  (36.0654 , 3)  
(104.029 , 6)  (58.5395 , 2)  (53.2998 , 4)  (52.4326 , 9)  (50.6089 , 7)  (50.2862 , 3)  (48.7563 , 5)  (48.7516 , 1)  (42.5009 , 8)  
