 -------------------108------------
(98.308 , 4)  (76.7863 , 7)  (61.0589 , 5)  (58.0958 , 2)  (52.9711 , 6)  (46.9321 , 8)  (42.0726 , 1)  (41.2037 , 3)  (31.2133 , 9)  
(93.1417 , 8)  (64.5002 , 1)  (57.7397 , 7)  (57.1801 , 5)  (52.7081 , 4)  (51.0555 , 3)  (49.3853 , 2)  (46.1062 , 6)  (39.9328 , 9)  
(104.09 , 2)  (59.5098 , 1)  (53.1981 , 9)  (51.9227 , 3)  (50.1569 , 4)  (50.1086 , 8)  (47.362 , 6)  (46.2449 , 5)  (45.9855 , 7)  
(106.246 , 7)  (57.6098 , 6)  (52.7499 , 9)  (52.5519 , 5)  (51.6738 , 2)  (47.6199 , 3)  (47.0661 , 1)  (45.1679 , 8)  (43.9616 , 4)  
(101.807 , 3)  (62.2855 , 2)  (56.9795 , 9)  (56.1623 , 8)  (55.6287 , 7)  (51.6446 , 6)  (47.4271 , 1)  (43.6134 , 5)  (35.5133 , 4)  
(105.537 , 1)  (55.9998 , 7)  (54.2552 , 6)  (53.892 , 3)  (50.849 , 9)  (49.2833 , 4)  (47.3567 , 8)  (46.3864 , 5)  (41.4116 , 2)  
(104.986 , 6)  (53.9747 , 9)  (53.2516 , 7)  (53.0711 , 2)  (52.0907 , 5)  (47.8386 , 1)  (46.3748 , 8)  (43.2555 , 3)  (43.0616 , 4)  
(92.5418 , 9)  (64.2465 , 7)  (60.1442 , 6)  (53.3222 , 3)  (52.3055 , 8)  (50.848 , 2)  (48.2642 , 5)  (46.5853 , 1)  (36.5634 , 4)  
(100.033 , 5)  (58.7909 , 2)  (55.9569 , 6)  (52.9828 , 9)  (50.2621 , 7)  (47.6071 , 8)  (45.6522 , 4)  (42.2281 , 1)  (39.0964 , 3)  
