 -------------------189------------
(98.0028 , 5)  (68.4083 , 3)  (62.7353 , 4)  (59.7377 , 6)  (57.962 , 1)  (56.9187 , 8)  (42.062 , 2)  (39.9842 , 9)  (37.4108 , 7)  
(89.6266 , 6)  (63.801 , 8)  (58.8031 , 4)  (56.6906 , 1)  (52.3426 , 3)  (50.5149 , 2)  (49.1163 , 9)  (48.1317 , 5)  (44.0134 , 7)  
(100.113 , 8)  (62.173 , 7)  (55.7603 , 1)  (53.1054 , 6)  (52.1455 , 5)  (50.97 , 2)  (49.3769 , 4)  (46.0676 , 3)  (43.7814 , 9)  
(104.066 , 3)  (63.2556 , 2)  (52.0249 , 9)  (48.7327 , 6)  (48.5469 , 8)  (46.7827 , 1)  (46.3062 , 4)  (42.7829 , 5)  (41.0663 , 7)  
(100.619 , 4)  (74.1898 , 6)  (59.2944 , 2)  (55.7067 , 7)  (49.365 , 8)  (47.8161 , 3)  (46.9404 , 5)  (46.1191 , 1)  (40.1998 , 9)  
(102.538 , 1)  (57.019 , 7)  (54.6235 , 4)  (52.6663 , 3)  (50.0339 , 5)  (49.8396 , 6)  (48.252 , 8)  (48.0785 , 2)  (47.4627 , 9)  
(101.262 , 9)  (57.6258 , 7)  (56.1838 , 8)  (53.0179 , 2)  (52.6898 , 6)  (50.7214 , 1)  (49.9276 , 3)  (46.5942 , 4)  (40.136 , 5)  
(85.5543 , 7)  (79.48 , 1)  (66.8311 , 3)  (55.6135 , 2)  (51.4958 , 4)  (49.6943 , 8)  (49.1407 , 9)  (46.852 , 6)  (42.1651 , 5)  
(92.9602 , 2)  (62.4584 , 1)  (62.0385 , 5)  (59.2614 , 6)  (57.9038 , 9)  (52.8235 , 8)  (51.939 , 3)  (48.5741 , 7)  (36.1497 , 4)  
