 -------------------976------------
(89.6094 , 1)  (66.0289 , 7)  (63.7686 , 4)  (59.874 , 6)  (52.5382 , 5)  (52.3394 , 2)  (50.602 , 3)  (44.7706 , 8)  (41.1712 , 9)  
(88.7357 , 2)  (78.2798 , 1)  (56.8636 , 4)  (52.7225 , 3)  (51.099 , 7)  (50.2003 , 8)  (46.8335 , 9)  (46.4822 , 6)  (42.4523 , 5)  
(94.8129 , 6)  (75.6516 , 8)  (69.9073 , 5)  (57.5454 , 3)  (52.24 , 7)  (49.3571 , 4)  (49.004 , 1)  (40.0216 , 2)  (33.3395 , 9)  
(100.098 , 3)  (57.0933 , 7)  (55.9824 , 6)  (54.1817 , 9)  (51.8627 , 1)  (50.4625 , 8)  (46.2818 , 2)  (43.5463 , 5)  (43.5032 , 4)  
(97.3315 , 8)  (62.4415 , 1)  (56.4457 , 7)  (53.3364 , 9)  (52.5011 , 5)  (51.7359 , 3)  (49.0707 , 6)  (46.5095 , 2)  (45.2355 , 4)  
(104.964 , 5)  (58.1019 , 9)  (55.227 , 3)  (53.9833 , 6)  (51.5282 , 7)  (49.3711 , 2)  (49.3474 , 1)  (46.9909 , 4)  (40.5362 , 8)  
(100.506 , 4)  (60.2576 , 6)  (60.0456 , 7)  (55.5979 , 1)  (48.4632 , 9)  (48.2045 , 3)  (47.8909 , 5)  (46.186 , 2)  (43.4776 , 8)  
(100.759 , 9)  (55.0512 , 6)  (53.5825 , 7)  (51.7876 , 2)  (50.1201 , 1)  (50.1036 , 3)  (47.767 , 4)  (45.8051 , 5)  (37.7063 , 8)  
(99.8368 , 7)  (61.5467 , 1)  (58.1828 , 8)  (53.574 , 3)  (51.233 , 2)  (44.4177 , 6)  (44.372 , 5)  (44.2416 , 4)  (38.5641 , 9)  
