 -------------------667------------
(96.134 , 1)  (59.1419 , 7)  (56.9533 , 8)  (55.491 , 3)  (51.9635 , 6)  (50.6427 , 9)  (46.9499 , 2)  (45.6648 , 5)  (44.7803 , 4)  
(89.3056 , 8)  (56.2766 , 7)  (55.8071 , 5)  (54.5563 , 3)  (52.2232 , 9)  (51.4405 , 6)  (50.8 , 2)  (50.058 , 4)  (48.6754 , 1)  
(82.1203 , 5)  (68.7721 , 8)  (66.1096 , 4)  (61.2304 , 3)  (56.6495 , 1)  (52.1883 , 7)  (49.4012 , 6)  (41.5625 , 9)  (36.1465 , 2)  
(100.268 , 2)  (60.3012 , 3)  (57.9882 , 1)  (56.5704 , 9)  (52.538 , 5)  (50.6782 , 8)  (46.6428 , 4)  (44.1137 , 6)  (39.0604 , 7)  
(100.364 , 3)  (64.4495 , 1)  (55.7048 , 9)  (50.7558 , 7)  (50.0678 , 6)  (49.4467 , 2)  (44.8297 , 4)  (43.2976 , 5)  (41.9106 , 8)  
(97.3749 , 9)  (58.6651 , 6)  (54.3873 , 7)  (54.2443 , 4)  (53.4196 , 8)  (53.3988 , 3)  (46.1202 , 1)  (44.3415 , 2)  (42.1414 , 5)  
(94.9531 , 7)  (62.1824 , 9)  (55.9876 , 6)  (54.9233 , 1)  (54.6745 , 3)  (51.3979 , 2)  (48.6954 , 5)  (41.4199 , 4)  (37.3619 , 8)  
(100.208 , 4)  (62.7309 , 9)  (60.4214 , 6)  (57.9374 , 1)  (49.8857 , 7)  (49.288 , 5)  (46.0139 , 8)  (44.8553 , 2)  (37.7937 , 3)  
(103.766 , 6)  (58.8055 , 3)  (55.7789 , 2)  (53.9285 , 4)  (50.9346 , 7)  (50.7121 , 1)  (50.5376 , 8)  (47.4758 , 9)  (46.6784 , 5)  
