 -------------------1129------------
(81.7429 , 8)  (73.9604 , 1)  (66.5081 , 6)  (59.1494 , 3)  (54.5592 , 5)  (52.8481 , 2)  (51.1263 , 9)  (46.2083 , 4)  (37.6048 , 7)  
(106.816 , 7)  (54.5557 , 6)  (53.1191 , 4)  (50.9909 , 8)  (49.2727 , 1)  (48.4824 , 5)  (45.7017 , 2)  (45.2226 , 3)  (44.1909 , 9)  
(101.07 , 2)  (75.6434 , 3)  (55.6707 , 4)  (51.5499 , 1)  (45.8816 , 6)  (45.5798 , 8)  (42.7381 , 7)  (40.6776 , 9)  (37.8452 , 5)  
(98.3926 , 5)  (65.4286 , 3)  (55.0604 , 6)  (53.3093 , 1)  (51.4712 , 7)  (47.9839 , 2)  (47.2714 , 8)  (44.6092 , 9)  (44.4904 , 4)  
(83.7509 , 6)  (73.8727 , 5)  (63.0206 , 8)  (57.6077 , 1)  (51.9674 , 2)  (50.556 , 7)  (48.7035 , 9)  (47.9755 , 3)  (32.5106 , 4)  
(88.0989 , 3)  (85.9673 , 7)  (60.1802 , 6)  (53.4497 , 2)  (49.976 , 1)  (47.5309 , 4)  (45.4581 , 9)  (43.0366 , 5)  (38.6984 , 8)  
(84.467 , 9)  (63.637 , 7)  (59.4592 , 6)  (56.0347 , 1)  (52.5972 , 8)  (51.807 , 3)  (51.5692 , 5)  (50.7165 , 2)  (48.6138 , 4)  
(75.9664 , 4)  (58.8383 , 1)  (54.6392 , 5)  (53.4822 , 2)  (53.4392 , 8)  (53.4034 , 6)  (51.3136 , 9)  (49.2653 , 7)  (44.9599 , 3)  
(103.274 , 1)  (60.7517 , 7)  (51.8206 , 4)  (49.4479 , 2)  (49.4306 , 3)  (48.8793 , 8)  (46.6323 , 6)  (44.5085 , 5)  (40.4179 , 9)  
