 -------------------470------------
(106.154 , 7)  (60.5328 , 6)  (54.0625 , 4)  (50.1943 , 9)  (50.0997 , 5)  (48.4021 , 1)  (44.9913 , 8)  (44.0573 , 3)  (40.0291 , 2)  
(100.094 , 4)  (58.4397 , 7)  (56.4974 , 2)  (53.4225 , 1)  (52.5898 , 6)  (52.1263 , 5)  (52.0402 , 3)  (50.2431 , 9)  (41.0042 , 8)  
(99.0048 , 6)  (67.9074 , 4)  (54.8379 , 9)  (53.9186 , 2)  (53.2649 , 8)  (48.4658 , 7)  (46.871 , 3)  (43.6272 , 1)  (38.6846 , 5)  
(102.334 , 1)  (54.2815 , 7)  (52.9258 , 3)  (52.6673 , 2)  (51.2928 , 5)  (49.9185 , 8)  (47.4817 , 9)  (47.1227 , 6)  (46.6954 , 4)  
(73.9992 , 5)  (69.6568 , 9)  (58.013 , 6)  (55.2479 , 4)  (54.3786 , 3)  (53.6452 , 8)  (50.8543 , 2)  (50.0163 , 1)  (45.9725 , 7)  
(95.3231 , 2)  (59.8658 , 3)  (59.7225 , 7)  (56.2552 , 9)  (51.8968 , 8)  (50.4834 , 5)  (49.0509 , 6)  (48.9625 , 1)  (45.2463 , 4)  
(106.903 , 8)  (54.5938 , 3)  (53.3841 , 4)  (51.1652 , 2)  (50.6729 , 5)  (50.0292 , 9)  (50.0002 , 7)  (49.2308 , 6)  (46.4133 , 1)  
(86.4791 , 5)  (66.2795 , 3)  (65.2264 , 6)  (59.0006 , 4)  (57.5206 , 1)  (53.1787 , 8)  (45.9769 , 7)  (41.9953 , 9)  (38.5267 , 2)  
(101.477 , 3)  (59.5521 , 5)  (57.6706 , 6)  (53.9193 , 7)  (52.4001 , 9)  (51.6454 , 1)  (45.2513 , 2)  (43.2321 , 8)  (42.178 , 4)  
