 -------------------593------------
(91.1821 , 6)  (63.6577 , 2)  (58.0094 , 9)  (55.6844 , 5)  (53.3887 , 8)  (50.5166 , 4)  (47.5502 , 7)  (45.1781 , 1)  (34.7091 , 3)  
(89.1658 , 5)  (80.6314 , 8)  (77.0835 , 6)  (56.5954 , 3)  (44.7071 , 9)  (43.7655 , 7)  (41.9094 , 1)  (41.3319 , 2)  (39.263 , 4)  
(77.3092 , 9)  (68.6841 , 7)  (60.8361 , 6)  (59.2469 , 1)  (54.2685 , 8)  (47.9601 , 3)  (47.778 , 4)  (45.6475 , 2)  (45.2162 , 5)  
(99.2656 , 8)  (62.3861 , 6)  (59.407 , 9)  (52.0706 , 1)  (50.512 , 7)  (48.9088 , 2)  (47.0123 , 3)  (44.6369 , 4)  (41.4139 , 5)  
(77.2956 , 2)  (70.6342 , 1)  (64.8025 , 8)  (60.1191 , 3)  (54.8366 , 6)  (52.3827 , 9)  (50.6635 , 7)  (45.3561 , 5)  (37.9641 , 4)  
(94.3566 , 1)  (67.9237 , 6)  (57.5473 , 2)  (56.909 , 4)  (55.573 , 5)  (46.415 , 8)  (45.8204 , 7)  (41.1171 , 3)  (36.0556 , 9)  
(79.4848 , 7)  (72.2117 , 4)  (54.9235 , 9)  (52.2904 , 2)  (51.7915 , 3)  (50.9261 , 8)  (50.665 , 1)  (45.8585 , 5)  (44.2148 , 6)  
(104.965 , 4)  (59.6643 , 7)  (56.0112 , 2)  (54.2135 , 1)  (52.446 , 6)  (49.444 , 8)  (48.6833 , 3)  (46.6307 , 5)  (43.0414 , 9)  
(91.4346 , 3)  (58.781 , 5)  (54.7396 , 7)  (53.1076 , 8)  (52.1995 , 2)  (51.0909 , 9)  (49.6012 , 4)  (48.8618 , 6)  (46.6135 , 1)  
