 -------------------617------------
(106.697 , 7)  (56.5693 , 6)  (53.3214 , 5)  (50.4407 , 9)  (50.383 , 2)  (48.8847 , 1)  (48.2895 , 4)  (45.5605 , 8)  (44.089 , 3)  
(96.5301 , 3)  (66.8778 , 2)  (60.6544 , 1)  (58.6513 , 4)  (57.3434 , 9)  (54.375 , 6)  (50.1619 , 8)  (44.5191 , 5)  (40.4455 , 7)  
(98.6239 , 4)  (62.2545 , 6)  (59.538 , 5)  (56.3319 , 2)  (53.8459 , 7)  (51.6643 , 9)  (48.3305 , 1)  (45.4448 , 3)  (35.6882 , 8)  
(103.856 , 5)  (66.5277 , 3)  (55.4636 , 1)  (53.4114 , 2)  (50.4645 , 4)  (50.1982 , 6)  (49.4445 , 9)  (43.7146 , 7)  (37.4627 , 8)  
(95.7241 , 6)  (54.1802 , 2)  (53.7264 , 9)  (53.3071 , 1)  (51.1872 , 8)  (48.402 , 4)  (45.8795 , 5)  (44.6648 , 3)  (44.3499 , 7)  
(101.128 , 9)  (57.7371 , 7)  (57.1265 , 6)  (52.4739 , 1)  (52.351 , 3)  (49.4955 , 2)  (47.8267 , 4)  (43.0309 , 8)  (42.1524 , 5)  
(109.362 , 2)  (53.9105 , 4)  (50.8449 , 9)  (50.3734 , 1)  (50.2456 , 5)  (46.8057 , 8)  (46.7309 , 7)  (44.6002 , 6)  (44.482 , 3)  
(105.906 , 8)  (59.3086 , 7)  (55.7583 , 1)  (55.6945 , 9)  (53.2877 , 4)  (52.8877 , 3)  (49.8039 , 6)  (40.8358 , 2)  (38.0154 , 5)  
(101.054 , 1)  (62.4052 , 6)  (59.8449 , 7)  (54.5394 , 8)  (51.961 , 4)  (49.7238 , 3)  (49.0306 , 5)  (44.9692 , 2)  (41.2092 , 9)  
