 -------------------96------------
(97.6654 , 4)  (73.5041 , 7)  (62.7933 , 5)  (60.3466 , 2)  (52.6203 , 6)  (43.6908 , 3)  (42.305 , 1)  (41.7374 , 8)  (35.1988 , 9)  
(93.6703 , 8)  (66.2748 , 1)  (56.2206 , 5)  (51.2996 , 4)  (50.7436 , 3)  (50.6457 , 2)  (49.6951 , 7)  (44.3668 , 9)  (42.8292 , 6)  
(102.54 , 2)  (55.9926 , 8)  (53.4702 , 1)  (53.395 , 7)  (52.7095 , 3)  (50.0579 , 6)  (49.9797 , 9)  (47.3769 , 4)  (46.1687 , 5)  
(107.536 , 7)  (60.0723 , 6)  (52.8759 , 2)  (50.9639 , 5)  (50.2546 , 9)  (46.6029 , 1)  (46.1595 , 4)  (43.1568 , 3)  (42.7967 , 8)  
(100.465 , 3)  (63.021 , 2)  (59.7561 , 7)  (59.205 , 9)  (53.1276 , 8)  (51.7403 , 6)  (46.6507 , 1)  (46.0396 , 5)  (34.207 , 4)  
(104.845 , 1)  (55.3651 , 7)  (54.3747 , 6)  (52.7254 , 3)  (51.6513 , 9)  (50.7833 , 4)  (48.2916 , 5)  (47.2407 , 8)  (41.28 , 2)  
(104.475 , 6)  (55.89 , 7)  (54.223 , 9)  (53.4407 , 5)  (51.3697 , 2)  (48.6398 , 1)  (46.5001 , 8)  (41.6977 , 3)  (41.1721 , 4)  
(94.622 , 9)  (61.1025 , 7)  (59.1138 , 6)  (53.6934 , 8)  (50.9178 , 3)  (49.355 , 2)  (45.7743 , 1)  (45.522 , 5)  (38.0275 , 4)  
(100.362 , 5)  (57.2036 , 2)  (50.8948 , 9)  (50.8793 , 6)  (50.5078 , 8)  (48.7369 , 7)  (48.1005 , 4)  (45.9763 , 1)  (43.3126 , 3)  
