 -------------------222------------
(90.4453 , 8)  (80.3868 , 3)  (55.1162 , 7)  (53.3403 , 4)  (52.7719 , 1)  (52.2313 , 9)  (49.9011 , 5)  (48.8575 , 6)  (41.5843 , 2)  
(94.7774 , 4)  (68.0557 , 6)  (57.4286 , 7)  (56.2863 , 2)  (54.2653 , 1)  (50.9248 , 5)  (50.0929 , 8)  (43.7925 , 3)  (31.5379 , 9)  
(105.775 , 6)  (55.6201 , 1)  (55.2069 , 3)  (51.7745 , 4)  (50.0365 , 2)  (49.3231 , 5)  (47.6431 , 7)  (45.6168 , 8)  (43.3503 , 9)  
(91.3369 , 9)  (68.2453 , 7)  (54.9659 , 1)  (54.101 , 6)  (52.0159 , 2)  (50.1351 , 5)  (49.5244 , 3)  (46.1698 , 4)  (41.6358 , 8)  
(105.61 , 1)  (54.3663 , 7)  (52.443 , 8)  (49.4603 , 3)  (48.0915 , 6)  (47.8639 , 5)  (46.6498 , 4)  (45.4261 , 2)  (41.2034 , 9)  
(89.6112 , 3)  (64.1481 , 7)  (62.6281 , 5)  (55.461 , 9)  (54.3138 , 2)  (53.0029 , 1)  (52.0819 , 6)  (47.163 , 8)  (43.9012 , 4)  
(108.361 , 7)  (57.4555 , 6)  (49.0742 , 5)  (48.813 , 2)  (47.1888 , 9)  (46.6435 , 4)  (46.2413 , 1)  (41.1055 , 3)  (41.1022 , 8)  
(82.4967 , 5)  (64.008 , 6)  (63.2991 , 3)  (55.0347 , 9)  (51.2237 , 1)  (49.8318 , 2)  (48.4274 , 8)  (47.7005 , 7)  (46.0471 , 4)  
(78.3311 , 2)  (68.3386 , 8)  (61.9026 , 7)  (58.8674 , 3)  (56.8407 , 6)  (54.2552 , 4)  (50.0982 , 1)  (46.7858 , 5)  (42.334 , 9)  
