 -------------------719------------
(80.0621 , 6)  (80.0456 , 5)  (67.0639 , 3)  (64.5949 , 1)  (63.0515 , 8)  (53.0676 , 7)  (39.838 , 2)  (39.5683 , 4)  (35.7889 , 9)  
(99.7989 , 4)  (58.9764 , 7)  (56.0214 , 2)  (53.9766 , 3)  (52.9769 , 9)  (52.9052 , 6)  (51.0687 , 5)  (50.61 , 1)  (40.8643 , 8)  
(87.4479 , 3)  (64.1458 , 2)  (62.8868 , 7)  (55.4886 , 1)  (54.1407 , 6)  (52.3648 , 4)  (50.8855 , 5)  (49.654 , 9)  (47.3313 , 8)  
(98.6649 , 1)  (62.543 , 7)  (60.1904 , 5)  (59.2001 , 6)  (53.1997 , 9)  (48.7909 , 2)  (43.5711 , 8)  (42.8178 , 4)  (42.1157 , 3)  
(96.787 , 8)  (66.3814 , 2)  (65.0906 , 1)  (55.631 , 7)  (55.1978 , 9)  (51.4678 , 6)  (42.3261 , 3)  (42.1599 , 4)  (34.1936 , 5)  
(96.0714 , 7)  (57.2731 , 9)  (57.1614 , 6)  (52.1829 , 8)  (52.1645 , 3)  (46.9875 , 5)  (46.3552 , 4)  (43.928 , 2)  (43.0433 , 1)  
(77.5738 , 5)  (71.1503 , 8)  (59.4846 , 2)  (59.1076 , 6)  (55.6224 , 9)  (55.3875 , 1)  (47.5427 , 3)  (45.6005 , 7)  (36.5873 , 4)  
(97.653 , 6)  (60.0048 , 4)  (56.8045 , 3)  (54.6459 , 5)  (48.7257 , 1)  (46.7576 , 8)  (45.0603 , 7)  (41.6844 , 9)  (40.7819 , 2)  
(108.049 , 2)  (57.0817 , 9)  (53.5592 , 5)  (53.0578 , 4)  (51.8782 , 7)  (46.9936 , 1)  (46.7107 , 6)  (46.4271 , 3)  (46.3066 , 8)  
