 -------------------819------------
(100.998 , 8)  (59.2803 , 1)  (56.9694 , 6)  (55.9943 , 7)  (52.3687 , 9)  (47.9516 , 3)  (47.4135 , 2)  (41.6585 , 4)  (38.0767 , 5)  
(102.178 , 1)  (63.361 , 7)  (55.122 , 2)  (52.9624 , 6)  (52.3953 , 5)  (49.3333 , 9)  (46.4897 , 3)  (43.3308 , 4)  (42.6892 , 8)  
(94.4554 , 9)  (71.6756 , 7)  (65.7886 , 6)  (53.3602 , 1)  (52.7222 , 3)  (46.6937 , 8)  (45.4542 , 2)  (41.9762 , 5)  (39.9014 , 4)  
(100.251 , 4)  (61.3936 , 7)  (53.5517 , 3)  (53.2833 , 1)  (52.7309 , 6)  (52.4785 , 9)  (52.369 , 2)  (48.8711 , 5)  (35.7681 , 8)  
(89.241 , 3)  (67.2077 , 9)  (63.4969 , 7)  (63.0436 , 1)  (56.6096 , 6)  (52.2078 , 2)  (45.8326 , 4)  (44.4801 , 5)  (36.1518 , 8)  
(80.2335 , 7)  (78.6427 , 1)  (64.8297 , 9)  (55.3762 , 5)  (54.7429 , 2)  (51.0789 , 4)  (50.6486 , 6)  (45.1591 , 3)  (41.537 , 8)  
(80.9031 , 2)  (72.1866 , 8)  (61.4251 , 3)  (60.8939 , 1)  (51.2868 , 6)  (46.8692 , 9)  (46.6642 , 7)  (46.3471 , 5)  (40.9365 , 4)  
(96.8758 , 5)  (78.1512 , 3)  (59.5908 , 7)  (55.7953 , 6)  (54.0929 , 2)  (51.7153 , 4)  (44.0375 , 9)  (42.9844 , 1)  (33.7099 , 8)  
(98.629 , 6)  (72.3491 , 5)  (59.8863 , 8)  (54.0574 , 4)  (50.9889 , 3)  (50.5411 , 7)  (48.3169 , 1)  (45.9222 , 2)  (38.1998 , 9)  
