 -------------------780------------
(102.504 , 1)  (60.7096 , 7)  (57.039 , 6)  (56.0223 , 4)  (51.9948 , 3)  (47.4931 , 9)  (46.7506 , 2)  (45.741 , 5)  (40.1876 , 8)  
(87.6772 , 3)  (85.5485 , 7)  (61.9807 , 6)  (55.2608 , 1)  (54.9741 , 5)  (45.7048 , 2)  (44.1833 , 4)  (33.1209 , 8)  (32.8058 , 9)  
(77.8321 , 4)  (62.7124 , 6)  (62.6059 , 2)  (58.7507 , 1)  (54.1557 , 7)  (52.4197 , 9)  (50.6539 , 8)  (50.422 , 5)  (38.7364 , 3)  
(94.2214 , 8)  (61.8284 , 3)  (60.909 , 9)  (60.5492 , 6)  (54.7601 , 2)  (53.4887 , 7)  (44.1379 , 5)  (43.9958 , 4)  (43.0629 , 1)  
(97.5768 , 6)  (61.1338 , 4)  (55.8977 , 3)  (54.5786 , 1)  (53.092 , 7)  (51.3131 , 5)  (50.8526 , 2)  (46.4092 , 9)  (37.3245 , 8)  
(101.883 , 2)  (68.2769 , 3)  (57.7609 , 5)  (56.2126 , 1)  (50.093 , 9)  (49.4291 , 4)  (49.265 , 7)  (37.7776 , 6)  (34.2098 , 8)  
(103.57 , 5)  (62.5533 , 3)  (54.5559 , 7)  (51.6688 , 2)  (51.0643 , 6)  (49.1096 , 9)  (46.863 , 1)  (41.7502 , 8)  (40.9949 , 4)  
(98.8047 , 7)  (62.6496 , 1)  (58.1497 , 2)  (54.2596 , 9)  (53.9701 , 3)  (53.3149 , 6)  (47.5916 , 8)  (41.8678 , 4)  (38.702 , 5)  
(78.9462 , 5)  (76.1496 , 9)  (58.9927 , 2)  (54.2923 , 6)  (53.9894 , 4)  (53.1242 , 7)  (46.1883 , 1)  (44.2252 , 3)  (39.9743 , 8)  
