 -------------------29------------
(103.658 , 6)  (62.6505 , 2)  (59.843 , 5)  (53.954 , 7)  (49.1568 , 4)  (48.7692 , 8)  (43.0131 , 3)  (42.6695 , 1)  (41.1406 , 9)  
(104.201 , 7)  (59.9785 , 3)  (52.2127 , 6)  (50.2877 , 5)  (48.9238 , 8)  (48.698 , 2)  (47.8485 , 4)  (47.219 , 1)  (41.2271 , 9)  
(101.557 , 5)  (62.8176 , 3)  (52.6403 , 4)  (52.4256 , 2)  (52.3403 , 6)  (49.4228 , 7)  (48.7606 , 8)  (42.3936 , 9)  (40.399 , 1)  
(75.8122 , 2)  (66.9524 , 4)  (61.7524 , 3)  (59.2577 , 8)  (57.7597 , 1)  (52.4312 , 9)  (52.2075 , 5)  (51.1438 , 7)  (49.5619 , 6)  
(99.0217 , 9)  (59.9289 , 6)  (54.6333 , 7)  (52.7496 , 8)  (51.9892 , 2)  (51.2163 , 1)  (48.7637 , 3)  (47.6197 , 4)  (41.7076 , 5)  
(95.1498 , 3)  (73.4994 , 5)  (62.3438 , 2)  (58.2781 , 4)  (49.5503 , 8)  (43.9797 , 7)  (43.9197 , 1)  (43.82 , 6)  (43.1561 , 9)  
(96.2221 , 1)  (63.2006 , 5)  (62.229 , 6)  (59.7105 , 2)  (57.709 , 7)  (54.8231 , 9)  (43.1931 , 4)  (40.6969 , 8)  (39.0014 , 3)  
(100.496 , 8)  (60.7463 , 2)  (60.2884 , 9)  (55.5871 , 1)  (54.9784 , 6)  (54.369 , 7)  (50.5382 , 5)  (42.7871 , 3)  (41.6163 , 4)  
(102.734 , 4)  (62.7446 , 2)  (53.5819 , 6)  (53.019 , 1)  (51.5862 , 8)  (51.4404 , 9)  (51.3114 , 3)  (42.1378 , 7)  (38.7661 , 5)  
