 -------------------603------------
(83.0658 , 2)  (68.7602 , 7)  (65.7106 , 3)  (56.5117 , 1)  (55.3963 , 5)  (53.4924 , 4)  (49.8615 , 6)  (40.6145 , 9)  (40.091 , 8)  
(75.5386 , 6)  (65.1662 , 1)  (62.0046 , 2)  (61.2416 , 5)  (58.6127 , 7)  (57.498 , 3)  (56.3263 , 4)  (39.7058 , 8)  (22.6189 , 9)  
(91.8147 , 4)  (69.6377 , 6)  (64.2726 , 9)  (60.4555 , 7)  (59.9808 , 1)  (58.1746 , 2)  (46.2249 , 5)  (39.8173 , 8)  (35.5026 , 3)  
(98.8547 , 3)  (58.4727 , 1)  (58.0703 , 2)  (54.7822 , 8)  (54.7313 , 9)  (52.435 , 4)  (51.5053 , 6)  (49.8646 , 5)  (43.6448 , 7)  
(95.6383 , 8)  (73.471 , 6)  (58.9261 , 9)  (52.8915 , 2)  (51.2839 , 3)  (49.028 , 7)  (48.274 , 1)  (45.8034 , 5)  (35.6631 , 4)  
(101.059 , 7)  (63.0926 , 3)  (52.8705 , 5)  (51.9034 , 6)  (49.4131 , 4)  (49.2182 , 1)  (47.0375 , 2)  (46.1278 , 8)  (40.5933 , 9)  
(90.1464 , 5)  (64.4071 , 3)  (57.1292 , 9)  (54.0419 , 8)  (53.8198 , 4)  (52.2835 , 6)  (49.9438 , 1)  (47.2434 , 2)  (47.0777 , 7)  
(104.194 , 1)  (53.8151 , 3)  (53.4674 , 7)  (53.0462 , 6)  (52.9109 , 4)  (50.4097 , 9)  (49.595 , 8)  (46.4616 , 5)  (44.8074 , 2)  
(98.7567 , 9)  (59.5411 , 7)  (58.2028 , 6)  (51.0169 , 3)  (50.3478 , 1)  (49.4239 , 8)  (48.9309 , 4)  (45.0442 , 2)  (41.8181 , 5)  
