 -------------------935------------
(83.4395 , 3)  (74.4404 , 5)  (68.7416 , 9)  (56.415 , 6)  (51.3541 , 1)  (51.1991 , 8)  (50.1119 , 7)  (48.4777 , 4)  (44.8581 , 2)  
(107.126 , 7)  (52.7509 , 6)  (52.437 , 9)  (51.71 , 2)  (50.2824 , 5)  (49.2091 , 8)  (47.7408 , 1)  (47.2493 , 4)  (44.6221 , 3)  
(101.487 , 2)  (72.1978 , 7)  (57.0009 , 9)  (55.5117 , 3)  (53.7864 , 6)  (47.6807 , 5)  (47.003 , 4)  (45.4058 , 1)  (40.7083 , 8)  
(94.8453 , 4)  (68.0528 , 6)  (61.1134 , 5)  (55.0624 , 7)  (54.5232 , 9)  (53.9778 , 2)  (47.9347 , 1)  (41.8385 , 3)  (34.6211 , 8)  
(93.7711 , 8)  (71.115 , 5)  (61.9282 , 6)  (61.5179 , 1)  (51.2686 , 9)  (47.7201 , 2)  (45.5389 , 7)  (44.7168 , 3)  (38.1545 , 4)  
(99.8317 , 9)  (62.3884 , 6)  (59.9112 , 4)  (51.6096 , 5)  (51.0822 , 1)  (50.6457 , 2)  (45.4342 , 7)  (45.325 , 8)  (40.4815 , 3)  
(92.1772 , 5)  (59.1063 , 9)  (59.0016 , 6)  (57.8874 , 2)  (51.9303 , 7)  (48.9957 , 8)  (45.6339 , 1)  (39.1071 , 4)  (34.4552 , 3)  
(98.5226 , 1)  (55.2162 , 2)  (53.4882 , 8)  (53.4294 , 6)  (52.1424 , 3)  (51.782 , 4)  (47.1594 , 7)  (46.9719 , 9)  (45.8829 , 5)  
(90.1573 , 6)  (60.9775 , 9)  (58.5654 , 8)  (55.9743 , 5)  (54.1404 , 2)  (52.0657 , 4)  (45.8729 , 3)  (45.7446 , 7)  (45.3443 , 1)  
