 -------------------861------------
(86.5777 , 8)  (84.2216 , 9)  (62.0054 , 2)  (59.0555 , 7)  (58.1536 , 6)  (49.029 , 4)  (48.0939 , 3)  (39.7422 , 5)  (35.6184 , 1)  
(71.0317 , 4)  (69.1764 , 6)  (57.2639 , 8)  (56.6082 , 7)  (52.7288 , 1)  (51.4277 , 2)  (50.4531 , 9)  (49.1192 , 5)  (42.9685 , 3)  
(74.9832 , 3)  (66.5658 , 7)  (63.6785 , 2)  (63.2221 , 9)  (61.9462 , 8)  (52.0632 , 4)  (51.2471 , 5)  (48.4402 , 1)  (45.064 , 6)  
(104.097 , 7)  (54.9444 , 9)  (54.8788 , 6)  (53.8071 , 1)  (50.888 , 2)  (48.279 , 3)  (48.0049 , 5)  (45.8659 , 8)  (43.2821 , 4)  
(88.7295 , 2)  (75.2174 , 1)  (52.2207 , 4)  (51.485 , 3)  (49.7262 , 7)  (49.1089 , 6)  (47.9352 , 9)  (47.5227 , 8)  (46.3868 , 5)  
(88.1047 , 5)  (62.3493 , 3)  (60.8439 , 8)  (53.565 , 6)  (51.5039 , 9)  (48.6098 , 7)  (47.4318 , 1)  (46.0733 , 4)  (44.3067 , 2)  
(97.503 , 1)  (58.8859 , 7)  (56.1761 , 6)  (55.4784 , 5)  (51.5306 , 2)  (50.1048 , 3)  (47.7471 , 9)  (45.5306 , 4)  (41.6389 , 8)  
(90.6984 , 9)  (74.9294 , 3)  (57.51 , 5)  (53.1011 , 4)  (51.7134 , 1)  (51.1467 , 8)  (50.1668 , 2)  (49.0158 , 6)  (38.2107 , 7)  
(93.6577 , 6)  (65.5917 , 5)  (59.0405 , 8)  (57.4295 , 7)  (50.8843 , 9)  (48.6846 , 1)  (44.6784 , 4)  (43.913 , 2)  (41.2669 , 3)  
