 -------------------3------------
(103.336 , 2)  (61.779 , 6)  (58.1201 , 7)  (54.0038 , 8)  (51.9354 , 4)  (50.2266 , 3)  (47.0667 , 1)  (46.8393 , 5)  (42.4932 , 9)  
(93.1965 , 5)  (66.5928 , 8)  (66.328 , 3)  (63.5064 , 9)  (53.1386 , 7)  (48.9935 , 6)  (47.0826 , 4)  (43.071 , 1)  (35.6154 , 2)  
(104.134 , 9)  (54.0727 , 3)  (51.4331 , 6)  (50.7249 , 2)  (48.978 , 1)  (46.4754 , 7)  (44.4958 , 4)  (42.256 , 8)  (41.9967 , 5)  
(96.2848 , 7)  (65.0643 , 3)  (60.2199 , 6)  (59.1268 , 9)  (56.5552 , 1)  (50.696 , 5)  (49.4818 , 2)  (40.8703 , 8)  (39.9659 , 4)  
(95.1086 , 8)  (65.1831 , 3)  (62.5541 , 9)  (53.2974 , 2)  (51.4487 , 4)  (49.629 , 5)  (47.8113 , 6)  (47.2318 , 1)  (46.3891 , 7)  
(93.0262 , 3)  (64.3366 , 2)  (56.0318 , 9)  (54.6852 , 7)  (53.4393 , 8)  (51.6888 , 5)  (50.0795 , 1)  (48.3148 , 4)  (45.2506 , 6)  
(93.9381 , 6)  (77.5504 , 9)  (55.7961 , 2)  (50.3994 , 8)  (49.8549 , 4)  (46.8146 , 1)  (45.1474 , 7)  (38.6399 , 5)  (29.8236 , 3)  
(81.0786 , 4)  (80.0565 , 7)  (65.9103 , 8)  (65.2313 , 1)  (53.6204 , 5)  (51.3689 , 6)  (48.4297 , 2)  (44.2828 , 9)  (36.2499 , 3)  
(106.025 , 1)  (61.943 , 7)  (50.1686 , 9)  (49.1892 , 5)  (48.5296 , 2)  (46.394 , 8)  (46.2338 , 6)  (45.3776 , 3)  (41.5188 , 4)  
