 -------------------400------------
(104.044 , 3)  (58.5788 , 7)  (56.1029 , 8)  (52.8814 , 6)  (52.8634 , 4)  (48.4545 , 2)  (44.8323 , 5)  (41.1975 , 1)  (39.1523 , 9)  
(80.4252 , 6)  (70.9091 , 9)  (61.3551 , 8)  (56.8849 , 4)  (55.103 , 7)  (50.9129 , 2)  (46.5715 , 1)  (44.48 , 3)  (40.8574 , 5)  
(99.7343 , 1)  (67.5266 , 2)  (61.1084 , 4)  (49.5503 , 8)  (49.4863 , 9)  (47.2338 , 3)  (45.4307 , 7)  (43.1734 , 5)  (36.8929 , 6)  
(95.5481 , 8)  (61.8706 , 7)  (59.7852 , 6)  (55.2023 , 5)  (53.5488 , 9)  (52.2802 , 2)  (47.9549 , 4)  (46.4419 , 3)  (42.9899 , 1)  
(102.803 , 4)  (65.6297 , 2)  (62.2943 , 7)  (53.0612 , 5)  (51.9576 , 6)  (48.4775 , 9)  (47.2976 , 1)  (42.3346 , 3)  (37.1085 , 8)  
(101.595 , 5)  (58.1696 , 8)  (55.0953 , 4)  (54.7467 , 3)  (53.1419 , 9)  (46.6407 , 6)  (46.151 , 1)  (44.386 , 7)  (40.2422 , 2)  
(97.1425 , 7)  (64.3749 , 2)  (61.8279 , 1)  (58.5549 , 6)  (49.2933 , 3)  (48.9673 , 5)  (48.4523 , 8)  (46.0838 , 9)  (39.9032 , 4)  
(76.2507 , 9)  (75.7395 , 7)  (70.8053 , 1)  (61.3184 , 8)  (52.5455 , 6)  (49.262 , 2)  (44.1609 , 3)  (43.08 , 5)  (37.2098 , 4)  
(101.424 , 2)  (62.0628 , 6)  (60.1786 , 3)  (57.7302 , 9)  (56.637 , 1)  (45.8842 , 8)  (44.8491 , 5)  (40.6094 , 7)  (37.4783 , 4)  
