 -------------------589------------
(90.9992 , 6)  (63.056 , 2)  (58.6188 , 9)  (55.4006 , 5)  (54.0183 , 8)  (50.5253 , 4)  (47.5212 , 7)  (45.1766 , 1)  (33.8769 , 3)  
(88.4331 , 5)  (84.7076 , 8)  (77.1476 , 6)  (54.8589 , 3)  (44.466 , 9)  (44.0026 , 7)  (41.9648 , 2)  (40.9476 , 1)  (37.8635 , 4)  
(77.6734 , 9)  (66.5944 , 7)  (60.6425 , 6)  (58.6715 , 1)  (54.4598 , 8)  (48.3498 , 4)  (48.1398 , 3)  (46.3139 , 5)  (46.024 , 2)  
(98.9232 , 8)  (62.7555 , 6)  (58.351 , 9)  (52.5072 , 1)  (51.1302 , 7)  (48.4624 , 2)  (47.3459 , 3)  (44.672 , 4)  (41.6948 , 5)  
(77.3268 , 2)  (70.3482 , 1)  (65.052 , 8)  (60.0389 , 3)  (55.215 , 6)  (51.9749 , 9)  (51.3173 , 7)  (45.3298 , 5)  (37.8086 , 4)  
(94.6525 , 1)  (68.0857 , 6)  (57.1012 , 2)  (56.4458 , 4)  (55.7949 , 5)  (46.3999 , 8)  (46.0421 , 7)  (41.649 , 3)  (35.9588 , 9)  
(76.3786 , 7)  (63.8414 , 4)  (61.3115 , 9)  (56.7003 , 2)  (53.3042 , 5)  (50.8273 , 1)  (48.327 , 8)  (46.785 , 6)  (46.3639 , 3)  
(105.1 , 4)  (59.4594 , 7)  (56.4194 , 2)  (53.353 , 1)  (51.6795 , 6)  (49.6356 , 3)  (49.5974 , 8)  (45.6769 , 5)  (42.4919 , 9)  
(91.7939 , 3)  (61.8897 , 5)  (59.3449 , 7)  (54.8646 , 4)  (53.8114 , 8)  (49.7211 , 2)  (46.6674 , 6)  (46.1678 , 9)  (43.2983 , 1)  
