 -------------------203------------
(98.4849 , 5)  (67.9418 , 3)  (63.2737 , 4)  (59.0544 , 6)  (57.8344 , 1)  (57.8225 , 8)  (42.9895 , 2)  (39.299 , 9)  (37.5737 , 7)  
(89.96 , 6)  (63.4782 , 8)  (58.2817 , 4)  (55.9444 , 1)  (52.0453 , 3)  (50.1428 , 2)  (49.1267 , 9)  (47.9569 , 5)  (44.1898 , 7)  
(100.48 , 8)  (61.6577 , 7)  (55.7419 , 1)  (52.2925 , 6)  (50.989 , 2)  (50.8702 , 5)  (49.5639 , 4)  (46.1474 , 3)  (45.5806 , 9)  
(104.066 , 3)  (63.2556 , 2)  (52.0249 , 9)  (48.7327 , 6)  (48.5469 , 8)  (46.7827 , 1)  (46.3062 , 4)  (42.7829 , 5)  (41.0663 , 7)  
(101.32 , 4)  (71.1777 , 6)  (60.054 , 2)  (55.3274 , 7)  (49.0776 , 3)  (46.6432 , 5)  (46.2623 , 1)  (46.043 , 8)  (40.9105 , 9)  
(102.523 , 1)  (57.1739 , 7)  (54.5755 , 4)  (53.0394 , 3)  (49.8046 , 5)  (49.7931 , 6)  (48.276 , 8)  (47.9653 , 2)  (47.3796 , 9)  
(101.376 , 9)  (57.82 , 7)  (55.5856 , 6)  (54.3667 , 8)  (52.9265 , 2)  (50.8262 , 1)  (47.4361 , 3)  (43.7761 , 4)  (40.9301 , 5)  
(87.7494 , 7)  (78.7785 , 1)  (65.4494 , 3)  (54.2277 , 2)  (50.6755 , 4)  (50.0655 , 9)  (47.6047 , 6)  (46.5763 , 8)  (43.6775 , 5)  
(92.6107 , 2)  (63.6742 , 5)  (62.1886 , 1)  (59.2574 , 9)  (57.1858 , 6)  (53.8288 , 8)  (50.8022 , 3)  (47.9184 , 7)  (37.5004 , 4)  
