 -------------------453------------
(90.8969 , 8)  (60.2851 , 2)  (58.1279 , 9)  (54.4609 , 7)  (53.783 , 6)  (49.5072 , 4)  (48.7384 , 1)  (46.217 , 3)  (45.7822 , 5)  
(99.4359 , 7)  (66.3247 , 2)  (56.1716 , 1)  (55.0673 , 3)  (54.4433 , 6)  (50.1303 , 4)  (48.8697 , 8)  (47.2673 , 9)  (47.0864 , 5)  
(107.463 , 4)  (54.0994 , 2)  (53.396 , 8)  (49.5447 , 1)  (48.6601 , 6)  (48.3477 , 9)  (47.3609 , 3)  (44.4457 , 7)  (43.8317 , 5)  
(108.099 , 2)  (56.5919 , 5)  (55.2843 , 6)  (55.2653 , 7)  (53.4726 , 8)  (49.7905 , 1)  (48.015 , 9)  (43.2489 , 4)  (40.5823 , 3)  
(104.936 , 1)  (57.1589 , 2)  (53.7387 , 6)  (53.5281 , 3)  (53.4496 , 5)  (52.8683 , 4)  (48.7409 , 9)  (45.605 , 7)  (35.0266 , 8)  
(101.344 , 9)  (56.06 , 7)  (55.8206 , 3)  (54.8494 , 5)  (51.3513 , 1)  (49.2069 , 6)  (47.4254 , 2)  (46.6034 , 4)  (44.0654 , 8)  
(95.2979 , 3)  (58.5566 , 6)  (58.4704 , 8)  (58.3996 , 7)  (57.2436 , 2)  (56.5701 , 1)  (56.4969 , 9)  (53.9831 , 5)  (35.2973 , 4)  
(96.8486 , 5)  (60.9655 , 6)  (60.068 , 7)  (56.2777 , 3)  (52.4729 , 9)  (49.6673 , 1)  (48.6735 , 8)  (44.0278 , 2)  (38.1022 , 4)  
(102.127 , 6)  (58.4889 , 9)  (57.9793 , 4)  (52.7979 , 2)  (52.7645 , 3)  (50.9479 , 8)  (50.2086 , 1)  (46.5497 , 7)  (43.0939 , 5)  
