 -------------------505------------
(98.6387 , 9)  (56.5925 , 6)  (53.1288 , 7)  (52.032 , 2)  (51.7498 , 8)  (50.8068 , 4)  (49.9253 , 1)  (48.6236 , 5)  (42.1786 , 3)  
(98.3041 , 6)  (71.8198 , 8)  (60.1914 , 5)  (57.7949 , 4)  (55.6702 , 7)  (55.6181 , 2)  (52.2304 , 1)  (48.1347 , 3)  (25.2676 , 9)  
(96.0967 , 8)  (59.1788 , 9)  (58.7982 , 2)  (57.2759 , 4)  (56.4716 , 1)  (54.4291 , 6)  (52.2498 , 7)  (49.2773 , 3)  (34.0583 , 5)  
(107.905 , 7)  (59.3256 , 1)  (53.1644 , 6)  (52.532 , 3)  (52.0951 , 9)  (45.7353 , 2)  (43.1598 , 8)  (40.9742 , 4)  (38.8986 , 5)  
(101.295 , 1)  (59.9359 , 7)  (55.0141 , 2)  (54.9592 , 5)  (50.438 , 8)  (49.3181 , 3)  (48.3605 , 6)  (46.7534 , 9)  (43.5347 , 4)  
(91.9613 , 3)  (65.5577 , 9)  (57.7891 , 2)  (56.4387 , 8)  (54.3206 , 7)  (50.6655 , 4)  (47.5264 , 6)  (47.1059 , 1)  (44.3914 , 5)  
(84.8018 , 5)  (68.3342 , 9)  (66.7044 , 6)  (56.212 , 3)  (52.4618 , 8)  (48.5056 , 4)  (47.2564 , 2)  (46.5033 , 1)  (43.3257 , 7)  
(104.446 , 4)  (62.7798 , 6)  (56.7461 , 7)  (55.8608 , 2)  (51.5739 , 5)  (50.5781 , 8)  (48.3838 , 3)  (43.5344 , 1)  (34.7518 , 9)  
(95.8714 , 2)  (63.9265 , 1)  (62.2616 , 9)  (54.7257 , 3)  (48.6362 , 8)  (46.7316 , 5)  (44.4826 , 7)  (43.7148 , 6)  (41.7041 , 4)  
