 -------------------126------------
(107.096 , 6)  (57.7703 , 3)  (54.0782 , 2)  (53.5867 , 8)  (48.4964 , 1)  (47.4787 , 4)  (47.4405 , 9)  (45.6133 , 7)  (40.7713 , 5)  
(95.7545 , 9)  (57.032 , 7)  (54.6196 , 6)  (54.2392 , 4)  (51.9929 , 1)  (51.1745 , 8)  (49.9494 , 5)  (46.8179 , 3)  (46.6503 , 2)  
(98.0179 , 1)  (57.9485 , 7)  (56.3819 , 9)  (53.9406 , 6)  (51.4337 , 3)  (50.6225 , 8)  (46.9635 , 5)  (46.1636 , 2)  (46.0139 , 4)  
(99.8855 , 3)  (60.075 , 1)  (58.0684 , 7)  (49.6525 , 2)  (48.4573 , 6)  (48.1638 , 5)  (47.4655 , 8)  (43.951 , 4)  (43.5418 , 9)  
(94.8963 , 5)  (56.4554 , 3)  (54.1255 , 1)  (53.8416 , 7)  (52.1163 , 8)  (51.1759 , 9)  (50.3711 , 4)  (44.8405 , 2)  (42.3799 , 6)  
(75.0956 , 7)  (72.8657 , 9)  (61.1759 , 4)  (56.0304 , 3)  (53.8746 , 6)  (52.4561 , 1)  (50.1673 , 2)  (47.1589 , 5)  (41.2633 , 8)  
(86.9742 , 8)  (66.6538 , 2)  (65.2782 , 7)  (61.3441 , 6)  (53.6281 , 3)  (53.0018 , 4)  (50.0917 , 1)  (39.1208 , 5)  (35.211 , 9)  
(91.5422 , 2)  (76.4102 , 7)  (65.8092 , 6)  (55.298 , 8)  (49.0287 , 9)  (47.1828 , 5)  (43.5752 , 3)  (40.9079 , 1)  (37.629 , 4)  
(89.5109 , 4)  (64.8367 , 2)  (61.3356 , 9)  (58.7584 , 1)  (56.3267 , 5)  (53.722 , 7)  (53.1531 , 8)  (51.3229 , 6)  (37.0697 , 3)  
