 -------------------490------------
(98.2243 , 6)  (56.5123 , 2)  (54.2966 , 8)  (52.9171 , 4)  (52.8419 , 7)  (52.1786 , 1)  (50.5693 , 3)  (49.4546 , 5)  (47.7183 , 9)  
(95.2666 , 9)  (55.8013 , 1)  (53.4849 , 4)  (52.4656 , 6)  (51.0494 , 8)  (50.4491 , 3)  (49.8442 , 7)  (49.6797 , 5)  (46.0526 , 2)  
(107.439 , 4)  (58.3975 , 7)  (50.4153 , 6)  (49.3061 , 8)  (47.1737 , 9)  (46.755 , 3)  (46.3267 , 5)  (45.822 , 2)  (44.9419 , 1)  
(104.129 , 7)  (61.4762 , 4)  (60.9569 , 6)  (55.7872 , 3)  (52.7944 , 1)  (49.3254 , 5)  (45.6714 , 8)  (42.9073 , 2)  (39.2778 , 9)  
(98.7673 , 1)  (60.2992 , 2)  (59.6914 , 6)  (53.4466 , 7)  (53.3061 , 5)  (49.0864 , 9)  (45.2756 , 8)  (41.5522 , 3)  (38.2936 , 4)  
(107.604 , 5)  (58.3601 , 2)  (56.6997 , 8)  (53.4499 , 7)  (50.8281 , 9)  (50.4695 , 4)  (46.8951 , 1)  (41.3894 , 6)  (34.618 , 3)  
(92.7593 , 8)  (64.7236 , 6)  (60.6206 , 1)  (58.5798 , 2)  (56.3652 , 7)  (51.0135 , 9)  (50.9436 , 5)  (39.8929 , 3)  (32.106 , 4)  
(98.0319 , 3)  (61.935 , 7)  (55.2908 , 1)  (54.2145 , 6)  (52.609 , 9)  (51.6764 , 2)  (51.0593 , 5)  (38.4981 , 8)  (37.3541 , 4)  
(100.843 , 2)  (57.3808 , 8)  (55.0763 , 1)  (54.3917 , 6)  (53.8253 , 3)  (50.3444 , 9)  (49.6994 , 7)  (48.5289 , 5)  (43.0574 , 4)  
