 -------------------540------------
(100.283 , 4)  (60.989 , 7)  (57.1804 , 2)  (53.8721 , 9)  (51.4498 , 5)  (50.601 , 1)  (50.3238 , 6)  (49.6645 , 3)  (38.9719 , 8)  
(104.403 , 7)  (64.635 , 6)  (53.4079 , 3)  (50.668 , 9)  (50.61 , 5)  (50.4729 , 1)  (45.0253 , 4)  (41.0797 , 2)  (40.3626 , 8)  
(93.9773 , 3)  (72.1264 , 9)  (59.2838 , 2)  (56.7713 , 1)  (56.193 , 7)  (52.7701 , 6)  (48.7262 , 4)  (46.0807 , 8)  (37.2592 , 5)  
(79.8638 , 9)  (64.443 , 6)  (57.4399 , 7)  (56.0423 , 3)  (55.3775 , 5)  (54.105 , 1)  (53.5064 , 4)  (40.1017 , 2)  (36.2531 , 8)  
(99.3682 , 1)  (57.4064 , 7)  (54.9899 , 9)  (52.7887 , 6)  (49.46 , 3)  (49.1452 , 2)  (47.78 , 5)  (44.9611 , 8)  (40.7164 , 4)  
(107.951 , 2)  (64.975 , 9)  (58.2126 , 1)  (50.7633 , 6)  (49.5884 , 5)  (47.5142 , 4)  (45.159 , 3)  (44.2801 , 8)  (34.9344 , 7)  
(94.8737 , 8)  (71.4352 , 5)  (68.4963 , 1)  (55.0825 , 6)  (51.8096 , 2)  (44.7262 , 7)  (43.1415 , 9)  (42.4164 , 4)  (36.9144 , 3)  
(77.8925 , 6)  (65.9159 , 2)  (64.5671 , 1)  (62.4582 , 5)  (61.1138 , 4)  (59.7128 , 3)  (56.2221 , 7)  (37.7106 , 8)  (28.6043 , 9)  
(97.0361 , 5)  (59.8512 , 3)  (58.9336 , 7)  (55.6787 , 9)  (52.2426 , 1)  (51.278 , 4)  (47.5538 , 2)  (47.1594 , 8)  (46.7785 , 6)  
