 -------------------821------------
(101.145 , 8)  (57.7313 , 1)  (57.5987 , 6)  (55.9061 , 7)  (51.7595 , 9)  (49.5131 , 3)  (47.2653 , 2)  (41.918 , 4)  (37.6277 , 5)  
(102.177 , 1)  (63.3934 , 7)  (55.1015 , 2)  (53.0176 , 6)  (52.3903 , 5)  (49.276 , 9)  (46.4528 , 3)  (43.4033 , 4)  (42.6589 , 8)  
(94.4701 , 9)  (71.4549 , 7)  (65.6803 , 6)  (53.287 , 1)  (52.7994 , 3)  (46.8835 , 8)  (45.6389 , 2)  (42.0021 , 5)  (39.8348 , 4)  
(83.3913 , 4)  (65.1558 , 6)  (61.4051 , 7)  (57.6699 , 2)  (55.6394 , 5)  (54.5949 , 1)  (52.6603 , 9)  (42.6395 , 3)  (39.6851 , 8)  
(90.0359 , 3)  (68.4577 , 9)  (63.9899 , 7)  (61.9063 , 1)  (56.7741 , 6)  (52.6608 , 2)  (45.451 , 5)  (43.2146 , 4)  (36.0176 , 8)  
(80.9417 , 7)  (78.3068 , 1)  (63.6073 , 9)  (55.6083 , 5)  (54.5058 , 2)  (52.5094 , 4)  (50.4529 , 6)  (46.8489 , 3)  (40.2633 , 8)  
(80.3872 , 2)  (71.284 , 8)  (63.6435 , 1)  (61.9471 , 3)  (50.6845 , 6)  (49.1018 , 5)  (47.7361 , 9)  (42.351 , 7)  (41.0552 , 4)  
(97.2338 , 5)  (78.5618 , 3)  (59.5463 , 7)  (55.1316 , 6)  (53.9293 , 2)  (51.5294 , 4)  (44.7716 , 9)  (43.0654 , 1)  (33.8565 , 8)  
(98.3211 , 6)  (70.9365 , 5)  (59.7272 , 8)  (55.6849 , 4)  (52.2821 , 1)  (49.9927 , 3)  (49.3804 , 7)  (46.2433 , 2)  (38.7151 , 9)  
