 -------------------577------------
(94.4635 , 4)  (72.4545 , 6)  (64.8139 , 9)  (60.4526 , 3)  (55.8844 , 1)  (49.1548 , 7)  (46.496 , 5)  (45.1357 , 2)  (42.444 , 8)  
(101.262 , 5)  (60.3006 , 8)  (60.2516 , 4)  (48.3856 , 6)  (48.3274 , 3)  (48.1668 , 1)  (46.4692 , 7)  (44.1762 , 2)  (43.9069 , 9)  
(87.9112 , 9)  (62.2388 , 4)  (58.8628 , 5)  (55.4464 , 2)  (54.7534 , 7)  (51.4197 , 6)  (45.1882 , 3)  (40.1239 , 1)  (37.3508 , 8)  
(104.222 , 1)  (62.2682 , 7)  (52.511 , 2)  (49.0054 , 8)  (46.2097 , 6)  (45.7761 , 4)  (45.4475 , 9)  (45.2728 , 5)  (42.7598 , 3)  
(87.7827 , 6)  (68.9091 , 5)  (61.104 , 1)  (57.7076 , 8)  (55.9943 , 7)  (53.6258 , 2)  (51.3118 , 9)  (45.746 , 4)  (31.3696 , 3)  
(99.7852 , 8)  (63.8369 , 2)  (51.8295 , 1)  (51.5846 , 9)  (49.7682 , 7)  (48.912 , 5)  (48.4558 , 6)  (44.2488 , 3)  (42.9075 , 4)  
(95.7757 , 2)  (72.5649 , 7)  (60.4928 , 3)  (50.3232 , 6)  (50.0496 , 4)  (47.7036 , 9)  (47.2645 , 5)  (45.2054 , 1)  (44.9771 , 8)  
(80.119 , 7)  (69.5254 , 9)  (64.6358 , 3)  (64.4334 , 2)  (61.0077 , 1)  (52.592 , 6)  (46.9843 , 8)  (46.2168 , 4)  (38.9852 , 5)  
(105.999 , 3)  (54.6896 , 7)  (53.4939 , 4)  (51.6704 , 5)  (50.3048 , 6)  (49.6366 , 1)  (49.176 , 2)  (43.957 , 8)  (43.366 , 9)  
