 -------------------270------------
(102.93 , 5)  (68.4777 , 8)  (65.5052 , 2)  (49.7245 , 6)  (49.3999 , 1)  (48.9076 , 3)  (44.1819 , 9)  (41.988 , 4)  (40.4255 , 7)  
(94.4665 , 8)  (69.7374 , 6)  (55.0343 , 9)  (54.7713 , 3)  (54.1005 , 2)  (51.9771 , 7)  (48.9462 , 5)  (46.7261 , 1)  (36.2308 , 4)  
(102.055 , 1)  (68.7206 , 7)  (51.374 , 4)  (51.1079 , 5)  (50.5269 , 2)  (50.1826 , 6)  (47.5777 , 3)  (46.9727 , 9)  (39.7522 , 8)  
(96.2254 , 6)  (57.0017 , 3)  (55.9641 , 9)  (55.4972 , 5)  (50.1348 , 1)  (48.0043 , 4)  (47.197 , 7)  (41.5435 , 8)  (34.377 , 2)  
(95.4938 , 3)  (67.7556 , 7)  (58.9392 , 2)  (57.3309 , 6)  (53.9875 , 9)  (49.1815 , 1)  (46.1476 , 8)  (42.981 , 5)  (41.0612 , 4)  
(104.233 , 2)  (57.9049 , 9)  (56.1999 , 7)  (54.8173 , 6)  (52.1374 , 5)  (48.2547 , 3)  (47.7895 , 1)  (44.5428 , 4)  (42.2553 , 8)  
(105.864 , 7)  (54.4037 , 9)  (53.3965 , 2)  (50.1525 , 4)  (49.6828 , 1)  (49.0669 , 6)  (48.62 , 3)  (47.388 , 8)  (40.4766 , 5)  
(87.8943 , 4)  (58.3578 , 8)  (57.9457 , 6)  (51.8819 , 5)  (51.7479 , 9)  (50.3451 , 7)  (49.6454 , 2)  (47.9458 , 1)  (43.583 , 3)  
(85.5857 , 9)  (62.0763 , 7)  (58.439 , 4)  (54.7634 , 3)  (53.6016 , 6)  (52.8964 , 5)  (50.5853 , 2)  (45.5934 , 1)  (38.812 , 8)  
