 -------------------685------------
(92.1383 , 8)  (61.326 , 1)  (59.7897 , 2)  (57.6545 , 4)  (56.755 , 6)  (54.2343 , 9)  (50.3261 , 7)  (44.8346 , 3)  (41.1982 , 5)  
(90.3691 , 3)  (67.2528 , 2)  (63.9199 , 9)  (59.081 , 5)  (57.5506 , 1)  (56.0367 , 7)  (51.1384 , 4)  (44.991 , 6)  (31.1485 , 8)  
(93.0831 , 7)  (63.7641 , 4)  (63.3476 , 6)  (57.3402 , 5)  (52.2659 , 1)  (51.248 , 9)  (47.9968 , 3)  (43.5951 , 8)  (42.6458 , 2)  
(100.017 , 2)  (64.779 , 1)  (55.7543 , 5)  (55.5642 , 8)  (50.0205 , 7)  (46.6669 , 9)  (44.9835 , 3)  (43.1819 , 4)  (41.751 , 6)  
(103.388 , 1)  (63.9141 , 7)  (51.3135 , 4)  (50.1454 , 5)  (49.9445 , 6)  (49.8641 , 9)  (46.1843 , 2)  (44.9127 , 3)  (42.5447 , 8)  
(104.183 , 4)  (55.8217 , 7)  (54.4171 , 9)  (50.3004 , 1)  (49.288 , 6)  (47.3247 , 5)  (47.0926 , 3)  (45.9805 , 2)  (41.8375 , 8)  
(80.3695 , 9)  (63.915 , 4)  (61.7674 , 7)  (55.9623 , 6)  (55.8414 , 3)  (52.1619 , 5)  (51.3177 , 2)  (45.2052 , 1)  (41.1546 , 8)  
(104.823 , 6)  (54.1103 , 2)  (53.473 , 5)  (52.2146 , 4)  (51.3419 , 3)  (48.62 , 1)  (48.0242 , 9)  (47.605 , 8)  (44.0944 , 7)  
(103.167 , 5)  (53.226 , 2)  (52.2809 , 4)  (51.3884 , 6)  (50.8028 , 7)  (50.5128 , 3)  (46.4267 , 1)  (45.9674 , 9)  (44.7037 , 8)  
