 -------------------54------------
(103.877 , 6)  (59.8819 , 2)  (58.9146 , 5)  (54.2381 , 4)  (51.8367 , 7)  (47.7642 , 8)  (44.7896 , 3)  (40.2703 , 9)  (39.6981 , 1)  
(102.518 , 7)  (62.0106 , 3)  (53.7437 , 8)  (53.422 , 6)  (50.4528 , 2)  (49.6581 , 5)  (48.7439 , 1)  (46.5597 , 4)  (38.3566 , 9)  
(102.297 , 5)  (59.2841 , 3)  (51.6363 , 8)  (50.7202 , 7)  (49.6065 , 6)  (48.6507 , 4)  (46.6043 , 2)  (44.5739 , 1)  (40.9784 , 9)  
(75.2069 , 2)  (67.3492 , 4)  (61.4952 , 3)  (60.1891 , 8)  (58.7982 , 1)  (52.152 , 6)  (52.005 , 9)  (51.476 , 7)  (51.2113 , 5)  
(91.2231 , 9)  (64.4745 , 7)  (61.0135 , 6)  (58.6779 , 2)  (53.1509 , 1)  (53.0451 , 8)  (53.0278 , 3)  (46.9024 , 5)  (43.4853 , 4)  
(94.3313 , 3)  (79.1666 , 5)  (59.8698 , 2)  (55.0409 , 6)  (46.5111 , 1)  (44.9211 , 4)  (44.7189 , 9)  (44.2075 , 8)  (43.447 , 7)  
(95.8923 , 1)  (64.9278 , 6)  (59.767 , 5)  (56.8725 , 7)  (56.8186 , 2)  (56.6988 , 9)  (43.4074 , 4)  (42.6808 , 3)  (40.5268 , 8)  
(101.533 , 8)  (62.9841 , 2)  (60.9395 , 7)  (55.5268 , 9)  (55.2202 , 6)  (54.5528 , 1)  (49.999 , 5)  (41.6508 , 3)  (38.8376 , 4)  
(103.259 , 4)  (60.2109 , 2)  (57.5171 , 6)  (53.3085 , 1)  (51.8874 , 7)  (51.5184 , 9)  (48.4509 , 8)  (45.4542 , 3)  (37.9049 , 5)  
