 -------------------525------------
(83.6889 , 7)  (73.7404 , 9)  (62.7621 , 6)  (61.4092 , 1)  (60.0859 , 3)  (48.7389 , 5)  (47.1018 , 2)  (42.7375 , 8)  (42.5836 , 4)  
(100.868 , 9)  (59.278 , 6)  (55.5714 , 7)  (48.3853 , 3)  (48.2279 , 1)  (47.2715 , 2)  (47.0611 , 8)  (46.6971 , 4)  (44.5983 , 5)  
(81.7537 , 5)  (73.3968 , 6)  (61.5871 , 1)  (55.6865 , 8)  (50.9767 , 7)  (49.5603 , 2)  (45.3898 , 3)  (42.8739 , 9)  (39.1614 , 4)  
(103.019 , 1)  (58.8358 , 7)  (54.4745 , 6)  (53.1255 , 9)  (52.599 , 2)  (52.588 , 4)  (50.8403 , 3)  (46.2773 , 5)  (38.8965 , 8)  
(104.185 , 4)  (63.3543 , 6)  (59.9398 , 9)  (55.2341 , 2)  (54.2194 , 5)  (49.7621 , 7)  (44.5898 , 8)  (44.0709 , 1)  (39.4217 , 3)  
(101.325 , 2)  (56.2032 , 3)  (55.7696 , 1)  (55.0899 , 5)  (50.0105 , 9)  (50.0072 , 7)  (49.2764 , 6)  (47.6165 , 4)  (45.5663 , 8)  
(101.621 , 3)  (59.9085 , 6)  (54.9062 , 2)  (50.3692 , 9)  (49.2578 , 5)  (48.0062 , 1)  (47.7285 , 8)  (47.7159 , 7)  (45.5088 , 4)  
(100.269 , 6)  (56.3629 , 5)  (55.8998 , 4)  (55.3459 , 1)  (54.4212 , 2)  (53.6023 , 3)  (50.2319 , 7)  (44.1336 , 8)  (40.9551 , 9)  
(86.8872 , 8)  (66.5482 , 9)  (63.1741 , 6)  (61.6648 , 3)  (55.3647 , 2)  (50.9471 , 5)  (49.3201 , 1)  (47.8467 , 7)  (29.934 , 4)  
