 -------------------991------------
(86.0672 , 4)  (80.695 , 6)  (68.3777 , 9)  (55.3613 , 7)  (54.3738 , 1)  (51.8536 , 5)  (45.623 , 2)  (44.7011 , 3)  (43.2678 , 8)  
(92.2412 , 8)  (72.1939 , 9)  (64.6042 , 2)  (59.1448 , 5)  (51.9484 , 7)  (51.5374 , 6)  (47.4318 , 4)  (41.6033 , 3)  (39.2851 , 1)  
(95.3049 , 5)  (76.0809 , 3)  (59.1263 , 6)  (53.6421 , 9)  (49.544 , 1)  (45.0978 , 2)  (45.0324 , 7)  (42.8064 , 4)  (41.7038 , 8)  
(108.041 , 2)  (53.6215 , 8)  (53.4129 , 9)  (52.3932 , 1)  (48.4772 , 7)  (48.2141 , 5)  (48.2045 , 4)  (46.6444 , 6)  (45.9017 , 3)  
(92.1875 , 6)  (56.2985 , 4)  (54.7793 , 5)  (54.3844 , 7)  (52.7768 , 9)  (50.8488 , 1)  (47.4828 , 3)  (43.4839 , 8)  (39.2553 , 2)  
(101.22 , 9)  (63.3688 , 7)  (57.6544 , 6)  (56.7179 , 2)  (52.5559 , 4)  (47.7923 , 3)  (45.2808 , 5)  (39.9549 , 1)  (36.8113 , 8)  
(101.563 , 1)  (62.388 , 7)  (62.0707 , 4)  (51.0391 , 2)  (46.3355 , 3)  (46.2787 , 6)  (46.1229 , 8)  (45.3238 , 9)  (44.9088 , 5)  
(107.285 , 7)  (55.4754 , 1)  (51.751 , 6)  (51.2279 , 4)  (51.0721 , 5)  (49.0124 , 8)  (48.9276 , 3)  (48.5013 , 2)  (45.3816 , 9)  
(104.193 , 3)  (61.0406 , 5)  (58.1683 , 2)  (49.9251 , 6)  (49.2577 , 4)  (48.3638 , 7)  (46.7159 , 1)  (46.1354 , 9)  (39.2261 , 8)  
