 -------------------263------------
(106.715 , 7)  (56.7697 , 6)  (53.6733 , 9)  (50.7244 , 3)  (49.2093 , 2)  (48.7126 , 1)  (48.3068 , 5)  (46.9186 , 4)  (44.0257 , 8)  
(93.3161 , 3)  (68.5836 , 2)  (62.9981 , 1)  (58.2524 , 4)  (56.7247 , 9)  (55.4583 , 8)  (54.0257 , 6)  (42.1512 , 7)  (41.3972 , 5)  
(100.379 , 8)  (64.896 , 5)  (57.8524 , 6)  (56.1053 , 7)  (51.3004 , 3)  (49.8472 , 4)  (49.1745 , 2)  (48.1362 , 1)  (46.1366 , 9)  
(94.9525 , 1)  (77.4085 , 7)  (57.9138 , 4)  (55.6857 , 6)  (51.956 , 2)  (48.5034 , 5)  (48.0828 , 3)  (44.0746 , 9)  (41.9734 , 8)  
(99.4845 , 9)  (62.5466 , 7)  (54.7804 , 6)  (53.4986 , 2)  (53.3509 , 8)  (52.7375 , 1)  (48.1466 , 3)  (45.9595 , 4)  (39.5428 , 5)  
(88.5251 , 5)  (71.4809 , 3)  (64.0788 , 6)  (61.6203 , 1)  (50.3844 , 8)  (50.2783 , 7)  (48.1247 , 9)  (44.0172 , 4)  (38.099 , 2)  
(101.655 , 6)  (61.3403 , 8)  (59.1971 , 4)  (53.4119 , 3)  (53.2124 , 7)  (48.5723 , 1)  (43.4061 , 5)  (39.4708 , 9)  (37.6678 , 2)  
(86.961 , 4)  (74.3655 , 6)  (59.2636 , 7)  (50.4384 , 9)  (49.7388 , 1)  (49.5588 , 3)  (49.4155 , 5)  (48.395 , 8)  (48.2875 , 2)  
(104.926 , 2)  (67.1048 , 8)  (59.0124 , 3)  (53.4001 , 9)  (51.0448 , 6)  (48.3136 , 1)  (47.0496 , 4)  (43.8432 , 5)  (41.3785 , 7)  
