 -------------------458------------
(106.403 , 7)  (62.3267 , 6)  (51.8132 , 4)  (51.0286 , 1)  (49.0762 , 9)  (49.0286 , 5)  (45.4821 , 3)  (44.4182 , 8)  (39.766 , 2)  
(94.1081 , 4)  (60.2963 , 2)  (59.5789 , 7)  (57.4738 , 6)  (55.0521 , 5)  (54.7852 , 9)  (52.4155 , 1)  (51.3388 , 3)  (37.4965 , 8)  
(99.7851 , 6)  (67.1679 , 4)  (57.6565 , 2)  (55.5349 , 9)  (49.5729 , 8)  (47.9551 , 7)  (44.204 , 3)  (42.266 , 1)  (39.3451 , 5)  
(101.146 , 1)  (57.9251 , 7)  (55.4536 , 2)  (52.918 , 6)  (51.7361 , 5)  (49.5917 , 3)  (49.2115 , 9)  (45.2249 , 8)  (44.3683 , 4)  
(71.865 , 9)  (69.4347 , 5)  (62.9317 , 4)  (56.7348 , 6)  (54.5521 , 8)  (53.781 , 3)  (52.3673 , 1)  (46.8294 , 2)  (46.4661 , 7)  
(97.278 , 2)  (63.8992 , 9)  (57.3804 , 7)  (53.8877 , 3)  (50.5445 , 5)  (49.6693 , 1)  (49.5296 , 8)  (46.5495 , 6)  (41.7255 , 4)  
(107.045 , 8)  (55.9265 , 3)  (54.6317 , 9)  (51.7319 , 4)  (49.064 , 6)  (48.6773 , 5)  (48.0501 , 2)  (47.8884 , 7)  (47.4839 , 1)  
(82.1753 , 5)  (63.8726 , 6)  (62.7471 , 3)  (60.4906 , 4)  (56.4885 , 8)  (56.0698 , 1)  (50.1944 , 7)  (42.7648 , 2)  (40.7113 , 9)  
(99.612 , 3)  (62.2952 , 5)  (57.4263 , 9)  (55.724 , 6)  (51.0622 , 1)  (48.3172 , 7)  (45.7791 , 8)  (45.5144 , 2)  (44.1432 , 4)  
