 -------------------797------------
(97.8612 , 1)  (77.8878 , 7)  (58.0946 , 6)  (56.5501 , 9)  (47.8013 , 5)  (46.6593 , 2)  (46.4929 , 3)  (43.4929 , 4)  (42.3537 , 8)  
(108.122 , 7)  (52.7835 , 6)  (50.2912 , 8)  (49.8641 , 2)  (49.0374 , 1)  (47.9667 , 3)  (46.3293 , 5)  (46.0141 , 4)  (45.1163 , 9)  
(92.7005 , 4)  (72.2083 , 6)  (61.8988 , 7)  (55.8855 , 1)  (49.4511 , 2)  (48.6382 , 3)  (48.4624 , 9)  (45.3614 , 5)  (41.4907 , 8)  
(99.6917 , 8)  (60.1361 , 9)  (55.9109 , 4)  (52.6978 , 5)  (51.483 , 1)  (50.1579 , 2)  (49.0832 , 6)  (48.2321 , 3)  (42.8716 , 7)  
(103.084 , 6)  (64.7489 , 4)  (56.1276 , 2)  (55.1285 , 3)  (52.9421 , 5)  (52.1835 , 8)  (50.671 , 7)  (47.432 , 1)  (36.903 , 9)  
(98.3531 , 2)  (67.2067 , 7)  (64.9101 , 6)  (60.6357 , 8)  (56.3639 , 3)  (52.117 , 1)  (48.7466 , 5)  (43.643 , 9)  (37.2863 , 4)  
(100.197 , 3)  (58.3246 , 1)  (53.1206 , 5)  (52.8149 , 9)  (51.0806 , 8)  (48.1754 , 6)  (47.579 , 7)  (46.7233 , 4)  (46.36 , 2)  
(99.0231 , 9)  (64.7172 , 4)  (57.5785 , 6)  (53.9472 , 2)  (52.6169 , 5)  (49.3523 , 1)  (48.159 , 8)  (46.9397 , 7)  (41.577 , 3)  
(85.4838 , 5)  (70.8522 , 9)  (70.2221 , 6)  (57.7185 , 3)  (52.4956 , 7)  (49.3011 , 4)  (46.3818 , 8)  (45.2975 , 1)  (41.9965 , 2)  
