 -------------------356------------
(95.6586 , 9)  (64.095 , 7)  (55.3378 , 4)  (52.96 , 5)  (52.4752 , 2)  (51.0307 , 1)  (49.2277 , 8)  (48.606 , 6)  (43.7044 , 3)  
(104.951 , 8)  (57.1331 , 5)  (55.5755 , 4)  (50.7301 , 1)  (49.5432 , 9)  (47.3042 , 3)  (46.4861 , 6)  (46.1558 , 7)  (43.5748 , 2)  
(100.184 , 3)  (61.0964 , 8)  (58.263 , 6)  (55.9596 , 4)  (54.4599 , 2)  (51.9189 , 9)  (48.5938 , 1)  (47.9525 , 7)  (43.5248 , 5)  
(90.9906 , 4)  (64.7825 , 9)  (58.8596 , 6)  (56.8211 , 1)  (55.1587 , 2)  (54.3029 , 7)  (53.3413 , 3)  (46.3584 , 5)  (36.7996 , 8)  
(106.591 , 6)  (56.0163 , 4)  (55.2398 , 9)  (54.3755 , 5)  (53.4788 , 7)  (49.172 , 1)  (48.1484 , 2)  (47.1063 , 3)  (44.0893 , 8)  
(102.802 , 1)  (55.6589 , 7)  (54.4215 , 8)  (53.1829 , 9)  (52.1449 , 6)  (51.4666 , 3)  (49.7871 , 5)  (44.3343 , 2)  (42.9711 , 4)  
(102.255 , 7)  (61.9667 , 2)  (58.4083 , 6)  (55.1414 , 1)  (52.0824 , 3)  (45.6424 , 9)  (43.3643 , 5)  (42.0722 , 8)  (40.6317 , 4)  
(104.693 , 5)  (60.6926 , 7)  (54.4854 , 2)  (49.4496 , 1)  (49.2911 , 6)  (48.657 , 3)  (48.1332 , 9)  (40.6186 , 4)  (40.4206 , 8)  
(105.662 , 2)  (57.9407 , 3)  (53.6069 , 1)  (51.5807 , 4)  (50.8727 , 8)  (50.1844 , 9)  (47.6786 , 7)  (46.3757 , 6)  (45.1163 , 5)  
