 -------------------40------------
(97.5205 , 6)  (68.2564 , 8)  (56.7857 , 3)  (56.1315 , 5)  (55.2415 , 2)  (54.1485 , 7)  (48.0675 , 4)  (47.9602 , 1)  (34.405 , 9)  
(100.081 , 8)  (58.3221 , 9)  (56.6811 , 6)  (54.2701 , 2)  (54.1209 , 1)  (51.7934 , 3)  (50.3616 , 7)  (47.5654 , 4)  (37.9511 , 5)  
(87.3297 , 9)  (63.2637 , 6)  (59.0847 , 2)  (55.4938 , 8)  (51.139 , 4)  (50.986 , 5)  (50.9589 , 7)  (48.4109 , 1)  (37.4321 , 3)  
(94.259 , 3)  (71.1651 , 7)  (56.1841 , 8)  (53.7049 , 2)  (52.3527 , 6)  (52.319 , 9)  (48.0929 , 1)  (46.491 , 5)  (43.5026 , 4)  
(106.492 , 7)  (52.2863 , 2)  (52.2672 , 8)  (51.9507 , 5)  (51.6783 , 6)  (49.5498 , 1)  (47.8891 , 4)  (45.2675 , 9)  (43.4224 , 3)  
(106.094 , 1)  (56.5559 , 7)  (51.2879 , 3)  (48.1682 , 6)  (47.4084 , 8)  (46.7823 , 9)  (46.2547 , 4)  (46.0561 , 5)  (41.9771 , 2)  
(103.282 , 5)  (68.2307 , 3)  (59.8531 , 1)  (55.0883 , 6)  (50.4678 , 7)  (43.6628 , 8)  (42.8727 , 2)  (41.9997 , 4)  (40.9813 , 9)  
(106.043 , 2)  (54.7606 , 7)  (53.8424 , 9)  (50.5687 , 6)  (50.4484 , 8)  (48.1282 , 3)  (47.8422 , 1)  (47.3247 , 4)  (47.0685 , 5)  
(98.8057 , 4)  (66.427 , 9)  (60.3332 , 1)  (54.0762 , 7)  (54.0278 , 6)  (50.7809 , 5)  (47.8501 , 2)  (41.7073 , 3)  (40.3536 , 8)  
