 -------------------987------------
(85.1097 , 4)  (80.6934 , 6)  (67.8107 , 9)  (55.7865 , 7)  (54.9784 , 1)  (51.7381 , 5)  (45.1232 , 2)  (44.911 , 3)  (43.8045 , 8)  
(92.8444 , 8)  (69.379 , 9)  (63.1552 , 2)  (60.1467 , 5)  (53.4902 , 7)  (50.0961 , 6)  (50.0897 , 4)  (41.3382 , 3)  (38.2936 , 1)  
(94.7055 , 5)  (76.4863 , 3)  (59.5713 , 6)  (55.6238 , 9)  (49.5441 , 1)  (44.4098 , 7)  (43.9179 , 2)  (42.6502 , 4)  (41.0121 , 8)  
(107.616 , 2)  (55.2054 , 8)  (54.585 , 9)  (53.5359 , 7)  (51.9383 , 1)  (47.6069 , 3)  (47.3263 , 5)  (46.7041 , 6)  (40.204 , 4)  
(92.2378 , 6)  (56.1709 , 4)  (54.7466 , 5)  (54.4678 , 7)  (52.1937 , 9)  (50.5045 , 1)  (47.6328 , 3)  (44.0961 , 8)  (39.4369 , 2)  
(101.242 , 9)  (63.2793 , 7)  (57.4852 , 6)  (56.7063 , 2)  (52.3994 , 4)  (47.802 , 3)  (45.1799 , 5)  (40.036 , 1)  (36.939 , 8)  
(101.244 , 1)  (64.0737 , 7)  (63.9373 , 4)  (50.5378 , 2)  (46.6951 , 3)  (45.7414 , 6)  (45.2025 , 5)  (44.5676 , 8)  (44.3186 , 9)  
(107.198 , 7)  (55.659 , 1)  (51.4555 , 6)  (50.9591 , 5)  (50.8204 , 4)  (49.8338 , 3)  (48.67 , 8)  (48.5915 , 2)  (45.3086 , 9)  
(102.002 , 3)  (66.5552 , 2)  (58.7221 , 5)  (51.5737 , 6)  (50.5675 , 7)  (50.0226 , 4)  (49.1204 , 9)  (45.6898 , 1)  (36.9506 , 8)  
