 -------------------151------------
(96.0817 , 9)  (59.5779 , 7)  (56.3334 , 4)  (55.51 , 6)  (52.0644 , 1)  (51.9211 , 8)  (51.4952 , 2)  (50.148 , 3)  (35.258 , 5)  
(104.581 , 7)  (56.8303 , 3)  (54.0267 , 6)  (50.7471 , 4)  (50.513 , 1)  (49.7079 , 5)  (48.8735 , 8)  (45.0472 , 2)  (42.6623 , 9)  
(104.456 , 2)  (59.3181 , 9)  (53.9886 , 8)  (53.8965 , 5)  (51.8639 , 1)  (51.8435 , 3)  (51.1137 , 4)  (48.9147 , 6)  (38.3705 , 7)  
(95.0507 , 8)  (75.5751 , 5)  (55.2487 , 6)  (52.9486 , 9)  (52.0422 , 3)  (50.6808 , 4)  (49.8223 , 1)  (48.2819 , 2)  (41.9515 , 7)  
(92.4566 , 3)  (70.1494 , 2)  (64.2241 , 7)  (60.0008 , 9)  (50.6811 , 4)  (50.5756 , 6)  (49.2 , 1)  (45.9977 , 5)  (39.9 , 8)  
(90.0576 , 6)  (65.5999 , 5)  (65.5972 , 8)  (53.7409 , 3)  (52.8354 , 1)  (52.6487 , 7)  (50.6568 , 2)  (43.2215 , 9)  (41.0884 , 4)  
(101.545 , 1)  (63.1508 , 7)  (57.0636 , 4)  (49.6769 , 3)  (48.2845 , 2)  (48.2573 , 6)  (47.204 , 9)  (46.5346 , 8)  (44.9316 , 5)  
(99.1522 , 4)  (69.498 , 2)  (57.6906 , 6)  (55.4846 , 1)  (54.672 , 8)  (52.0175 , 7)  (50.1251 , 5)  (41.1002 , 3)  (37.8608 , 9)  
(88.8907 , 5)  (57.9233 , 6)  (56.3799 , 9)  (55.978 , 3)  (55.7076 , 7)  (54.7091 , 1)  (46.1391 , 2)  (43.1311 , 8)  (39.7431 , 4)  
