 -------------------307------------
(96.3696 , 9)  (59.2896 , 4)  (59.2764 , 2)  (52.0838 , 6)  (51.5892 , 8)  (48.118 , 5)  (45.6789 , 1)  (44.7843 , 7)  (42.319 , 3)  
(98.6904 , 8)  (60.7949 , 7)  (57.7655 , 9)  (55.3161 , 2)  (54.7438 , 1)  (52.2497 , 6)  (49.9196 , 4)  (45.3427 , 3)  (43.5854 , 5)  
(104.751 , 7)  (58.0084 , 9)  (50.6275 , 6)  (50.0413 , 1)  (50.0137 , 2)  (48.8655 , 3)  (48.6975 , 4)  (47.8385 , 8)  (38.6179 , 5)  
(95.6673 , 1)  (67.0102 , 7)  (61.9625 , 6)  (49.5837 , 5)  (49.1601 , 8)  (48.566 , 2)  (47.2685 , 4)  (47.2078 , 9)  (44.0267 , 3)  
(103.856 , 2)  (61.3827 , 9)  (53.1647 , 7)  (53.0849 , 1)  (50.8488 , 5)  (49.0338 , 8)  (48.3556 , 3)  (47.0248 , 6)  (41.9282 , 4)  
(78.8835 , 6)  (77.7309 , 1)  (61.7877 , 8)  (55.5874 , 2)  (51.3556 , 3)  (50.6103 , 9)  (50.0072 , 7)  (49.1318 , 5)  (46.2147 , 4)  
(102.615 , 3)  (54.2309 , 4)  (53.8176 , 7)  (52.6227 , 2)  (49.8995 , 6)  (49.8237 , 1)  (47.5334 , 8)  (45.2018 , 5)  (42.9274 , 9)  
(93.2818 , 4)  (69.6522 , 6)  (58.646 , 8)  (58.5845 , 7)  (55.7196 , 1)  (47.669 , 3)  (47.4965 , 9)  (44.6568 , 2)  (43.2455 , 5)  
(91.5219 , 5)  (64.2104 , 3)  (58.5802 , 9)  (55.3571 , 8)  (52.9479 , 2)  (47.7616 , 4)  (46.7595 , 6)  (45.3355 , 1)  (42.2177 , 7)  
