 -------------------36------------
(97.1157 , 6)  (69.5512 , 8)  (56.4205 , 2)  (56.0425 , 3)  (55.9917 , 5)  (54.2871 , 7)  (48.0176 , 4)  (47.4316 , 1)  (34.4226 , 9)  
(99.8085 , 8)  (57.9403 , 9)  (56.9492 , 6)  (54.5647 , 1)  (54.2719 , 2)  (52.0974 , 3)  (50.4212 , 7)  (47.4077 , 4)  (38.2637 , 5)  
(86.6401 , 9)  (63.7322 , 6)  (60.6645 , 2)  (56.3171 , 8)  (51.001 , 7)  (50.2225 , 5)  (48.8676 , 4)  (47.9251 , 1)  (38.4991 , 3)  
(94.3251 , 3)  (71.7517 , 7)  (55.4978 , 8)  (54.2284 , 2)  (49.9661 , 6)  (49.0529 , 1)  (48.8551 , 9)  (47.3227 , 5)  (45.7092 , 4)  
(105.909 , 7)  (53.0573 , 8)  (51.9868 , 2)  (49.9339 , 1)  (48.7439 , 3)  (47.9701 , 6)  (47.6673 , 9)  (46.3756 , 4)  (44.6555 , 5)  
(105.627 , 1)  (56.0247 , 7)  (52.3409 , 3)  (49.5901 , 6)  (48.1406 , 9)  (47.7223 , 5)  (45.8446 , 4)  (45.7497 , 8)  (42.8738 , 2)  
(103.236 , 5)  (65.9932 , 3)  (57.9814 , 6)  (57.3347 , 1)  (49.5023 , 7)  (43.9986 , 2)  (43.8192 , 4)  (43.5962 , 9)  (40.624 , 8)  
(106.195 , 2)  (58.7803 , 9)  (53.8273 , 1)  (50.8653 , 7)  (50.0626 , 5)  (48.943 , 3)  (47.7651 , 6)  (45.8785 , 4)  (45.3477 , 8)  
(99.9486 , 4)  (61.5385 , 9)  (59.2508 , 1)  (57.0041 , 7)  (53.0442 , 6)  (49.0781 , 5)  (45.4375 , 2)  (44.7011 , 8)  (44.5925 , 3)  
