 -------------------55------------
(94.7666 , 2)  (64.9287 , 1)  (58.1379 , 3)  (56.8632 , 8)  (55.7499 , 6)  (47.0638 , 9)  (40.9178 , 7)  (39.4219 , 4)  (36.9197 , 5)  
(96.261 , 6)  (59.2216 , 3)  (55.3367 , 4)  (52.3428 , 1)  (47.3922 , 7)  (45.6216 , 5)  (44.562 , 8)  (40.891 , 9)  (37.823 , 2)  
(106.313 , 7)  (62.392 , 6)  (57.734 , 4)  (50.1536 , 5)  (48.0193 , 9)  (47.3447 , 1)  (47.1849 , 2)  (44.3941 , 3)  (38.4382 , 8)  
(101.708 , 5)  (65.5458 , 6)  (62.9546 , 2)  (54.4143 , 4)  (49.5443 , 3)  (47.9346 , 7)  (47.5032 , 1)  (47.3531 , 9)  (42.7782 , 8)  
(92.373 , 8)  (62.1333 , 2)  (57.3494 , 9)  (53.8396 , 1)  (52.3092 , 7)  (51.4709 , 6)  (50.9547 , 4)  (48.1807 , 3)  (38.9711 , 5)  
(73.5872 , 4)  (63.921 , 1)  (56.7891 , 6)  (55.1974 , 5)  (54.6629 , 9)  (48.4251 , 2)  (48.3534 , 7)  (47.3284 , 8)  (44.8119 , 3)  
(87.6551 , 3)  (67.1741 , 7)  (62.8554 , 9)  (58.0941 , 4)  (54.4913 , 2)  (54.1472 , 8)  (50.9943 , 5)  (49.0883 , 1)  (45.4902 , 6)  
(102.935 , 1)  (61.3768 , 7)  (54.0528 , 6)  (52.6834 , 3)  (51.8722 , 4)  (47.8717 , 2)  (47.4965 , 8)  (45.2831 , 5)  (43.9121 , 9)  
(93.7413 , 9)  (60.7687 , 4)  (56.1023 , 3)  (53.9603 , 7)  (50.7042 , 6)  (50.4259 , 8)  (49.8417 , 2)  (49.0279 , 1)  (47.5386 , 5)  
