 -------------------317------------
(89.8941 , 5)  (62.4549 , 3)  (61.6435 , 7)  (60.049 , 9)  (55.791 , 8)  (52.8644 , 4)  (49.7953 , 1)  (49.7574 , 6)  (43.3684 , 2)  
(98.3333 , 4)  (61.8074 , 7)  (60.0801 , 2)  (58.983 , 6)  (52.5432 , 8)  (50.4128 , 5)  (43.4136 , 1)  (40.0282 , 9)  (35.999 , 3)  
(93.3793 , 1)  (61.5253 , 2)  (60.7617 , 5)  (57.1841 , 6)  (56.6686 , 8)  (53.7828 , 4)  (45.3353 , 7)  (44.3126 , 3)  (34.9199 , 9)  
(103.702 , 3)  (58.7856 , 2)  (56.8839 , 7)  (54.8083 , 1)  (51.5413 , 6)  (50.7543 , 5)  (48.3788 , 9)  (46.7029 , 4)  (39.8486 , 8)  
(93.3032 , 6)  (72.9377 , 1)  (62.9028 , 2)  (51.677 , 8)  (51.4485 , 9)  (50.0181 , 3)  (46.0627 , 7)  (45.8018 , 4)  (44.0766 , 5)  
(95.5936 , 2)  (66.3623 , 7)  (61.3532 , 9)  (54.7126 , 5)  (54.4303 , 1)  (54.2802 , 8)  (50.8476 , 6)  (38.921 , 4)  (29.1912 , 3)  
(79.0505 , 9)  (76.6136 , 7)  (59.1377 , 6)  (58.3436 , 4)  (56.643 , 1)  (55.587 , 3)  (51.2934 , 5)  (46.6725 , 8)  (43.4408 , 2)  
(99.4105 , 8)  (60.4278 , 9)  (58.2095 , 7)  (54.6795 , 1)  (51.7759 , 6)  (50.6109 , 3)  (48.1533 , 2)  (47.9344 , 4)  (45.9396 , 5)  
(106.506 , 7)  (53.2058 , 6)  (50.834 , 8)  (50.0872 , 1)  (49.9077 , 3)  (48.9623 , 2)  (48.7719 , 9)  (47.5103 , 4)  (47.4257 , 5)  
