 -------------------953------------
(97.4004 , 7)  (71.4329 , 9)  (60.9528 , 2)  (59.6699 , 1)  (58.3882 , 6)  (52.478 , 4)  (50.453 , 5)  (38.2726 , 3)  (27.3506 , 8)  
(91.3455 , 5)  (72.1531 , 3)  (60.7647 , 6)  (53.9968 , 1)  (53.4699 , 9)  (51.1582 , 7)  (43.3915 , 4)  (42.2386 , 8)  (36.9853 , 2)  
(83.7823 , 6)  (73.4183 , 5)  (71.3443 , 8)  (58.1664 , 7)  (51.9799 , 1)  (50.052 , 2)  (49.1178 , 3)  (42.8607 , 9)  (32.0707 , 4)  
(93.8532 , 1)  (68.9302 , 7)  (57.1436 , 2)  (56.2641 , 4)  (54.5357 , 6)  (47.2568 , 5)  (46.4331 , 3)  (45.5833 , 8)  (40.9745 , 9)  
(89.5114 , 9)  (64.7573 , 6)  (60.2116 , 5)  (59.5804 , 4)  (58.0388 , 7)  (51.0063 , 8)  (50.1275 , 1)  (47.768 , 3)  (41.8413 , 2)  
(101.098 , 4)  (58.046 , 7)  (56.4071 , 9)  (55.7949 , 3)  (55.4618 , 1)  (52.7691 , 6)  (50.8154 , 2)  (49.8454 , 5)  (31.7953 , 8)  
(74.4802 , 2)  (61.755 , 3)  (60.5252 , 7)  (57.0922 , 1)  (56.8125 , 8)  (49.3919 , 6)  (47.9452 , 9)  (47.9369 , 5)  (47.6979 , 4)  
(107.913 , 8)  (56.1814 , 4)  (52.5408 , 9)  (51.9389 , 1)  (48.6452 , 2)  (48.5014 , 3)  (46.833 , 6)  (45.4163 , 7)  (42.0281 , 5)  
(97.3988 , 3)  (58.0847 , 7)  (56.7576 , 2)  (53.8081 , 4)  (53.0261 , 9)  (49.8033 , 6)  (46.4847 , 1)  (45.9587 , 5)  (45.8437 , 8)  
