 -------------------511------------
(107.163 , 6)  (58.7368 , 2)  (52.232 , 9)  (50.1234 , 4)  (49.8533 , 1)  (48.5356 , 8)  (47.8984 , 7)  (44.1064 , 5)  (42.5955 , 3)  
(103.142 , 7)  (60.9914 , 2)  (56.7439 , 6)  (49.4354 , 4)  (48.6316 , 8)  (48.1188 , 5)  (47.4226 , 3)  (45.9025 , 1)  (43.3854 , 9)  
(103.119 , 3)  (55.4763 , 9)  (53.347 , 6)  (50.908 , 7)  (50.3122 , 2)  (50.3087 , 1)  (48.9054 , 4)  (46.4832 , 5)  (45.968 , 8)  
(90.0997 , 2)  (66.7782 , 6)  (61.3576 , 1)  (57.5526 , 7)  (57.4614 , 3)  (49.5157 , 5)  (47.4823 , 8)  (44.7968 , 9)  (42.9929 , 4)  
(103.261 , 4)  (60.6276 , 2)  (59.9828 , 7)  (58.1094 , 1)  (52.6887 , 8)  (52.0195 , 5)  (49.0208 , 3)  (44.0088 , 6)  (33.1186 , 9)  
(92.2295 , 5)  (64.7291 , 1)  (61.3321 , 3)  (53.7933 , 8)  (51.7389 , 9)  (50.9207 , 2)  (48.6082 , 7)  (48.2325 , 6)  (35.8656 , 4)  
(102.623 , 1)  (68.4966 , 7)  (55.2898 , 2)  (51.4069 , 6)  (50.4316 , 9)  (50.293 , 5)  (45.414 , 8)  (41.4281 , 3)  (38.0514 , 4)  
(96.3883 , 8)  (72.1845 , 2)  (58.5426 , 4)  (56.1286 , 7)  (50.8916 , 6)  (45.3563 , 1)  (44.9392 , 3)  (44.1543 , 9)  (40.5933 , 5)  
(98.0269 , 9)  (64.2965 , 4)  (57.5064 , 3)  (52.0626 , 2)  (50.0535 , 7)  (47.9595 , 6)  (45.8811 , 5)  (43.9814 , 1)  (38.2051 , 8)  
