 -------------------869------------
(102.283 , 2)  (63.1567 , 3)  (57.6757 , 1)  (49.3328 , 7)  (48.9519 , 9)  (47.0877 , 6)  (46.7207 , 5)  (45.1978 , 4)  (45.1879 , 8)  
(94.0554 , 4)  (59.5372 , 6)  (54.8656 , 2)  (53.6575 , 7)  (52.5764 , 1)  (47.5531 , 3)  (44.7859 , 8)  (43.3316 , 5)  (35.5098 , 9)  
(100.537 , 5)  (62.2016 , 2)  (58.1378 , 9)  (52.3538 , 7)  (51.2485 , 6)  (48.556 , 8)  (46.3929 , 4)  (39.7188 , 1)  (38.4902 , 3)  
(99.2396 , 6)  (52.6305 , 2)  (51.9697 , 8)  (50.2844 , 7)  (49.5258 , 5)  (48.8399 , 4)  (48.1078 , 9)  (47.1183 , 1)  (42.5821 , 3)  
(104.181 , 1)  (64.9507 , 7)  (51.5909 , 2)  (49.6234 , 4)  (49.1136 , 3)  (49.0545 , 6)  (48.5478 , 5)  (44.0933 , 8)  (43.9551 , 9)  
(92.4055 , 9)  (60.7989 , 6)  (55.3549 , 7)  (54.3164 , 3)  (50.271 , 2)  (49.8829 , 4)  (48.1714 , 1)  (46.1753 , 5)  (46.1687 , 8)  
(91.8215 , 8)  (63.5734 , 2)  (58.6365 , 4)  (55.598 , 9)  (54.7211 , 1)  (50.4802 , 6)  (47.7302 , 7)  (46.5701 , 3)  (45.5044 , 5)  
(99.2644 , 7)  (67.3737 , 1)  (56.2894 , 3)  (54.8582 , 2)  (50.1972 , 6)  (50.1147 , 4)  (48.2468 , 8)  (47.2283 , 9)  (45.6935 , 5)  
(98.954 , 3)  (63.4868 , 8)  (57.7262 , 7)  (54.1027 , 2)  (53.3736 , 1)  (51.8636 , 4)  (50.6453 , 6)  (48.804 , 5)  (38.9776 , 9)  
