 -------------------732------------
(96.0433 , 8)  (67.0327 , 7)  (64.2015 , 1)  (57.6497 , 6)  (53.2535 , 3)  (48.4788 , 4)  (47.7329 , 2)  (44.9996 , 9)  (37.6289 , 5)  
(90.0432 , 6)  (63.5445 , 1)  (63.4308 , 3)  (58.0258 , 4)  (49.6203 , 5)  (45.9634 , 7)  (44.1936 , 8)  (43.3078 , 9)  (39.2828 , 2)  
(108.134 , 7)  (53.1557 , 5)  (51.7741 , 6)  (51.1633 , 2)  (50.194 , 1)  (48.6992 , 9)  (47.186 , 8)  (46.9882 , 4)  (46.759 , 3)  
(93.7697 , 3)  (66.1454 , 2)  (63.5795 , 9)  (57.2336 , 1)  (55.7518 , 5)  (53.0781 , 7)  (50.5501 , 4)  (43.802 , 6)  (31.6871 , 8)  
(88.845 , 4)  (77.9156 , 6)  (58.6401 , 1)  (53.4933 , 2)  (52.1276 , 7)  (50.619 , 5)  (48.4328 , 9)  (43.1607 , 8)  (38.208 , 3)  
(95.1419 , 9)  (68.2463 , 7)  (58.8279 , 6)  (52.7747 , 2)  (50.8293 , 1)  (49.1867 , 3)  (49.0611 , 4)  (45.5647 , 8)  (44.1613 , 5)  
(80.3798 , 2)  (73.3038 , 1)  (65.68 , 8)  (60.086 , 3)  (52.2996 , 5)  (50.1265 , 9)  (46.8403 , 6)  (43.0272 , 7)  (42.6288 , 4)  
(100.882 , 1)  (67.365 , 7)  (59.7107 , 4)  (49.7841 , 2)  (48.1103 , 3)  (45.9322 , 6)  (45.2967 , 5)  (42.8283 , 8)  (42.1868 , 9)  
(103.441 , 5)  (69.9355 , 8)  (53.5603 , 4)  (53.3701 , 6)  (49.8642 , 1)  (45.319 , 2)  (44.4716 , 9)  (42.455 , 3)  (42.1929 , 7)  
