 -------------------86------------
(97.2356 , 4)  (72.7399 , 7)  (63.4195 , 5)  (59.146 , 2)  (52.247 , 6)  (45.4052 , 1)  (41.7317 , 3)  (40.4736 , 8)  (38.2287 , 9)  
(94.358 , 8)  (66.0987 , 1)  (57.195 , 5)  (50.8203 , 3)  (50.6528 , 2)  (50.3061 , 4)  (48.7975 , 7)  (43.6748 , 9)  (43.0386 , 6)  
(103.868 , 2)  (57.3103 , 1)  (52.9579 , 3)  (52.6762 , 8)  (51.5615 , 4)  (50.2557 , 9)  (48.2628 , 5)  (46.8923 , 7)  (46.0455 , 6)  
(107.362 , 7)  (59.4448 , 6)  (54.3176 , 2)  (54.1268 , 5)  (52.1161 , 9)  (47.2757 , 1)  (46.0811 , 4)  (41.8337 , 8)  (39.8433 , 3)  
(103.906 , 3)  (59.0824 , 2)  (56.8706 , 7)  (52.917 , 8)  (52.7263 , 9)  (52.2314 , 6)  (48.8253 , 1)  (38.5947 , 5)  (38.4608 , 4)  
(104.978 , 1)  (52.4523 , 7)  (51.7369 , 9)  (51.0987 , 6)  (51.0684 , 8)  (51.0058 , 3)  (47.5566 , 5)  (45.7138 , 2)  (40.0618 , 4)  
(104.284 , 6)  (55.6044 , 7)  (51.6105 , 5)  (50.7605 , 9)  (49.5016 , 2)  (48.3018 , 1)  (47.3684 , 8)  (46.578 , 3)  (44.0884 , 4)  
(91.6762 , 9)  (59.9871 , 7)  (56.1056 , 3)  (55.9937 , 6)  (54.8441 , 8)  (50.2982 , 2)  (48.4597 , 5)  (47.1011 , 1)  (40.2313 , 4)  
(100.151 , 5)  (55.9091 , 2)  (54.9006 , 6)  (50.2004 , 9)  (48.35 , 7)  (46.7398 , 8)  (46.2151 , 4)  (45.7573 , 1)  (45.6211 , 3)  
