 -------------------11------------
(102.718 , 2)  (66.3795 , 6)  (55.0754 , 7)  (53.5767 , 1)  (48.9024 , 8)  (48.8159 , 5)  (47.8309 , 4)  (47.4708 , 9)  (44.0746 , 3)  
(92.0792 , 5)  (68.1525 , 3)  (65.9986 , 8)  (56.6443 , 9)  (56.3631 , 7)  (52.6445 , 4)  (43.5535 , 6)  (42.8409 , 1)  (37.807 , 2)  
(103.731 , 9)  (55.6646 , 6)  (55.4736 , 3)  (53.1033 , 2)  (48.6648 , 1)  (46.1093 , 5)  (45.705 , 4)  (45.2045 , 7)  (43.4442 , 8)  
(100.285 , 7)  (60.2812 , 9)  (59.4457 , 6)  (58.6205 , 3)  (57.6085 , 1)  (53.0603 , 5)  (46.9255 , 2)  (40.8552 , 8)  (37.8203 , 4)  
(97.4279 , 8)  (70.3831 , 9)  (61.9447 , 2)  (51.6296 , 6)  (49.5489 , 3)  (48.8025 , 4)  (48.2565 , 1)  (44.8625 , 5)  (44.3815 , 7)  
(92.8089 , 3)  (61.6302 , 2)  (60.6689 , 7)  (55.2689 , 9)  (51.668 , 8)  (50.9785 , 1)  (49.4902 , 6)  (47.8401 , 5)  (44.123 , 4)  
(92.7519 , 6)  (75.1169 , 9)  (55.7429 , 2)  (54.4983 , 4)  (48.2937 , 8)  (47.1246 , 1)  (42.7634 , 7)  (35.8655 , 3)  (35.6071 , 5)  
(90.6056 , 4)  (75.9321 , 7)  (74.3145 , 8)  (67.4147 , 1)  (48.9605 , 5)  (44.7945 , 6)  (44.212 , 2)  (43.8127 , 3)  (35.7001 , 9)  
(105.893 , 1)  (58.1785 , 7)  (52.1765 , 2)  (50.2712 , 9)  (49.9327 , 5)  (47.1781 , 6)  (44.9431 , 8)  (44.7867 , 3)  (42.7305 , 4)  
