 -------------------338------------
(93.437 , 9)  (63.4407 , 7)  (57.05 , 4)  (52.5352 , 5)  (52.3783 , 6)  (48.8362 , 1)  (48.3743 , 8)  (48.2421 , 2)  (47.3382 , 3)  
(104.883 , 8)  (56.2229 , 5)  (54.4767 , 4)  (53.5269 , 9)  (50.8301 , 1)  (47.8933 , 3)  (46.9943 , 6)  (45.5317 , 7)  (44.5117 , 2)  
(101.53 , 3)  (63.7693 , 6)  (55.4739 , 8)  (53.262 , 4)  (51.8147 , 7)  (50.1563 , 2)  (48.4688 , 1)  (48.0265 , 9)  (47.8625 , 5)  
(89.4611 , 4)  (69.1401 , 9)  (58.641 , 1)  (56.6112 , 6)  (54.4389 , 3)  (52.8243 , 2)  (50.0442 , 7)  (47.9286 , 5)  (36.876 , 8)  
(105.88 , 6)  (62.2928 , 4)  (53.5953 , 7)  (52.9352 , 9)  (52.1251 , 3)  (51.9471 , 5)  (46.8468 , 1)  (45.4332 , 2)  (44.2385 , 8)  
(102.859 , 1)  (55.0906 , 8)  (52.7942 , 3)  (52.6178 , 9)  (51.4997 , 7)  (50.0214 , 6)  (48.2941 , 5)  (47.3876 , 2)  (44.394 , 4)  
(102.48 , 7)  (60.9018 , 6)  (60.395 , 2)  (56.111 , 9)  (55.8858 , 1)  (48.8239 , 5)  (42.9106 , 3)  (39.242 , 4)  (38.4826 , 8)  
(104.535 , 5)  (61.8064 , 7)  (54.6548 , 2)  (48.7825 , 1)  (47.9998 , 6)  (47.1474 , 3)  (45.2424 , 9)  (42.6145 , 8)  (41.5731 , 4)  
(106.374 , 2)  (54.2414 , 8)  (54.1314 , 3)  (52.7014 , 1)  (51.2192 , 4)  (50.811 , 9)  (46.5533 , 6)  (45.8559 , 7)  (44.6676 , 5)  
