 -------------------891------------
(93.0234 , 6)  (63.2979 , 8)  (62.0307 , 1)  (61.745 , 2)  (59.2066 , 4)  (53.4453 , 7)  (46.6159 , 5)  (44.9133 , 3)  (41.4843 , 9)  
(93.7741 , 7)  (74.2345 , 2)  (53.0488 , 6)  (52.5336 , 1)  (49.8923 , 4)  (49.7156 , 8)  (49.6948 , 3)  (45.4935 , 5)  (41.2719 , 9)  
(86.3003 , 4)  (81.0708 , 6)  (60.5808 , 9)  (59.1116 , 7)  (56.322 , 1)  (51.179 , 5)  (49.3291 , 2)  (45.6815 , 8)  (39.3207 , 3)  
(98.9696 , 2)  (57.6966 , 6)  (55.4809 , 3)  (54.5768 , 1)  (53.8218 , 9)  (46.4175 , 8)  (45.6708 , 7)  (43.2716 , 4)  (39.7923 , 5)  
(100.945 , 9)  (62.1384 , 7)  (57.1181 , 6)  (54.683 , 1)  (53.7117 , 2)  (50.8444 , 3)  (45.5291 , 8)  (38.9657 , 5)  (37.093 , 4)  
(102.795 , 8)  (57.4886 , 1)  (56.37 , 3)  (54.2302 , 9)  (53.3739 , 2)  (50.5155 , 4)  (48.8499 , 7)  (47.8596 , 6)  (35.8709 , 5)  
(105.034 , 3)  (55.9927 , 5)  (54.9521 , 6)  (54.0643 , 9)  (53.0862 , 1)  (49.1784 , 7)  (45.6828 , 2)  (42.895 , 4)  (42.0492 , 8)  
(94.2821 , 5)  (65.0133 , 4)  (60.939 , 3)  (56.8347 , 6)  (53.0787 , 8)  (48.6134 , 2)  (45.8173 , 1)  (45.5583 , 7)  (38.8239 , 9)  
(104.86 , 1)  (55.077 , 4)  (54.2397 , 6)  (51.3608 , 2)  (49.9495 , 3)  (49.9125 , 5)  (49.3636 , 7)  (48.1349 , 8)  (43.8537 , 9)  
