 -------------------355------------
(94.672 , 9)  (63.6906 , 7)  (54.0307 , 4)  (52.8069 , 8)  (52.7082 , 2)  (52.286 , 5)  (48.6335 , 1)  (48.4193 , 6)  (44.1697 , 3)  
(105.245 , 8)  (53.2425 , 4)  (52.4091 , 5)  (50.6748 , 9)  (50.439 , 3)  (50.3058 , 6)  (48.0618 , 1)  (46.2816 , 7)  (42.5206 , 2)  
(99.2545 , 3)  (59.0129 , 6)  (58.4358 , 8)  (55.9262 , 4)  (55.4768 , 2)  (50.6401 , 9)  (48.3183 , 7)  (47.9753 , 5)  (47.9748 , 1)  
(91.4281 , 4)  (59.4878 , 9)  (59.3385 , 6)  (57.648 , 1)  (54.0505 , 2)  (52.5246 , 3)  (52.2017 , 7)  (47.8041 , 5)  (39.7523 , 8)  
(106.361 , 6)  (62.8831 , 4)  (55.6332 , 7)  (55.4104 , 5)  (50.9024 , 9)  (50.8371 , 1)  (47.6768 , 3)  (44.2257 , 2)  (43.3024 , 8)  
(101.39 , 1)  (56.3822 , 7)  (55.4895 , 9)  (54.0294 , 6)  (51.1236 , 5)  (50.388 , 8)  (48.436 , 2)  (46.6204 , 3)  (45.2161 , 4)  
(103.121 , 7)  (60.3623 , 6)  (59.2899 , 2)  (52.542 , 1)  (51.1301 , 3)  (46.9942 , 9)  (45.2357 , 5)  (41.6666 , 4)  (40.0643 , 8)  
(104.74 , 5)  (60.4605 , 7)  (56.7417 , 2)  (51.1364 , 3)  (47.9871 , 1)  (47.7896 , 6)  (47.5152 , 9)  (41.8658 , 4)  (37.6629 , 8)  
(105.907 , 2)  (56.6339 , 3)  (52.8853 , 1)  (51.8647 , 8)  (51.1905 , 9)  (51.16 , 4)  (47.1267 , 6)  (47.0278 , 7)  (44.0805 , 5)  
