 -------------------982------------
(85.8556 , 4)  (80.9356 , 6)  (66.2488 , 9)  (55.0274 , 7)  (54.5991 , 1)  (52.3251 , 5)  (44.7236 , 3)  (44.4611 , 2)  (44.14 , 8)  
(93.4643 , 8)  (69.6509 , 9)  (62.4305 , 2)  (58.9567 , 5)  (52.6494 , 7)  (50.1841 , 6)  (49.2935 , 4)  (41.9036 , 3)  (39.2323 , 1)  
(93.9178 , 5)  (76.5443 , 3)  (60.7381 , 6)  (56.715 , 9)  (50.0767 , 1)  (44.6788 , 7)  (43.5562 , 2)  (41.2757 , 8)  (40.5232 , 4)  
(108.082 , 2)  (54.9933 , 8)  (52.9975 , 9)  (51.9096 , 1)  (49.0902 , 7)  (48.2805 , 5)  (48.1399 , 4)  (46.694 , 6)  (45.8187 , 3)  
(92.9311 , 6)  (55.9131 , 5)  (55.5937 , 4)  (53.9588 , 7)  (51.8096 , 9)  (49.187 , 1)  (47.2229 , 3)  (44.8367 , 8)  (40.3827 , 2)  
(101.421 , 9)  (58.5541 , 7)  (57.5726 , 2)  (55.4245 , 6)  (53.0182 , 4)  (47.528 , 3)  (45.4983 , 5)  (41.7445 , 1)  (38.2648 , 8)  
(103.097 , 1)  (61.6531 , 7)  (60.2489 , 4)  (47.4437 , 2)  (47.0978 , 6)  (46.7849 , 5)  (46.4467 , 9)  (46.1929 , 3)  (44.6969 , 8)  
(107.136 , 7)  (55.8836 , 1)  (52.2471 , 6)  (51.015 , 5)  (50.888 , 4)  (49.034 , 3)  (48.3367 , 8)  (47.2851 , 2)  (45.7462 , 9)  
(104.126 , 3)  (60.7568 , 5)  (59.5604 , 2)  (49.5666 , 6)  (49.1911 , 4)  (47.628 , 7)  (46.9149 , 1)  (45.8684 , 9)  (39.5041 , 8)  
