 -------------------103------------
(95.275 , 4)  (75.5927 , 7)  (67.5245 , 5)  (59.0214 , 2)  (46.7314 , 3)  (45.8463 , 6)  (40.1008 , 9)  (38.3099 , 8)  (36.396 , 1)  
(92.173 , 8)  (63.2944 , 1)  (56.2703 , 2)  (54.8882 , 7)  (54.393 , 5)  (51.1678 , 4)  (46.2811 , 3)  (45.2134 , 6)  (43.6427 , 9)  
(104.104 , 2)  (66.0484 , 1)  (55.7275 , 3)  (53.0666 , 9)  (51.9772 , 8)  (49.5333 , 6)  (44.5385 , 5)  (43.7844 , 4)  (43.2088 , 7)  
(107.164 , 7)  (56.0909 , 6)  (52.6633 , 5)  (49.6535 , 3)  (48.508 , 1)  (48.4756 , 9)  (48.2067 , 2)  (47.6865 , 4)  (44.0243 , 8)  
(96.4819 , 3)  (60.4104 , 2)  (59.3595 , 6)  (55.9446 , 8)  (55.6757 , 9)  (53.7079 , 7)  (49.3378 , 5)  (47.2393 , 1)  (42.3584 , 4)  
(104.778 , 1)  (53.8793 , 7)  (53.1282 , 6)  (50.4778 , 9)  (49.9685 , 8)  (49.7713 , 3)  (49.75 , 5)  (45.1107 , 2)  (41.3147 , 4)  
(104.033 , 6)  (54.23 , 9)  (52.4359 , 7)  (50.2142 , 2)  (48.1728 , 5)  (47.5816 , 3)  (47.5446 , 1)  (46.3741 , 8)  (45.1807 , 4)  
(92.9191 , 9)  (61.3128 , 7)  (58.509 , 6)  (53.941 , 3)  (53.2097 , 8)  (51.595 , 2)  (45.7854 , 5)  (45.5592 , 1)  (40.311 , 4)  
(99.8024 , 5)  (57.9241 , 6)  (56.7136 , 2)  (53.7935 , 9)  (48.4045 , 7)  (47.7375 , 8)  (44.7751 , 1)  (43.4263 , 4)  (42.7984 , 3)  
