 -------------------254------------
(93.8457 , 1)  (79.543 , 7)  (64.6639 , 4)  (56.634 , 6)  (53.3205 , 2)  (48.4924 , 3)  (45.4168 , 5)  (36.2564 , 8)  (36.0664 , 9)  
(98.6064 , 4)  (69.1095 , 2)  (56.2009 , 7)  (56.1265 , 1)  (53.357 , 5)  (49.4994 , 3)  (48.9119 , 6)  (48.0934 , 9)  (39.1834 , 8)  
(98.7123 , 9)  (57.8622 , 4)  (57.3637 , 6)  (52.5309 , 7)  (50.7199 , 8)  (48.2489 , 1)  (47.9978 , 3)  (43.3117 , 5)  (42.0716 , 2)  
(90.9495 , 5)  (70.3495 , 9)  (59.0749 , 3)  (53.6723 , 1)  (52.4097 , 8)  (52.3376 , 6)  (45.7988 , 7)  (43.2783 , 4)  (41.9078 , 2)  
(107.536 , 3)  (52.7164 , 6)  (50.7314 , 2)  (49.94 , 1)  (48.7508 , 5)  (47.4467 , 9)  (46.8322 , 7)  (43.1367 , 4)  (40.4398 , 8)  
(103.82 , 8)  (64.7455 , 6)  (55.0436 , 9)  (53.9131 , 7)  (52.5183 , 1)  (47.5166 , 3)  (45.9361 , 2)  (44.462 , 4)  (38.8097 , 5)  
(89.191 , 7)  (69.5629 , 8)  (64.2301 , 2)  (60.2413 , 1)  (54.8259 , 3)  (50.2351 , 5)  (49.5519 , 6)  (43.1414 , 9)  (42.7365 , 4)  
(97.3559 , 2)  (76.3889 , 3)  (58.2455 , 9)  (56.0288 , 8)  (56.0217 , 6)  (47.778 , 4)  (45.282 , 1)  (42.2895 , 7)  (39.9098 , 5)  
(95.9273 , 6)  (72.513 , 2)  (61.1405 , 5)  (59.0807 , 8)  (50.2079 , 1)  (49.5469 , 7)  (48.7458 , 4)  (45.6487 , 3)  (38.2273 , 9)  
