 -------------------812------------
(101.005 , 8)  (58.6842 , 1)  (57.4537 , 6)  (55.8562 , 7)  (51.5967 , 9)  (48.2457 , 3)  (47.2577 , 2)  (41.8914 , 4)  (38.444 , 5)  
(102.177 , 1)  (63.3934 , 7)  (55.1015 , 2)  (53.0176 , 6)  (52.3903 , 5)  (49.276 , 9)  (46.4528 , 3)  (43.4033 , 4)  (42.6589 , 8)  
(94.5261 , 9)  (71.5784 , 7)  (65.7748 , 6)  (53.2817 , 1)  (52.6783 , 3)  (46.7909 , 8)  (45.6146 , 2)  (41.8045 , 5)  (39.4692 , 4)  
(99.9212 , 4)  (61.8886 , 7)  (53.3692 , 9)  (53.2519 , 1)  (52.9092 , 3)  (52.6524 , 6)  (52.593 , 2)  (48.0081 , 5)  (35.9358 , 8)  
(89.5088 , 3)  (67.3993 , 9)  (63.205 , 7)  (62.7148 , 1)  (56.4599 , 6)  (52.312 , 2)  (45.8243 , 4)  (44.4887 , 5)  (36.2628 , 8)  
(79.4612 , 7)  (79.292 , 1)  (64.3427 , 9)  (55.4647 , 2)  (55.0953 , 5)  (51.7366 , 4)  (51.2806 , 6)  (45.4571 , 3)  (41.0689 , 8)  
(80.3613 , 2)  (72.5456 , 8)  (62.8421 , 1)  (61.6776 , 3)  (50.0762 , 6)  (48.2003 , 5)  (46.6526 , 9)  (43.6245 , 7)  (42.2691 , 4)  
(96.95 , 5)  (77.6263 , 3)  (59.4414 , 7)  (56.6044 , 6)  (54.4412 , 2)  (51.7504 , 4)  (46.2991 , 9)  (42.3689 , 1)  (33.0017 , 8)  
(98.4975 , 6)  (70.819 , 5)  (60.4436 , 8)  (52.9707 , 4)  (51.1465 , 1)  (49.548 , 7)  (48.6251 , 3)  (46.2729 , 2)  (40.8536 , 9)  
