 -------------------556------------
(103.758 , 4)  (60.0408 , 6)  (57.2039 , 1)  (54.2883 , 7)  (51.5314 , 2)  (50.7178 , 9)  (48.8186 , 5)  (38.743 , 8)  (38.4638 , 3)  
(99.2477 , 7)  (76.7534 , 9)  (63.8992 , 2)  (59.5718 , 6)  (57.7457 , 1)  (49.0062 , 4)  (46.6949 , 5)  (36.7963 , 3)  (30.8626 , 8)  
(90.1866 , 2)  (75.2204 , 1)  (56.6185 , 5)  (54.8 , 7)  (49.9607 , 9)  (46.8235 , 6)  (46.3265 , 4)  (44.6665 , 3)  (42.1979 , 8)  
(104.053 , 1)  (55.1213 , 4)  (53.7312 , 6)  (52.299 , 2)  (50.4409 , 3)  (49.9095 , 7)  (49.6628 , 8)  (49.6169 , 5)  (46.848 , 9)  
(105.397 , 3)  (58.1863 , 2)  (55.8418 , 7)  (52.2279 , 6)  (51.9563 , 1)  (51.8199 , 9)  (49.5225 , 4)  (44.2157 , 5)  (33.7941 , 8)  
(100.43 , 6)  (63.4718 , 4)  (61.4798 , 1)  (57.6675 , 3)  (53.8932 , 2)  (45.9191 , 7)  (43.7927 , 9)  (42.5024 , 5)  (40.3461 , 8)  
(93.7067 , 8)  (70.9288 , 4)  (57.9465 , 7)  (56.8492 , 9)  (52.2054 , 1)  (49.9494 , 3)  (45.3613 , 5)  (44.6096 , 6)  (41.6812 , 2)  
(75.489 , 9)  (68.6015 , 8)  (63.5721 , 7)  (58.5217 , 1)  (53.5877 , 6)  (51.9212 , 4)  (46.5791 , 3)  (45.0519 , 2)  (41.1115 , 5)  
(91.2429 , 5)  (67.0798 , 3)  (62.051 , 9)  (54.7214 , 6)  (53.5312 , 1)  (52.2198 , 8)  (49.014 , 7)  (48.7771 , 4)  (44.6398 , 2)  
