 -------------------322------------
(86.6759 , 5)  (64.0129 , 7)  (61.6377 , 3)  (60.7164 , 9)  (57.3988 , 8)  (56.477 , 6)  (47.5479 , 4)  (47.5109 , 1)  (46.849 , 2)  
(99.0117 , 4)  (60.9935 , 7)  (60.5665 , 2)  (58.9806 , 6)  (52.8789 , 8)  (50.3601 , 5)  (43.7101 , 1)  (38.9981 , 9)  (36.3119 , 3)  
(93.4469 , 1)  (61.4333 , 2)  (60.5298 , 5)  (56.9895 , 6)  (56.7346 , 8)  (53.8867 , 4)  (45.6226 , 7)  (44.4451 , 3)  (34.8895 , 9)  
(103.742 , 3)  (60.6639 , 2)  (55.8745 , 7)  (55.1994 , 1)  (51.5622 , 6)  (51.3115 , 5)  (48.6092 , 9)  (45.9279 , 4)  (39.9201 , 8)  
(93.0747 , 6)  (73.4193 , 1)  (63.6802 , 2)  (52.4167 , 9)  (51.7775 , 8)  (48.9802 , 3)  (46.4581 , 7)  (45.2168 , 4)  (44.7104 , 5)  
(97.2518 , 2)  (63.094 , 7)  (61.6259 , 9)  (56.6853 , 5)  (55.19 , 8)  (52.9279 , 1)  (51.2964 , 6)  (40.7022 , 4)  (26.2942 , 3)  
(85.7461 , 9)  (73.7759 , 7)  (60.4551 , 6)  (56.6333 , 1)  (55.6218 , 4)  (55.4247 , 3)  (49.1037 , 5)  (45.0742 , 8)  (44.6838 , 2)  
(101.046 , 8)  (61.0188 , 9)  (55.2023 , 1)  (53.4921 , 7)  (50.2165 , 4)  (49.795 , 3)  (49.6751 , 6)  (46.2391 , 5)  (45.6758 , 2)  
(106.447 , 7)  (53.3984 , 6)  (51.74 , 9)  (50.6008 , 1)  (50.2063 , 3)  (49.5788 , 8)  (48.8868 , 2)  (47.3237 , 5)  (45.676 , 4)  
