 -------------------205------------
(102.951 , 3)  (61.8003 , 5)  (58.285 , 4)  (54.0522 , 2)  (53.7103 , 1)  (48.392 , 9)  (47.4784 , 6)  (44.3901 , 8)  (43.4237 , 7)  
(102.521 , 8)  (58.3354 , 9)  (54.4807 , 3)  (50.146 , 6)  (49.9102 , 4)  (48.4921 , 2)  (46.5876 , 1)  (45.6432 , 7)  (44.7529 , 5)  
(88.8227 , 1)  (60.6897 , 4)  (58.7947 , 2)  (55.3044 , 7)  (52.579 , 3)  (50.2049 , 9)  (49.5506 , 5)  (49.5079 , 8)  (47.014 , 6)  
(101.334 , 4)  (68.9703 , 6)  (62.2263 , 7)  (54.4623 , 1)  (52.3591 , 9)  (49.8046 , 3)  (48.5635 , 8)  (40.931 , 2)  (39.9729 , 5)  
(107.244 , 7)  (55.0427 , 6)  (53.2175 , 1)  (52.5456 , 9)  (50.6156 , 3)  (48.392 , 4)  (47.8161 , 2)  (43.4425 , 8)  (41.8419 , 5)  
(98.7084 , 9)  (56.0757 , 7)  (53.3139 , 4)  (52.2931 , 3)  (51.9055 , 2)  (50.9873 , 6)  (50.7192 , 1)  (46.9423 , 5)  (41.1548 , 8)  
(104.239 , 6)  (54.325 , 5)  (53.3185 , 4)  (53.2439 , 1)  (51.4322 , 9)  (48.7991 , 7)  (47.6628 , 3)  (44.8015 , 2)  (41.7227 , 8)  
(107.933 , 2)  (60.3788 , 1)  (58.0899 , 9)  (54.9476 , 6)  (49.3745 , 8)  (47.4139 , 7)  (46.5052 , 3)  (39.5584 , 5)  (33.2339 , 4)  
(99.2365 , 5)  (65.8469 , 3)  (59.1506 , 9)  (56.2757 , 6)  (55.3616 , 1)  (48.2678 , 7)  (41.7921 , 2)  (39.8149 , 4)  (38.0951 , 8)  
