 -------------------354------------
(94.855 , 9)  (62.5358 , 4)  (62.0164 , 7)  (51.4471 , 5)  (50.8057 , 2)  (49.5714 , 6)  (48.6108 , 3)  (48.5611 , 8)  (42.994 , 1)  
(105.673 , 8)  (53.101 , 5)  (52.0335 , 4)  (51.9603 , 3)  (51.0125 , 9)  (49.2939 , 6)  (48.8475 , 1)  (44.7538 , 7)  (43.9171 , 2)  
(102.524 , 3)  (60.064 , 6)  (54.935 , 4)  (54.2907 , 8)  (52.7356 , 7)  (51.4882 , 2)  (48.4743 , 1)  (47.1431 , 9)  (46.3561 , 5)  
(91.9463 , 4)  (58.9645 , 9)  (58.5317 , 1)  (58.4917 , 6)  (55.8038 , 2)  (53.3109 , 3)  (50.3078 , 7)  (47.6658 , 5)  (39.3015 , 8)  
(105.95 , 6)  (59.9132 , 4)  (56.7172 , 9)  (54.8638 , 5)  (52.3795 , 7)  (50.3255 , 2)  (49.0963 , 1)  (46.3795 , 3)  (43.588 , 8)  
(100.074 , 1)  (57.8755 , 7)  (56.387 , 3)  (54.8474 , 9)  (52.3912 , 8)  (50.0974 , 5)  (49.641 , 6)  (45.8834 , 2)  (43.03 , 4)  
(103.409 , 7)  (59.8699 , 6)  (56.3357 , 2)  (53.21 , 1)  (50.9685 , 9)  (47.5779 , 5)  (46.5473 , 3)  (41.0896 , 4)  (39.5487 , 8)  
(107.197 , 5)  (57.1511 , 2)  (56.0259 , 7)  (51.8137 , 4)  (49.7623 , 3)  (47.6954 , 1)  (42.0037 , 9)  (40.558 , 6)  (37.4162 , 8)  
(105.495 , 2)  (56.4461 , 3)  (55.9555 , 1)  (53.3682 , 8)  (51.0428 , 9)  (49.3626 , 4)  (46.7933 , 6)  (46.6104 , 7)  (42.6281 , 5)  
